haloID,subHaloID,lastProgenitorId,treeId,snapNum,redshift,firstProgenitorId,nextProgenitorId,descendantId,firstHaloInFOFgroupId,nextHaloInFOFgroupId,np,m_Mean200,m_Crit200,m_TopHat,phKey,x,y,z,zIndex,ix,iy,iz,velX,velY,velZ,velDisp,vMax,spinX,spinY,spinZ,mostBoundID,fileNr,subhaloIndex,halfmassRadius,random
6000051000000,63000600000265,6000051000310,6000051000000,63,0.0,6000051000001,-1,-1,6000051000000,6000051000377,4711,470.77924,344.52087,411.30783,28048,6.0488963,60.48779,58.0394,224494,0,6,6,-304.5518,-164.46725,-50.327023,151.39795,263.22134,3.0290236,-4.0562096,-6.4014816,19560458,6,265,0.13181107,675
6000051000001,62000600000268,6000051000310,6000051000000,62,0.019932542,6000051000002,-1,6000051000000,6000051000001,6000051000312,4603,463.1194,343.83237,409.58652,28048,6.1072373,60.524616,58.04523,224494,0,6,6,-300.30438,-160.32582,-51.349163,148.66284,263.39685,2.9808197,-3.8106644,-6.1823945,19560458,6,268,0.13427177,833
6000051000002,61000600000262,6000051000310,6000051000000,61,0.041403063,6000051000003,-1,6000051000001,6000051000002,6000051000313,4653,458.21362,341.42252,409.50046,28049,6.158949,60.5602,58.050793,224508,0,6,6,-302.24228,-159.55838,-53.555515,148.72937,260.16162,3.264266,-4.0709515,-6.839788,19560458,6,262,0.13816416,578
6000051000003,60000600000194,6000051000310,6000051000000,60,0.064493395,6000051000004,-1,6000051000002,6000051000003,6000051000314,4580,454.94315,337.72168,404.50867,28049,6.2196755,60.594738,58.061188,224508,0,6,6,-302.4182,-153.7306,-57.262123,147.70326,260.26923,2.7226086,-3.8997602,-6.6041493,19560458,6,194,0.13641135,968
6000051000004,59000600000250,6000051000282,6000051000000,59,0.08928783,6000051000005,6000051000283,6000051000003,6000051000004,6000051000315,4658,451.58658,312.67657,401.1521,28049,6.284806,60.628426,58.074795,224508,0,6,6,-306.56766,-156.74756,-58.820686,147.32513,259.95364,2.317207,-3.8886166,-6.761757,19559725,6,250,0.13894212,973
6000051000005,58000600000258,6000051000277,6000051000000,58,0.11588337,6000051000006,6000051000278,6000051000004,6000051000005,6000051000316,4473,449.34888,305.361,394.0947,28049,6.354261,60.662273,58.091915,224508,0,6,6,-305.41296,-146.8016,-65.81235,147.95773,259.58502,1.8444117,-3.663322,-6.1745253,19559817,6,258,0.13334885,339
6000051000006,57000600000265,6000051000277,6000051000000,57,0.14438343,6000051000007,-1,6000051000005,6000051000006,6000051000317,4661,444.61526,305.53314,380.23813,28049,6.430445,60.698154,58.11208,224508,0,6,6,-313.5723,-148.88353,-66.82768,146.47638,256.50882,2.4979515,-3.9977818,-6.013158,19559725,6,265,0.14007951,588
6000051000007,56000600000269,6000051000277,6000051000000,56,0.17489761,6000051000008,-1,6000051000006,6000051000007,6000051000318,4689,428.2628,304.93066,380.49634,28049,6.5128975,60.72554,58.128563,224508,0,6,6,-317.32205,-148.35597,-70.81133,146.79298,254.56718,2.0968325,-3.8081942,-6.9204383,19538015,6,269,0.1440332,217
6000051000008,55000600000222,6000051000277,6000051000000,55,0.20754863,6000051000009,-1,6000051000007,6000051000008,6000051000385,4476,420.60294,305.1028,378.00043,28049,6.5963235,60.762726,58.156254,224508,0,6,6,-322.21762,-145.76532,-72.565056,147.97682,257.05237,2.4487302,-3.798412,-6.1950107,19538015,6,222,0.13834023,566
6000051000009,54000600000263,6000051000277,6000051000000,54,0.24246909,6000051000010,-1,6000051000008,6000051000009,6000051000320,4346,417.76276,309.75034,377.48404,28049,6.6979027,60.803394,58.18362,224508,0,6,6,-328.0637,-148.2901,-70.886215,151.93658,260.55563,2.385021,-3.8814118,-6.9215918,19560385,6,263,0.12991743,884
6000051000010,53000600000218,6000051000277,6000051000000,53,0.2798018,6000051000011,-1,6000051000009,6000051000010,6000051000429,4195,412.77097,324.29544,378.00043,28049,6.8083177,60.837463,58.220894,224508,0,6,6,-330.72006,-145.93948,-72.38722,155.6998,263.57443,1.5435083,-3.5690143,-6.2984834,19560385,6,218,0.12038171,318
6000051000011,52000600000204,6000051000260,6000051000000,52,0.31970343,6000051000012,6000051000261,6000051000010,6000051000011,6000051000388,4370,408.55374,316.54953,372.49222,28049,6.933601,60.876637,58.257454,224509,0,6,6,-336.57193,-155.79811,-67.69291,156.58357,266.2713,1.8536154,-3.7694802,-6.5903454,19559889,6,204,0.123824105,724
6000051000012,51000600000205,6000051000260,6000051000000,51,0.36234027,6000051000013,-1,6000051000011,6000051000012,6000051000323,4205,407.52097,312.07413,371.97583,28049,7.0771084,60.92959,58.289825,224509,0,6,6,-338.004,-155.97832,-72.53522,155.71048,260.8545,1.021379,-4.6649265,-5.7345214,19560108,6,205,0.12147266,967
6000051000013,50000600000207,6000051000260,6000051000000,50,0.40789944,6000051000014,-1,6000051000012,6000051000013,6000051000324,3911,402.6152,302.00443,362.7668,28049,7.236664,60.9981,58.32044,224509,0,6,6,-338.93417,-168.94264,-62.661823,152.53503,254.86972,1.543204,-3.6740248,-5.3717933,19559867,6,207,0.114679456,532
6000051000014,49000600000214,6000051000260,6000051000000,49,0.45657724,6000051000015,-1,6000051000013,6000051000014,6000051000325,3983,390.566,268.0085,353.2996,28049,7.3886876,61.081154,58.345985,224509,0,6,6,-334.92563,-178.58957,-56.456165,152.77391,260.73587,1.0498722,-2.7338314,-5.070759,19560111,6,214,0.11839464,452
6000051000015,48000600000198,6000051000231,6000051000000,48,0.5085914,6000051000016,6000051000232,6000051000014,6000051000015,6000051000326,3900,369.65207,256.9921,328.4266,28049,7.5250673,61.16521,58.35798,224509,0,6,6,-330.3843,-188.05779,-49.73228,151.82599,260.3897,1.6315364,-2.0256617,-4.292764,19560111,6,198,0.118441924,759
6000051000016,47000600000189,6000051000231,6000051000000,47,0.5641766,6000051000017,-1,6000051000015,6000051000016,6000051000327,3861,342.36923,256.7339,312.93478,28049,7.66348,61.250454,58.386093,224509,0,6,6,-316.04495,-191.04997,-42.61352,151.69919,254.81079,1.9253451,-1.4038963,-4.186268,19559042,6,189,0.12032798,242
6000051000017,46000600000187,6000051000224,6000051000000,46,0.6235901,6000051000018,6000051000225,6000051000016,6000051000017,6000051000328,3795,334.88153,252.60274,313.3651,28049,7.778865,61.326984,58.394592,224509,0,6,6,-307.40216,-188.40912,-48.629524,150.68529,247.97572,1.5905651,-1.5707717,-4.1429396,19560723,6,187,0.118627355,811
6000051000018,45000600000184,6000051000224,6000051000000,45,0.6871088,6000051000019,-1,6000051000017,6000051000018,6000051000329,3667,308.54544,249.84865,289.7831,28014,7.9395294,61.432007,58.424927,224948,0,6,6,-300.05087,-189.10957,-49.20725,154.4222,253.47835,1.524683,-1.4759842,-3.8441076,19538015,6,184,0.10826802,827
6000051000019,44000600000203,6000051000218,6000051000000,44,0.75503564,6000051000020,6000051000219,6000051000018,6000051000019,6000051000330,3397,298.0454,251.91422,289.43884,28014,8.071002,61.51219,58.44111,224948,0,6,6,-288.5182,-191.34697,-51.733856,160.48213,262.57996,1.7116454,-1.350033,-3.0378902,19560712,6,203,0.095287316,562
6000051000020,43000600000246,6000051000217,6000051000000,43,0.8276991,6000051000021,6000051000218,6000051000019,6000051000020,6000051000237,3192,292.1069,259.7462,284.96344,28014,8.233921,61.61121,58.473965,224950,0,6,6,-278.82678,-191.85297,-51.52723,161.93132,261.73843,1.7774104,-0.8961747,-1.8249079,19561011,6,246,0.08920945,736
6000051000021,42000600000215,6000051000198,6000051000000,42,0.9054624,6000051000022,6000051000199,6000051000020,6000051000021,6000051000238,3092,281.5208,252.34454,275.238,28014,8.362387,61.67922,58.49897,224950,0,6,6,-283.00427,-190.37961,-53.5872,166.57973,263.5701,1.8207214,-1.1139874,-1.601358,19559820,6,215,0.08332684,172
6000051000022,41000600000167,6000051000194,6000051000000,41,0.98870814,6000051000023,6000051000195,6000051000021,6000051000022,6000051000239,2944,261.38144,230.74207,257.33636,28014,8.52612,61.767246,58.519936,224950,0,6,6,-269.71426,-188.55652,-54.095882,164.30357,262.1209,2.212922,-1.3305666,-2.3382823,19559820,6,167,0.080533944,20
6000051000023,40000600000184,6000051000187,6000051000000,40,1.0778745,6000051000024,6000051000188,6000051000022,6000051000023,6000051000240,2888,253.54947,222.99615,251.48389,28014,8.666405,61.867348,58.553185,224950,0,6,6,-257.54352,-187.66309,-58.21362,156.74635,249.66159,2.528308,-1.0356411,-2.9919603,19559603,6,184,0.08645565,645
6000051000024,39000600000152,6000051000187,6000051000000,39,1.173417,6000051000025,-1,6000051000023,6000051000024,6000051000241,2748,231.34453,203.20105,229.88141,28014,8.792531,62.024765,58.578724,224951,0,6,6,-247.56802,-184.16757,-60.202225,156.23273,248.09152,2.8538308,-0.82830375,-2.9875963,19560458,6,152,0.08569399,36
6000051000025,38000600000154,6000051000152,6000051000000,38,1.2758462,6000051000026,6000051000153,6000051000024,6000051000025,6000051000153,2539,215.8527,192.01251,215.8527,28017,8.90728,62.111633,58.612812,225171,0,6,6,-244.33818,-177.17842,-66.285965,165.32433,255.89243,3.48637,-1.1036912,-4.1818595,19560104,6,154,0.07290587,822
6000051000026,37000600000138,6000051000135,6000051000000,37,1.3857181,6000051000027,6000051000136,6000051000025,6000051000026,6000051000144,2437,208.45105,194.0781,209.56992,28017,9.019873,62.16824,58.63979,225171,1,6,6,-239.74623,-170.827,-62.36277,169.29326,265.8544,2.9250634,-1.148325,-3.8827057,19560749,6,138,0.064421184,725
6000051000027,36000600000141,6000051000100,6000051000000,36,1.5036365,6000051000028,6000051000101,6000051000026,6000051000027,6000051000137,2188,192.78711,182.0289,194.68054,28017,9.13191,62.206577,58.678005,225171,1,6,6,-234.75885,-166.22241,-61.433823,169.2022,259.67386,2.5350442,-0.99251276,-3.4754927,19560749,6,141,0.0604702,963
6000051000028,35000600000125,6000051000099,6000051000000,35,1.6302707,6000051000029,6000051000100,6000051000027,6000051000028,6000051000116,2028,179.61905,167.31166,181.42644,28017,9.262937,62.318295,58.74725,225171,1,6,6,-249.39708,-142.6818,-79.38955,153.86192,244.75525,2.174572,-0.55237657,-2.2239666,19560749,6,125,0.06513206,469
6000051000029,34000600000107,6000051000085,6000051000000,34,1.766336,6000051000030,6000051000086,6000051000028,6000051000029,6000051000156,1820,150.35672,142.35262,153.97148,28017,9.398477,62.3882,58.812836,225171,1,6,6,-257.10248,-138.50404,-78.324104,152.48027,238.02867,2.6088252,-0.3913353,-1.5513197,19560101,6,107,0.06386815,505
6000051000030,33000600000116,6000051000083,6000051000000,33,1.9126327,6000051000031,6000051000084,6000051000029,6000051000030,6000051000157,1618,135.3813,130.64769,137.27475,28017,9.56095,62.45923,58.85861,225171,1,6,6,-250.53723,-150.19849,-71.24374,161.59767,245.27243,1.7344149,-0.37592405,-1.2936984,19559819,6,116,0.05248703,419
6000051000031,32000600000113,6000051000078,6000051000000,32,2.0700274,6000051000032,6000051000079,6000051000030,6000051000031,6000051000087,1269,115.5862,112.48783,118.85669,28017,9.733908,62.461758,58.885,225171,1,6,6,-260.39706,-122.43636,-87.24252,153.82304,236.1054,1.4749808,-0.004479703,-0.8539185,19559882,6,113,0.043617245,145
6000051000032,31000600000104,6000051000078,6000051000000,31,2.2394855,6000051000033,-1,6000051000031,6000051000032,6000051000088,1149,86.15173,83.053375,88.81977,32557,9.917712,0.001544066,58.918606,150280,1,0,6,-249.21892,-123.763664,-85.06003,139.78171,215.95244,1.086901,-0.07697267,-0.7827184,19559054,6,104,0.04632367,984
6000051000033,30000600000103,6000051000072,6000051000000,30,2.422044,6000051000034,6000051000073,6000051000032,6000051000033,6000051000089,907,69.368935,66.786964,71.262375,32557,10.055173,0.13559468,58.958923,150280,1,0,6,-257.47696,-125.0866,-93.92805,129.99406,209.92624,0.5498194,-0.10936086,-0.19655637,19559887,6,103,0.040134378,987
6000051000034,29000600000099,6000051000072,6000051000000,29,2.6188614,6000051000035,-1,6000051000033,6000051000034,6000051000090,770,59.04105,58.52466,59.815643,32557,10.189137,0.21100606,59.008896,150280,1,0,6,-251.2158,-128.35008,-97.136154,145.54826,231.57211,0.2579084,-0.071802415,-0.018435687,19559876,6,99,0.02686636,751
6000051000035,28000600000140,6000051000068,6000051000000,28,2.8311827,6000051000036,6000051000069,6000051000034,6000051000035,-1,586,50.34842,49.401695,52.155796,32557,10.330097,0.23228149,59.0915,150280,1,0,6,-231.1624,-137.27821,-106.127716,134.66159,207.6927,0.34683338,0.2580301,0.043089822,19559892,6,140,0.02599482,194
6000051000036,27000700000123,6000051000051,6000051000000,27,3.060419,6000051000037,6000051000052,6000051000035,6000051000036,6000051000052,421,26.336096,25.217241,27.196753,32557,10.458404,0.291155,59.214382,150280,1,0,6,-220.86209,-131.81253,-141.54062,102.79916,163.64896,0.60832477,0.41064453,0.041929882,19559600,7,123,0.029437894,834
6000051000037,26000700000115,6000051000051,6000051000000,26,3.3080978,6000051000038,-1,6000051000036,6000051000037,6000051000053,168,15.147558,14.975427,16.09428,32557,10.563018,0.32366756,59.32172,150280,1,0,6,-198.68675,-108.74662,-162.48933,90.66089,150.68475,0.09080889,0.017453121,-5.9351086E-4,19560111,7,115,0.014233487,520
6000051000038,25000700000207,6000051000051,6000051000000,25,3.575905,6000051000039,-1,6000051000037,6000051000038,-1,231,18.762316,18.762316,19.622972,32557,10.680492,0.39074418,59.407608,150280,1,0,6,-200.24799,-114.552605,-152.09888,100.08526,161.45024,0.20651717,0.1025369,-0.034092795,19559887,7,207,0.017888665,559
6000051000039,24000700000170,6000051000051,6000051000000,24,3.8656828,6000051000040,-1,6000051000038,6000051000039,-1,220,18.67625,18.590185,18.934448,32557,10.803734,0.46242997,59.473286,150281,1,0,6,-199.8827,-110.34888,-147.70819,104.329796,170.68553,0.15058807,0.13878271,0.0025480448,19559887,7,170,0.014726972,84
6000051000040,23000700000166,6000051000051,6000051000000,23,4.1794686,6000051000041,-1,6000051000039,6000051000040,-1,198,16.696741,16.438543,16.868872,32557,10.919512,0.52030367,59.525932,150281,1,0,6,-190.30136,-109.26985,-142.42545,107.1003,166.74696,0.2178478,0.21126023,-0.16454321,19559885,7,166,0.014771901,66
6000051000041,22000700000141,6000051000051,6000051000000,22,4.5195556,6000051000042,-1,6000051000040,6000051000041,-1,183,12.995916,12.909851,13.426245,32557,11.023348,0.59611094,59.64959,150285,1,0,6,-187.3998,-106.18639,-133.63387,100.01896,160.88797,0.112318724,0.13158253,-0.18903494,19559885,7,141,0.014079959,295
6000051000042,21000700000154,6000051000051,6000051000000,21,4.888449,6000051000043,-1,6000051000041,6000051000042,-1,138,9.639355,9.639355,9.725421,32557,11.139274,0.64367473,59.71609,150285,1,0,6,-190.85736,-108.89638,-125.9875,88.45886,146.40761,0.1505935,0.033193108,-0.012002684,19559885,7,154,0.012425157,405
6000051000043,20000700000179,6000051000049,6000051000000,20,5.2888336,6000051000044,6000051000050,6000051000042,6000051000043,-1,98,7.831976,7.831976,8.004107,32557,11.2444725,0.7148312,59.77154,150285,1,0,6,-193.00713,-121.01187,-135.85521,96.9745,152.52878,0.037555456,0.08639181,0.010259113,19559812,7,179,0.008346324,442
6000051000044,19000700000158,6000051000049,6000051000000,19,5.7238646,6000051000045,-1,6000051000043,6000051000044,-1,84,7.1434507,6.971319,7.3155823,32557,11.34706,0.783152,59.840214,150285,1,0,6,-187.62132,-119.179794,-117.20377,84.200066,141.01103,0.007679717,-0.07402277,0.105035506,19560095,7,158,0.009565671,474
6000051000045,18000700000115,6000051000049,6000051000000,18,6.1968336,6000051000046,-1,6000051000044,6000051000045,-1,78,3.098364,3.098364,3.18443,32557,11.3795395,0.7740423,59.851536,150285,1,0,6,-175.07185,-111.14675,-108.14189,73.80751,114.454994,0.062385183,-0.11076087,0.08575895,19559885,7,115,0.013908422,962
6000051000046,17000700000307,6000051000047,6000051000000,17,6.7115865,6000051000047,6000051000048,6000051000045,6000051000046,-1,33,2.065576,2.065576,2.1516418,32557,11.609103,0.955952,60.02866,150285,1,0,6,-213.49126,-135.75264,-139.77838,57.1687,100.40306,0.0020940283,-0.02350326,0.015338658,19559048,7,307,0.007579891,325
6000051000047,16000700000232,6000051000047,6000051000000,16,7.272188,-1,-1,6000051000046,6000051000047,-1,29,0.9467224,0.9467224,1.1188537,32557,11.6482,0.9916262,60.02507,150287,1,0,6,-199.69395,-127.15111,-130.27727,51.54086,79.54751,-0.005341362,-0.021363085,-0.0016532283,19559602,7,232,0.011820555,608
6000051000048,17000700000290,6000051000049,6000051000000,17,6.7115865,6000051000049,-1,6000051000045,6000051000048,-1,34,2.3237731,2.3237731,2.4959044,32557,11.463538,0.8365295,59.88493,150285,1,0,6,-147.0762,-92.34042,-76.72328,64.32343,111.274666,0.027492397,-0.07407271,0.064817004,19560106,7,290,0.005464551,40
6000051000049,16000700000307,6000051000049,6000051000000,16,7.272188,-1,-1,6000051000048,6000051000049,-1,25,1.7213135,1.7213135,1.7213135,32557,11.544925,0.9024326,59.899036,150285,1,0,6,-150.96568,-87.69389,-71.551865,62.27716,107.045525,-0.016321668,-0.09177962,0.034719322,19559885,7,307,0.005785186,95
6000051000050,20000700001118,6000051000051,6000051000000,20,5.2888336,6000051000051,-1,6000051000042,6000051000050,-1,22,1.2909851,1.2909851,1.4631164,32557,11.133079,0.533727,59.702705,150285,1,0,6,-139.60353,-21.292414,-107.93823,43.085415,76.05508,0.114408046,-0.022518868,-0.01618145,19559697,7,1118,0.008920842,275
6000051000051,19000700001025,6000051000051,6000051000000,19,5.7238646,-1,-1,6000051000050,6000051000051,-1,21,1.549182,1.549182,1.549182,32557,11.198318,0.55610746,59.78121,150285,1,0,6,-145.97075,-25.516129,-105.75863,56.937237,87.3077,0.14215833,-0.023172347,-0.018064743,19559997,7,1025,0.005462532,565
6000051000052,27000700000124,6000051000065,6000051000000,27,3.060419,6000051000053,6000051000066,6000051000035,6000051000036,-1,69,0.0,0.0,0.0,32557,10.462311,0.44863448,59.069557,150280,1,0,6,-235.36632,-192.42068,33.24786,71.471565,117.93698,0.20611314,-0.044012573,-0.08029582,19559873,7,124,0.010497233,224
6000051000053,26000700000114,6000051000065,6000051000000,26,3.3080978,6000051000054,-1,6000051000052,6000051000037,-1,259,0.0,0.0,0.0,32557,10.576637,0.5458808,59.055458,150280,1,0,6,-224.92072,-150.88632,-29.031105,90.60825,143.87396,0.8042962,0.16976324,-0.12194425,19560391,7,114,0.024499329,883
6000051000054,25000700000241,6000051000065,6000051000000,25,3.575905,6000051000055,-1,6000051000053,6000051000054,-1,192,12.909851,12.823785,13.426245,32557,10.715038,0.61028403,59.06622,150280,1,0,6,-217.52158,-140.47746,-18.657253,89.03305,143.28296,0.7418489,0.13905212,-0.16843572,19560405,7,241,0.018456817,316
6000051000055,24000700000202,6000051000061,6000051000000,24,3.8656828,6000051000056,6000051000062,6000051000054,6000051000055,6000051000062,146,8.9508295,8.864764,10.069683,32557,10.820312,0.69481397,59.06181,150281,1,0,6,-214.89183,-116.11665,-7.991883,81.38677,129.17221,0.0011300895,-0.017097427,-0.253335,19560770,7,202,0.016712513,773
6000051000056,23000700000399,6000051000061,6000051000000,23,4.1794686,6000051000057,-1,6000051000055,6000051000056,-1,94,6.196728,6.1106625,6.36886,32557,10.928078,0.7624019,59.046024,150281,1,0,6,-193.49881,-111.915504,-18.016275,71.82653,116.82536,0.048057463,-0.006796034,-0.16949908,19560417,7,399,0.013691142,451
6000051000057,22000700000462,6000051000061,6000051000000,22,4.5195556,6000051000058,-1,6000051000056,6000051000057,-1,71,4.0450864,4.0450864,4.217218,32557,11.011702,0.82269824,59.04238,150281,1,0,6,-194.21284,-120.14259,-21.874071,60.8814,101.95008,0.115113445,0.016153483,-0.034573026,19560414,7,462,0.01404855,533
6000051000058,21000700000896,6000051000061,6000051000000,21,4.888449,6000051000059,-1,6000051000057,6000051000058,-1,34,2.5819702,2.5819702,2.840167,32557,11.118796,0.9020323,59.023777,150281,1,0,6,-184.41565,-109.88477,-13.851904,54.59609,92.9308,0.12022164,-0.06365526,-0.043510236,19560414,7,896,0.009169833,734
6000051000059,20000700000855,6000051000061,6000051000000,20,5.2888336,6000051000060,-1,6000051000058,6000051000059,-1,31,2.4959044,2.4959044,2.4959044,32557,11.192603,0.96153706,59.04625,150281,1,0,6,-169.6679,-105.44252,-21.381409,60.281784,96.18209,0.12990087,-0.04129085,-0.004945927,19560418,7,855,0.007507742,69
6000051000060,19000700000825,6000051000061,6000051000000,19,5.7238646,6000051000061,-1,6000051000059,6000051000060,-1,26,2.065576,1.9795104,2.065576,32557,11.305518,1.0038989,59.06125,150283,1,0,6,-175.84064,-107.26223,-18.62608,55.985928,94.6676,0.19656786,0.038993344,-0.070265,19560417,7,825,0.007008702,438
6000051000061,18000700000632,6000051000061,6000051000000,18,6.1968336,-1,-1,6000051000060,6000051000061,-1,26,1.032788,1.032788,1.032788,32557,11.381387,1.0415336,59.00943,150283,1,0,6,-166.20201,-100.054855,-20.633614,49.361168,78.38139,0.18519887,0.04528347,-0.066160105,19560174,7,632,0.011496789,280
6000051000062,24000700000203,6000051000065,6000051000000,24,3.8656828,6000051000063,-1,6000051000054,6000051000055,-1,30,0.0,0.0,0.0,32557,10.819303,0.6410742,59.248886,150281,1,0,6,-187.68831,-237.08627,-114.67013,53.43511,91.964836,0.042280458,0.004876774,-0.047382623,19560749,7,203,0.007157011,910
6000051000063,23000700000939,6000051000065,6000051000000,23,4.1794686,6000051000064,-1,6000051000062,6000051000063,-1,42,3.0122986,3.0122986,3.0122986,32557,10.910976,0.7812445,59.309147,150281,1,0,6,-194.36693,-218.62582,-108.2472,59.362755,103.01376,0.1943293,-0.19915134,-0.081948474,19560724,7,939,0.008676891,437
6000051000064,22000700001350,6000051000065,6000051000000,22,4.5195556,6000051000065,-1,6000051000063,6000051000064,-1,30,1.032788,1.032788,1.032788,32557,10.999784,0.8522147,59.367153,150281,1,0,6,-175.53604,-212.65302,-97.04881,48.868202,77.96978,0.024782645,-0.085682586,-0.13147414,19560721,7,1350,0.01271291,745
6000051000065,21000700001644,6000051000065,6000051000000,21,4.888449,-1,-1,6000051000064,6000051000065,-1,22,1.2049193,1.2049193,1.2049193,32557,11.085543,1.0314233,59.41445,150283,1,0,6,-173.8432,-212.72806,-106.31342,37.217564,72.31829,0.013383728,-0.06997398,-0.045755245,19560721,7,1644,0.009777578,506
6000051000066,27000600002847,6000051000068,6000051000000,27,3.060419,6000051000067,-1,6000051000035,6000051000066,-1,24,1.9795104,1.9795104,1.9795104,32557,10.601071,9.7010273E-4,59.296597,150280,1,0,6,-332.4499,16.741854,-7.778739,42.693703,80.359764,-0.04905905,-0.033065774,0.12087908,19560243,6,2847,0.00769842,942
6000051000067,26000600002691,6000051000068,6000051000000,26,3.3080978,6000051000068,-1,6000051000066,6000051000067,-1,24,1.9795104,1.8073791,1.9795104,28018,10.77346,62.478024,59.304173,225179,1,6,6,-301.79242,-1.2852871,0.67110145,40.365005,75.15193,-0.04866942,-0.032645978,0.12517862,19560245,6,2691,0.011322171,156
6000051000068,25000600002783,6000051000068,6000051000000,25,3.575905,-1,-1,6000051000067,6000051000068,-1,21,1.2909851,1.2909851,1.2909851,28018,10.950161,62.497505,59.280937,225179,1,6,6,-286.7504,-13.049443,7.592655,37.842133,70.84992,0.00112367,-0.02670898,0.13235909,19561855,6,2783,0.008815688,567
6000051000069,28000700002853,6000051000072,6000051000000,28,2.8311827,6000051000070,-1,6000051000034,6000051000069,-1,24,1.549182,1.549182,2.065576,32557,10.507389,0.2692873,59.009285,150280,1,0,6,-431.0016,-74.30246,-2.319452,40.459515,78.37732,0.025175162,-0.026420645,0.0041109067,19561956,7,2853,0.008335237,56
6000051000070,27000700003180,6000051000072,6000051000000,27,3.060419,6000051000071,-1,6000051000069,6000051000070,-1,22,1.8934448,1.8934448,1.8934448,32557,10.75404,0.32288146,59.005543,150281,1,0,6,-371.89142,-79.48415,-23.116777,43.005592,73.11146,0.015152128,-0.027448157,0.057216175,19560148,7,3180,0.010078444,756
6000051000071,26000700002659,6000051000072,6000051000000,26,3.3080978,6000051000072,-1,6000051000070,6000051000071,-1,26,1.7213135,1.7213135,1.7213135,32557,10.934144,0.34204558,59.0304,150281,1,0,6,-328.8417,-74.11194,-42.640038,39.122505,74.02261,-0.001800562,-0.09738856,0.028036064,19560148,7,2659,0.010905743,487
6000051000072,24000700002705,6000051000072,6000051000000,24,3.8656828,-1,-1,6000051000071,6000051000072,-1,21,1.2909851,1.2049193,1.3770508,32557,11.27945,0.41998708,59.115856,150281,1,0,6,-292.69687,-73.54794,-60.55172,42.239513,77.36551,-0.0037560298,-0.10849117,0.047245044,19560148,7,2705,0.00732225,573
6000051000073,30000600000106,6000051000078,6000051000000,30,2.422044,6000051000074,-1,6000051000032,6000051000033,-1,24,0.0,0.0,0.0,32557,9.78337,0.16177945,58.96256,150280,1,0,6,-7.7406454,-67.40073,-17.27369,40.317528,72.92403,0.020926928,-0.043658197,0.025125813,19557143,6,106,0.010342066,129
6000051000074,29000700002502,6000051000078,6000051000000,29,2.6188614,6000051000075,-1,6000051000073,6000051000074,-1,33,2.6680357,2.6680357,2.6680357,32557,9.812971,0.21903402,58.96763,150280,1,0,6,-50.06991,-79.58843,-8.573323,49.91338,85.93757,3.5287044E-4,-0.007996613,-0.09072213,19556937,7,2502,0.009083479,838
6000051000075,28000700002234,6000051000078,6000051000000,28,2.8311827,6000051000076,-1,6000051000074,6000051000075,-1,36,2.5819702,2.5819702,3.0122986,32557,9.84187,0.26467946,58.974792,150280,1,0,6,-67.81662,-78.95512,-7.6510806,43.988403,77.53859,0.028966099,-0.06340428,-0.066626556,19557146,7,2234,0.012869376,219
6000051000076,27000700002218,6000051000078,6000051000000,27,3.060419,6000051000077,-1,6000051000075,6000051000076,-1,33,2.2377074,2.1516418,2.2377074,32557,9.8812685,0.29078758,58.98185,150280,1,0,6,-79.275406,-81.93652,-9.446245,44.972202,74.60107,-0.016560595,-0.06117513,-0.026023703,19557146,7,2218,0.014170749,989
6000051000077,26000700002658,6000051000078,6000051000000,26,3.3080978,6000051000078,-1,6000051000076,6000051000077,-1,26,1.9795104,1.9795104,2.065576,32557,9.909951,0.32932633,59.00005,150280,1,0,6,-68.612885,-78.85921,-14.45884,40.970203,73.29388,-0.01694074,-0.038183108,-0.058062274,19557146,7,2658,0.009907554,725
6000051000078,25000700002740,6000051000078,6000051000000,25,3.575905,-1,-1,6000051000077,6000051000078,-1,22,1.032788,1.032788,1.3770508,32557,9.961942,0.36033744,59.012474,150280,1,0,6,-71.43249,-67.5443,-10.512413,39.172012,65.35639,0.021152413,-0.035380077,-0.098783486,19557151,7,2740,0.011555356,694
6000051000079,32000700000349,6000051000083,6000051000000,32,2.0700274,6000051000080,-1,6000051000030,6000051000158,6000051000119,29,0.0,0.0,0.0,32554,9.487548,0.43566424,58.67875,150273,1,0,6,-93.4599,-259.02527,-237.98367,45.80299,79.98978,0.048257653,-0.18654726,-0.12106652,19556651,7,349,0.010123762,816
6000051000080,31000700000334,6000051000083,6000051000000,31,2.2394855,6000051000081,-1,6000051000079,6000051000159,-1,40,0.0,0.0,0.0,32554,9.544202,0.5901576,58.818302,150273,1,0,6,-106.21032,-251.49103,-196.57391,50.462494,85.30186,-0.013387232,-0.11557015,-0.016456854,19556651,7,334,0.010905966,614
6000051000081,30000700002257,6000051000083,6000051000000,30,2.422044,6000051000082,-1,6000051000080,6000051000081,-1,39,3.0122986,3.0122986,3.18443,32554,9.604023,0.73581314,58.936985,150273,1,0,6,-119.57367,-228.58037,-180.05283,50.023373,87.507225,-0.07797055,-0.10575646,-0.054640494,19556651,7,2257,0.011940471,702
6000051000082,29000700002366,6000051000083,6000051000000,29,2.6188614,6000051000083,-1,6000051000081,6000051000082,-1,36,2.4098387,2.3237731,2.6680357,32554,9.684226,0.8671794,59.03973,150273,1,0,6,-127.425766,-215.62617,-167.84283,44.28262,79.13429,-0.09668391,-0.10940592,-0.064720266,19558359,7,2366,0.012582405,675
6000051000083,28000700002963,6000051000083,6000051000000,28,2.8311827,-1,-1,6000051000082,6000051000083,-1,25,1.8934448,1.8934448,1.9795104,32554,9.757445,0.98040646,59.142853,150275,1,0,6,-143.67775,-195.69667,-152.43294,37.25959,66.800766,0.010472892,-0.078978084,-0.038633015,19558353,7,2963,0.010783266,801
6000051000084,33000600001086,6000051000085,6000051000000,33,1.9126327,6000051000085,-1,6000051000029,6000051000084,-1,34,6.196728,5.7664,6.282794,28017,9.731677,62.23119,59.030396,225171,1,6,6,-398.6357,-45.283226,-302.998,42.97544,59.06256,-0.17655866,-0.2011808,-0.104795255,19562657,6,1086,0.022479044,311
6000051000085,32000600001420,6000051000085,6000051000000,32,2.0700274,-1,-1,6000051000084,6000051000085,-1,27,4.3893495,3.9590209,4.905743,28018,9.936649,62.23809,59.207176,225178,1,6,6,-408.25565,-47.164246,-241.0686,39.236084,58.58968,0.0073539554,-0.21258852,0.068141244,19559452,6,1420,0.016317377,298
6000051000086,34000600000110,6000051000099,6000051000000,34,1.766336,6000051000087,-1,6000051000028,6000051000029,6000051000103,32,0.0,0.0,0.0,28017,9.42742,62.259514,58.791195,225171,1,6,6,-265.2356,-101.28432,-93.064964,58.665527,96.66456,0.033081263,-0.0069044414,-0.042633194,19537806,6,110,0.008137362,917
6000051000087,32000600000114,6000051000099,6000051000000,32,2.0700274,6000051000088,-1,6000051000086,6000051000031,6000051000105,81,0.0,0.0,0.0,32554,9.711432,0.11854167,58.861744,150273,1,0,6,-270.12924,-347.3482,90.03058,84.311584,129.50992,-0.0285798,0.045265663,-0.037806664,19537806,6,114,0.0091100745,328
6000051000088,31000600000105,6000051000099,6000051000000,31,2.2394855,6000051000089,-1,6000051000087,6000051000032,6000051000124,115,0.0,0.0,0.0,32557,9.865978,0.3016877,58.82088,150280,1,0,6,-253.37311,-246.16617,106.280975,76.35012,129.45192,0.0044477726,0.025823837,-0.081502445,19537809,6,105,0.014639604,944
6000051000089,30000600000104,6000051000099,6000051000000,30,2.422044,6000051000090,-1,6000051000088,6000051000033,6000051000125,153,0.0,0.0,0.0,32557,10.0059805,0.42459255,58.75493,150280,1,0,6,-247.05647,-199.30174,102.680786,85.76437,140.32024,-0.11847919,0.04893064,0.13751672,19560454,6,104,0.01551289,357
6000051000090,29000600000100,6000051000099,6000051000000,29,2.6188614,6000051000091,-1,6000051000089,6000051000034,6000051000126,180,0.0,0.0,0.0,32557,10.156161,0.5270191,58.714348,150280,1,0,6,-231.12148,-174.32703,80.612724,84.17666,138.00908,-0.08600094,0.17193374,0.2547995,19560454,6,100,0.01911983,628
6000051000091,28000700000373,6000051000099,6000051000000,28,2.8311827,6000051000092,-1,6000051000090,6000051000091,-1,211,15.2336235,14.71723,16.180346,32557,10.26377,0.6103372,58.660233,150280,1,0,6,-214.72336,-148.08037,68.71363,79.12222,130.69763,-0.08895945,0.28697821,0.26170498,19537763,7,373,0.02410529,194
6000051000092,27000700000353,6000051000099,6000051000000,27,3.060419,6000051000093,-1,6000051000091,6000051000092,-1,190,14.631165,14.286901,15.147558,32557,10.396938,0.68454176,58.6535,150280,1,0,6,-203.68312,-146.16423,54.106346,80.06551,140.7896,-0.08466769,0.0054432084,0.23260571,19537760,7,353,0.019452872,909
6000051000093,26000700000351,6000051000099,6000051000000,26,3.3080978,6000051000094,-1,6000051000092,6000051000093,-1,167,13.770508,13.684442,14.459033,32557,10.481179,0.78751475,58.62692,150280,1,0,6,-179.66301,-134.75072,39.23858,87.53614,142.55467,0.010677944,-0.04356929,0.08267926,19537756,7,351,0.016652577,600
6000051000094,25000700000353,6000051000099,6000051000000,25,3.575905,6000051000095,-1,6000051000093,6000051000094,-1,137,10.241815,10.241815,11.360668,32557,10.617291,0.8288394,58.610035,150280,1,0,6,-181.14357,-130.3566,39.75962,86.572845,138.32912,-0.029178312,0.05935284,0.37445334,19537765,7,353,0.01360381,800
6000051000095,24000700000357,6000051000099,6000051000000,24,3.8656828,6000051000096,-1,6000051000094,6000051000095,-1,116,7.4016476,6.971319,7.4016476,32557,10.6806555,0.90908104,58.59903,150280,1,0,6,-177.06836,-120.774086,25.631586,73.89451,123.52161,-0.0086893365,0.04441467,0.3250827,19537760,7,357,0.0148973195,467
6000051000096,23000700000372,6000051000099,6000051000000,23,4.1794686,6000051000097,-1,6000051000095,6000051000096,-1,98,5.2500057,5.2500057,5.680334,32530,10.7868,0.9903424,58.576397,150063,1,0,6,-167.13658,-125.31316,21.102974,65.611855,109.4567,0.049295776,0.06388968,0.34678796,19537760,7,372,0.01634129,592
6000051000097,22000700000870,6000051000098,6000051000000,22,4.5195556,6000051000098,6000051000099,6000051000096,6000051000097,-1,38,2.4098387,2.3237731,3.442627,32530,10.865025,1.046995,58.583843,150063,1,0,6,-143.12477,-96.75351,-3.315873,54.072258,90.9111,-0.18465921,0.014157962,0.06634974,19537765,7,870,0.011425956,124
6000051000098,21000700000809,6000051000098,6000051000000,21,4.888449,-1,-1,6000051000097,6000051000098,-1,38,1.549182,1.549182,1.6352477,32530,10.966039,1.10231,58.553272,150063,1,0,6,-136.92934,-136.11682,1.7081075,48.820435,77.54412,0.041014686,0.06029328,-0.025242336,19537764,7,809,0.015008022,772
6000051000099,22000700002049,6000051000099,6000051000000,22,4.5195556,-1,-1,6000051000096,6000051000099,-1,21,1.2049193,1.2049193,1.2049193,32530,11.0702305,1.049486,58.46762,150063,1,0,6,-226.31564,-60.457054,36.707394,45.193092,72.67581,-0.04500508,0.017251052,-0.04816732,19538019,7,2049,0.008759461,549
6000051000100,35000600000129,6000051000100,6000051000000,35,1.6302707,-1,-1,6000051000027,6000051000028,6000051000102,26,0.0,0.0,0.0,32533,9.290598,0.06658145,58.46813,150053,1,0,6,-120.39657,-242.61996,18.59447,42.15162,73.50939,0.12656768,-0.16100335,0.0512357,19556651,6,129,0.009829646,621
6000051000101,36000600000146,6000051000114,6000051000000,36,1.5036365,6000051000102,6000051000115,6000051000026,6000051000027,-1,22,0.0,0.0,0.0,28017,9.281453,62.00505,58.806187,225171,1,6,6,-439.02475,-257.33206,-65.781586,42.178585,76.99118,-0.038845215,0.028851025,0.051366907,19557154,6,146,0.010123383,231
6000051000102,35000600000130,6000051000114,6000051000000,35,1.6302707,6000051000103,-1,6000051000101,6000051000028,-1,25,0.0,0.0,0.0,28017,9.515885,62.1629,58.843304,225171,1,6,6,-339.51147,-329.59866,-22.063555,40.243176,66.09958,-0.052860975,-0.024889156,0.027450653,19557202,6,130,0.014810868,396
6000051000103,34000600000111,6000051000114,6000051000000,34,1.766336,6000051000104,-1,6000051000102,6000051000029,6000051000121,27,0.0,0.0,0.0,28017,9.660637,62.373142,58.835773,225171,1,6,6,-226.12434,-355.3183,34.241817,35.810905,66.241234,-0.052633908,-0.0412648,-0.0032782922,19557153,6,111,0.0128640905,387
6000051000104,33000600000119,6000051000114,6000051000000,33,1.9126327,6000051000105,-1,6000051000103,6000051000030,6000051000118,22,0.0,0.0,0.0,32554,9.747064,0.0674871,58.77722,150273,1,0,6,-79.69559,-298.1365,63.780094,39.927784,74.13037,-0.013867833,-0.04272352,0.0010328117,19557211,6,119,0.009894886,784
6000051000105,32000600000115,6000051000114,6000051000000,32,2.0700274,6000051000106,-1,6000051000104,6000051000031,6000051000123,24,0.0,0.0,0.0,32554,9.757529,0.19491228,58.74561,150273,1,0,6,54.464138,-211.90204,12.869738,45.47125,78.22288,0.020454368,-0.007955756,0.02554374,19557162,6,115,0.007864039,405
6000051000106,31000600000107,6000051000114,6000051000000,31,2.2394855,6000051000107,-1,6000051000105,6000051000032,-1,24,0.0,0.0,0.0,32554,9.717602,0.28832978,58.778465,150273,1,0,6,50.839127,-132.71243,-70.08523,41.52147,72.77257,-0.06670455,-0.101035036,0.011155914,19557203,6,107,0.012067128,111
6000051000107,30000700001317,6000051000114,6000051000000,30,2.422044,6000051000108,-1,6000051000106,6000051000107,-1,47,3.5286925,3.442627,3.6147583,32554,9.702201,0.4019011,58.83729,150273,1,0,6,-10.711187,-125.02861,-66.90147,46.44565,77.70803,0.11972854,-0.22503418,0.12347316,19557453,7,1317,0.01753911,546
6000051000108,29000700002111,6000051000114,6000051000000,29,2.6188614,6000051000109,-1,6000051000107,6000051000108,-1,36,3.098364,3.098364,3.098364,32554,9.726014,0.44636697,58.884712,150273,1,0,6,-25.36366,-128.0284,-87.05533,39.184734,74.48268,-0.057464436,-0.059392255,0.0020314124,19557153,7,2111,0.016233554,132
6000051000109,28000700002182,6000051000114,6000051000000,28,2.8311827,6000051000110,-1,6000051000108,6000051000109,-1,34,1.8934448,1.6352477,2.065576,32554,9.729064,0.5550442,58.93943,150273,1,0,6,-44.488907,-117.65631,-79.101265,42.006058,69.90646,-0.017025722,-0.0073179156,-0.09359842,19557152,7,2182,0.014832798,62
6000051000110,27000700002739,6000051000114,6000051000000,27,3.060419,6000051000111,-1,6000051000109,6000051000110,-1,27,2.3237731,2.3237731,2.3237731,32554,9.762099,0.60835356,58.963882,150273,1,0,6,-54.597363,-114.298615,-72.28637,45.76831,78.627914,0.005598583,-0.019121764,-0.070810676,19557157,7,2739,0.008838671,493
6000051000111,26000700002493,6000051000114,6000051000000,26,3.3080978,6000051000112,-1,6000051000110,6000051000111,-1,28,2.065576,1.9795104,2.065576,32557,9.781456,0.6622724,58.99894,150280,1,0,6,-58.503647,-106.041214,-68.27766,42.575798,74.02696,0.015207088,0.018023025,-0.09951566,19557152,7,2493,0.010131677,357
6000051000112,25000700002338,6000051000114,6000051000000,25,3.575905,6000051000113,-1,6000051000111,6000051000112,-1,27,1.549182,1.549182,1.549182,32557,9.839321,0.6907208,59.02744,150280,1,0,6,-63.586178,-100.16155,-66.49481,40.01403,74.32995,-0.0022071088,0.08742595,-0.047796715,19557201,7,2338,0.010116028,885
6000051000113,24000700002704,6000051000114,6000051000000,24,3.8656828,6000051000114,-1,6000051000112,6000051000113,-1,21,1.4631164,1.4631164,1.4631164,32557,9.884723,0.7373532,59.073544,150280,1,0,6,-68.65478,-94.9479,-57.030754,42.89735,78.49679,0.095183425,0.06040743,-0.011594231,19557201,7,2704,0.008252382,587
6000051000114,23000700002286,6000051000114,6000051000000,23,4.1794686,-1,-1,6000051000113,6000051000114,-1,22,0.6885254,0.6885254,1.2049193,32557,9.933323,0.78455883,59.0998,150280,1,0,6,-74.89397,-95.90035,-60.478817,31.613148,66.58563,0.023254473,0.044557028,0.018528616,19557201,7,2286,0.011152312,235
6000051000115,36000600000144,6000051000119,6000051000000,36,1.5036365,6000051000116,6000051000120,6000051000026,6000051000027,6000051000204,24,0.0,0.0,0.0,28017,9.210383,62.339077,58.706993,225171,1,6,6,-149.59464,-574.5275,43.82923,48.78647,81.8355,0.014205179,-0.042284105,-0.1582678,19556605,6,144,0.008173836,172
6000051000116,35000600000126,6000051000119,6000051000000,35,1.6302707,6000051000117,-1,6000051000115,6000051000028,6000051000155,83,0.0,0.0,0.0,32554,9.255389,0.11572005,58.659344,150273,1,0,6,-70.301056,-387.73514,83.80658,56.777813,92.96993,0.25663772,0.09134069,-0.51968294,19556613,6,126,0.024808835,459
6000051000117,34000600000109,6000051000119,6000051000000,34,1.766336,6000051000118,-1,6000051000116,6000051000029,6000051000086,34,0.0,0.0,0.0,32554,9.280893,0.30884904,58.605206,150273,1,0,6,-102.160225,-285.94785,105.33493,49.067318,87.175476,-0.13801393,-0.07358979,0.043441016,19556613,6,109,0.009778096,434
6000051000118,33000600000120,6000051000119,6000051000000,33,1.9126327,6000051000119,-1,6000051000117,6000051000030,-1,22,0.0,0.0,0.0,32533,9.359138,0.44098514,58.54296,150053,1,0,6,-156.62172,-198.6307,88.72496,41.824787,84.46043,-0.02738781,0.034870245,-0.039845895,19556853,6,120,0.008839552,705
6000051000119,32000700000350,6000051000119,6000051000000,32,2.0700274,-1,-1,6000051000118,6000051000158,-1,21,0.0,0.0,0.0,32533,9.451293,0.53151935,58.515057,150053,1,0,6,-162.07211,-115.95038,25.506739,51.29438,93.54114,0.0369782,-0.040992923,0.0055589615,19556830,7,350,0.0062913694,149
6000051000120,36000600000143,6000051000135,6000051000000,36,1.5036365,6000051000121,-1,6000051000026,6000051000027,6000051000115,27,0.0,0.0,0.0,28017,9.12668,62.468307,58.666977,225171,1,6,6,-218.67859,-234.12756,-34.655636,47.86508,85.863464,-0.053433176,-0.03143404,0.028913574,19559532,6,143,0.0076145832,429
6000051000121,34000600000112,6000051000135,6000051000000,34,1.766336,6000051000122,-1,6000051000120,6000051000029,-1,26,0.0,0.0,0.0,32554,9.433761,0.08421935,58.679867,150273,1,0,6,-261.63705,-6.2793436,24.570316,44.662888,79.03917,0.013633771,0.049443234,0.008129743,19559554,6,112,0.009342622,661
6000051000122,33000600000118,6000051000135,6000051000000,33,1.9126327,6000051000123,-1,6000051000121,6000051000030,6000051000104,59,0.0,0.0,0.0,32554,9.558982,0.059508357,58.674496,150273,1,0,6,-235.88873,97.148476,-51.187836,58.771965,87.7217,0.115339056,-0.25432545,-0.033350516,19559555,6,118,0.015660658,725
6000051000123,32000600000116,6000051000135,6000051000000,32,2.0700274,6000051000124,-1,6000051000122,6000051000031,-1,24,0.0,0.0,0.0,28017,9.722124,62.462914,58.77969,225171,1,6,6,-264.1445,186.1411,-332.02267,47.094437,85.248116,-0.025221158,-0.0021695585,-0.05699987,19559561,6,116,0.0070295352,224
6000051000124,31000600000106,6000051000135,6000051000000,31,2.2394855,6000051000125,-1,6000051000123,6000051000032,6000051000106,27,0.0,0.0,0.0,28018,9.903884,62.41478,59.010963,225178,1,6,6,-376.4225,-17.982515,-392.94455,58.829308,99.36634,-0.06339932,-0.043111227,0.0115127945,19559554,6,106,0.0067038345,587
6000051000125,30000600000105,6000051000135,6000051000000,30,2.422044,6000051000126,-1,6000051000124,6000051000033,6000051000073,63,0.0,0.0,0.0,28018,10.146378,62.463688,59.219246,225178,1,6,6,-355.82477,-87.075806,-297.60226,66.06206,100.15653,-0.019112715,0.01611498,0.16026494,19559573,6,105,0.013019421,483
6000051000126,29000600000101,6000051000135,6000051000000,29,2.6188614,6000051000127,-1,6000051000125,6000051000034,-1,86,0.0,0.0,0.0,32557,10.31555,0.008323722,59.367622,150280,1,0,6,-331.44907,-104.93349,-262.45767,68.18518,114.34447,-0.044032265,0.04795752,0.23284748,19562442,6,101,0.013913868,783
6000051000127,28000600000775,6000051000135,6000051000000,28,2.8311827,6000051000128,-1,6000051000126,6000051000127,-1,95,7.057385,7.057385,7.1434507,32557,10.487619,0.07476833,59.492973,150280,1,0,6,-312.0186,-102.61941,-232.13887,61.38848,106.185684,-0.069411114,0.20274498,0.28066915,19559654,6,775,0.017097268,628
6000051000128,27000700000730,6000051000135,6000051000000,27,3.060419,6000051000129,-1,6000051000127,6000051000128,-1,95,5.9385314,5.9385314,6.024597,32557,10.678066,0.13474858,59.616413,150284,1,0,6,-297.87732,-101.56139,-215.59116,55.671864,100.9504,-0.109289624,0.16523795,0.35620916,19559550,7,730,0.018907525,463
6000051000129,26000700000789,6000051000135,6000051000000,26,3.3080978,6000051000130,-1,6000051000128,6000051000129,-1,80,4.905743,4.905743,5.3360715,32557,10.82,0.21305992,59.75299,150285,1,0,6,-289.8697,-93.56531,-193.4574,57.38876,101.38286,-0.2265515,0.004699181,0.3963095,19559655,7,789,0.015781296,392
6000051000130,25000700000983,6000051000135,6000051000000,25,3.575905,6000051000131,-1,6000051000129,6000051000130,-1,58,4.733612,4.733612,4.8196774,32557,11.005085,0.25150537,59.848026,150285,1,0,6,-281.76184,-90.29717,-179.64594,68.82414,112.61555,-0.043220542,0.023128714,0.066128254,19559654,7,983,0.009856403,375
6000051000131,24000700000909,6000051000135,6000051000000,24,3.8656828,6000051000132,-1,6000051000130,6000051000131,-1,55,4.217218,3.7868896,4.217218,32557,11.141458,0.31586707,59.965126,150285,1,0,6,-270.3994,-88.28563,-173.57922,62.220673,98.87395,0.014995443,0.028108047,0.046529386,19559653,7,909,0.011443647,824
6000051000132,23000700000748,6000051000134,6000051000000,23,4.1794686,6000051000133,6000051000135,6000051000131,6000051000132,6000051000135,32,0.6885254,0.6885254,0.6885254,32557,11.277199,0.37254393,59.970474,150285,1,0,6,-238.962,-119.20199,-186.4391,45.4025,64.70964,-0.05023625,0.13085954,0.0743135,19559555,7,748,0.016200755,328
6000051000133,22000700000660,6000051000134,6000051000000,22,4.5195556,6000051000134,-1,6000051000132,6000051000133,-1,54,1.1188537,1.1188537,1.1188537,32557,11.411449,0.43854648,60.07015,150285,1,0,6,-248.00722,-90.30581,-143.77539,46.127777,75.35578,-0.33216038,-0.1763006,0.23834142,19559556,7,660,0.020101674,747
6000051000134,21000700001718,6000051000134,6000051000000,21,4.888449,-1,-1,6000051000133,6000051000134,-1,21,0.0,0.0,0.774591,32557,11.678432,0.32221174,60.21455,150285,1,0,6,-261.2971,-61.78808,-134.11655,32.626453,60.88417,-0.0076573594,-0.007280567,0.10898646,19559652,7,1718,0.011402074,354
6000051000135,23000700000749,6000051000135,6000051000000,23,4.1794686,-1,-1,6000051000131,6000051000132,-1,20,0.0,0.0,0.0,32557,11.345687,0.32395887,60.032448,150285,1,0,6,-289.69012,-47.535564,-156.10489,41.88137,74.0127,-0.06452246,-0.07389526,0.017549124,19559550,7,749,0.008562842,230
6000051000136,37000600000140,6000051000143,6000051000000,37,1.3857181,6000051000137,6000051000144,6000051000025,6000051000026,6000051000154,28,0.0,0.0,0.0,28014,9.0014715,62.408913,58.549747,224951,1,6,6,-60.872433,-459.93204,96.834526,42.049404,65.60259,-0.14429876,-8.678136E-4,0.092288695,19541889,6,140,0.014566685,179
6000051000137,36000600000142,6000051000143,6000051000000,36,1.5036365,6000051000138,-1,6000051000136,6000051000027,6000051000120,37,0.0,0.0,0.0,32533,9.064643,0.17848293,58.52785,150053,1,0,6,-59.332253,-385.287,53.83336,43.49498,64.45044,0.1644003,0.048722956,0.09492659,19556802,6,142,0.019977184,680
6000051000138,35000600000128,6000051000143,6000051000000,35,1.6302707,6000051000139,-1,6000051000137,6000051000028,6000051000100,38,0.0,0.0,0.0,32533,9.085885,0.3385889,58.487434,150053,1,0,6,-76.73493,-327.28445,33.864353,44.53378,74.831604,0.02725132,0.038579255,0.03662412,19556303,6,128,0.014244339,735
6000051000139,34000700002267,6000051000143,6000051000000,34,1.766336,6000051000140,-1,6000051000138,6000051000139,-1,42,3.0122986,2.6680357,3.0122986,32533,9.1309185,0.52814585,58.49094,150053,1,0,6,-87.578255,-302.50375,26.63882,37.06174,63.95467,0.15103294,0.0011431074,0.07876467,19556352,7,2267,0.02221149,655
6000051000140,33000700002164,6000051000143,6000051000000,33,1.9126327,6000051000141,-1,6000051000139,6000051000140,-1,42,1.8073791,1.8073791,1.8073791,32533,9.160199,0.63354445,58.44896,150053,1,0,6,-103.24449,-275.98462,14.717925,34.832706,58.468224,0.15296364,-0.010010156,0.048887733,19541406,7,2164,0.035372328,390
6000051000141,32000700003134,6000051000143,6000051000000,32,2.0700274,6000051000142,-1,6000051000140,6000051000141,-1,24,1.4631164,1.3770508,1.6352477,32533,9.260426,0.88436043,58.475933,150053,1,0,6,-103.56217,-263.35825,6.0604196,35.00608,55.349316,0.13265038,-0.014874091,0.27261508,19541406,7,3134,0.017873352,55
6000051000142,31000700002967,6000051000143,6000051000000,31,2.2394855,6000051000143,-1,6000051000141,6000051000142,-1,22,1.9795104,1.9795104,2.065576,32533,9.312869,1.0375277,58.485123,150055,1,0,6,-104.80341,-241.14763,5.235395,31.725824,56.21369,0.16571297,-0.028896524,0.14982074,19541462,7,2967,0.015114207,731
6000051000143,30000700002724,6000051000143,6000051000000,30,2.422044,-1,-1,6000051000142,6000051000143,-1,28,1.2049193,1.1188537,1.3770508,32533,9.370299,1.1670856,58.52431,150055,1,0,6,-105.844444,-212.86975,-4.3061857,36.69683,56.98939,0.05920539,-0.18557586,0.17382295,19556816,7,2724,0.018430559,738
6000051000144,37000600000139,6000051000152,6000051000000,37,1.3857181,6000051000145,-1,6000051000025,6000051000026,6000051000136,29,0.0,0.0,0.0,28017,9.029632,61.767323,58.8795,225171,1,6,6,-297.89825,-31.241402,-358.0139,38.779724,69.01157,-0.059934497,-0.027698087,-0.07123357,19559411,6,139,0.011657818,183
6000051000145,36000600001691,6000051000152,6000051000000,36,1.5036365,6000051000146,-1,6000051000144,6000051000145,-1,56,4.0450864,3.5286925,4.0450864,28017,9.172501,61.79923,59.068974,225171,1,6,6,-294.43048,-74.30185,-338.13382,38.06072,67.42923,-0.08937827,-0.17385776,0.032549176,123539,6,1691,0.024429662,197
6000051000146,35000600001846,6000051000152,6000051000000,35,1.6302707,6000051000147,-1,6000051000145,6000051000146,-1,49,2.9262328,2.9262328,2.9262328,28017,9.344998,61.823296,59.249767,225171,1,6,6,-286.30475,-82.70151,-314.12534,39.98999,75.07376,-0.09073245,-0.18226768,0.044808403,123536,6,1846,0.019084148,892
6000051000147,34000600001932,6000051000152,6000051000000,34,1.766336,6000051000148,-1,6000051000146,6000051000147,-1,49,3.18443,2.6680357,3.18443,28017,9.530416,61.872036,59.4213,225171,1,6,6,-284.29175,-88.98393,-297.9184,43.42961,71.40868,-0.11435323,-0.14904103,0.08540323,123539,6,1932,0.02249423,168
6000051000148,33000600001703,6000051000152,6000051000000,33,1.9126327,6000051000149,-1,6000051000147,6000051000148,-1,54,3.3565612,3.3565612,3.7008238,28017,9.675892,61.927185,59.57988,225175,1,6,6,-277.78326,-88.33358,-283.2824,45.80051,80.65089,-0.12236265,-0.19857219,0.19783628,123539,6,1703,0.020374794,708
6000051000149,32000600002059,6000051000152,6000051000000,32,2.0700274,6000051000150,-1,6000051000148,6000051000149,-1,43,3.7868896,3.7008238,3.7868896,28018,9.830244,61.987762,59.721397,225182,1,6,6,-263.86935,-87.69331,-269.36935,49.89872,83.70707,-0.08845227,-0.074420586,-0.012351612,19559400,6,2059,0.013703674,38
6000051000150,31000600001997,6000051000152,6000051000000,31,2.2394855,6000051000151,-1,6000051000149,6000051000150,-1,41,3.18443,3.098364,3.2704954,28018,9.976806,62.055794,59.857277,225182,1,6,6,-259.1083,-85.776855,-265.89297,51.56587,82.340485,-0.14100575,-0.17377323,0.07177161,123539,6,1997,0.014193789,51
6000051000151,30000600002168,6000051000152,6000051000000,30,2.422044,6000051000152,-1,6000051000150,6000051000151,-1,36,2.1516418,1.8934448,2.2377074,28018,10.109029,62.11605,60.00304,225182,1,6,6,-252.65874,-89.13783,-247.06116,41.86683,74.10887,-0.03427411,-0.100828186,0.0010665532,123536,6,2168,0.014784083,788
6000051000152,29000600002867,6000051000152,6000051000000,29,2.6188614,-1,-1,6000051000151,6000051000152,-1,26,1.8934448,1.8073791,1.9795104,28018,10.259403,62.15552,60.14443,225182,1,6,6,-250.13988,-91.14894,-244.68546,37.86281,66.357574,0.009306955,-0.040872525,-0.14038317,123537,6,2867,0.01448261,462
6000051000153,38000600000155,6000051000187,6000051000000,38,1.2758462,6000051000154,-1,6000051000024,6000051000025,-1,23,0.0,0.0,0.0,28017,8.827177,61.886753,58.6077,225171,0,6,6,-235.31573,-198.46469,-138.63971,42.125202,64.64664,0.06226057,-0.053408943,-0.24191575,19557127,6,155,0.01281436,27
6000051000154,37000600000141,6000051000187,6000051000000,37,1.3857181,6000051000155,-1,6000051000153,6000051000026,6000051000203,28,0.0,0.0,0.0,28017,8.990769,62.057793,58.676876,225171,1,6,6,-334.77197,-309.05856,-175.78264,50.69919,77.35088,-0.027796723,0.022217397,-0.15335774,19541351,6,141,0.010061247,687
6000051000155,35000600000127,6000051000187,6000051000000,35,1.6302707,6000051000156,-1,6000051000154,6000051000028,6000051000138,44,0.0,0.0,0.0,28017,9.322849,62.491234,58.628586,225171,1,6,6,-143.75526,-346.11118,118.05462,60.591137,100.88615,0.027002435,-0.023574147,-0.2527737,19541351,6,127,0.0091436235,571
6000051000156,34000600000108,6000051000187,6000051000000,34,1.766336,6000051000157,-1,6000051000155,6000051000029,6000051000117,160,0.0,0.0,0.0,32533,9.38701,0.17578903,58.592735,150053,1,0,6,-87.02026,-304.79684,22.209503,73.90997,115.66238,0.5343221,0.019908827,-0.34369844,19541412,6,108,0.025459714,983
6000051000157,33000600000117,6000051000187,6000051000000,33,1.9126327,6000051000158,-1,6000051000156,6000051000030,6000051000122,224,0.0,0.0,0.0,32533,9.429541,0.34439087,58.592426,150053,1,0,6,-82.49443,-248.35396,25.395144,77.83946,126.06852,0.6077594,0.012604923,0.016014881,19541353,6,117,0.027751356,380
6000051000158,32000700000348,6000051000187,6000051000000,32,2.0700274,6000051000159,-1,6000051000157,6000051000158,6000051000079,288,32.274628,30.553314,32.877087,32533,9.452597,0.5145243,58.59109,150053,1,0,6,-92.23924,-215.18518,34.591835,83.3582,132.70235,0.72790885,-0.09975105,0.14831965,19541422,7,348,0.03500781,993
6000051000159,31000700000333,6000051000187,6000051000000,31,2.2394855,6000051000160,-1,6000051000158,6000051000159,6000051000080,317,26.85249,26.594292,27.799212,32533,9.49437,0.64853704,58.576244,150053,1,0,6,-100.58968,-181.095,29.168867,92.82528,148.41245,0.8590061,0.13662474,0.1884107,19541319,7,333,0.028884921,864
6000051000160,30000700000329,6000051000187,6000051000000,30,2.422044,6000051000161,-1,6000051000159,6000051000160,-1,300,25.389374,24.959045,25.733635,32533,9.55949,0.7488602,58.568233,150053,1,0,6,-105.47292,-169.83006,19.891937,96.340836,154.77165,0.7305717,-0.023208728,0.28167808,19541412,7,329,0.02667502,322
6000051000161,29000700000328,6000051000177,6000051000000,29,2.6188614,6000051000162,6000051000178,6000051000160,6000051000161,6000051000178,239,18.67625,18.418055,19.967236,32533,9.633009,0.8377177,58.55629,150053,1,0,6,-109.41054,-154.39851,37.419605,94.99474,146.79729,0.24439177,-0.5463858,0.15216449,19541360,7,328,0.021670101,576
6000051000162,28000700000425,6000051000177,6000051000000,28,2.8311827,6000051000163,-1,6000051000161,6000051000162,-1,183,14.286901,13.254113,14.631165,32533,9.671271,0.9257433,58.501213,150053,1,0,6,-118.89192,-137.36536,29.989569,81.360466,126.25277,0.010381977,-0.44858158,0.3893534,19541369,7,425,0.023539523,567
6000051000163,27000700000576,6000051000176,6000051000000,27,3.060419,6000051000164,6000051000177,6000051000162,6000051000163,-1,120,6.7131224,5.9385314,6.799188,32533,9.709584,0.9885254,58.455395,150055,1,0,6,-117.84291,-118.558235,47.30377,62.967068,103.010056,0.07731522,0.22366224,0.30548516,19541422,7,576,0.022055252,388
6000051000164,26000700000588,6000051000176,6000051000000,26,3.3080978,6000051000165,-1,6000051000163,6000051000164,-1,105,3.7868896,3.7868896,3.9590209,32530,9.918661,0.99994427,58.48815,150062,1,0,6,-113.83986,-108.005226,34.00586,60.445034,93.425316,0.076186635,0.21432956,0.44580552,19541319,7,588,0.023186427,490
6000051000165,25000700000462,6000051000171,6000051000000,25,3.575905,6000051000166,6000051000172,6000051000164,6000051000165,6000051000172,85,4.131152,3.9590209,4.131152,32530,9.977456,1.0290215,58.48357,150062,1,0,6,-111.9577,-89.86344,21.109928,58.530376,100.19373,0.079645395,0.06824863,0.25741875,19541355,7,462,0.016422328,794
6000051000166,24000700001208,6000051000171,6000051000000,24,3.8656828,6000051000167,-1,6000051000165,6000051000166,-1,41,3.6147583,3.6147583,3.7868896,32530,10.043238,1.0885364,58.485962,150062,1,0,6,-99.46068,-62.825485,6.248605,55.006268,93.36304,0.18404025,0.024312431,-0.025211254,19556873,7,1208,0.009855726,231
6000051000167,23000700001169,6000051000171,6000051000000,23,4.1794686,6000051000168,-1,6000051000166,6000051000167,-1,38,2.4098387,2.3237731,2.6680357,32530,10.110833,1.0987442,58.47921,150062,1,0,6,-105.56596,-66.705574,10.566716,50.712715,89.636314,0.06448624,0.036850985,-0.099690184,19541355,7,1169,0.010229219,380
6000051000168,22000700001349,6000051000171,6000051000000,22,4.5195556,6000051000169,-1,6000051000167,6000051000168,-1,30,1.9795104,1.9795104,2.065576,32530,10.139323,1.136768,58.481068,150062,1,0,6,-97.961266,-62.72705,4.7246914,49.89475,88.3889,0.015612072,-0.020299701,0.03130475,19556873,7,1349,0.008402304,822
6000051000169,21000700001274,6000051000171,6000051000000,21,4.888449,6000051000170,-1,6000051000168,6000051000169,-1,27,1.9795104,1.9795104,2.065576,32530,10.20827,1.1825916,58.48123,150062,1,0,6,-96.13154,-67.17042,3.3918047,48.30143,90.52275,-0.0020277651,-0.051385663,0.0016642687,19541315,7,1274,0.0072211884,551
6000051000170,20000700001053,6000051000171,6000051000000,20,5.2888336,6000051000171,-1,6000051000169,6000051000170,-1,26,1.2909851,1.2909851,1.2909851,32530,10.280461,1.2032133,58.477383,150062,1,0,6,-94.10874,-64.97035,4.1636014,46.782345,76.41913,-0.0034896482,-0.051067818,-0.00166008,19541315,7,1053,0.008934242,755
6000051000171,19000700000954,6000051000171,6000051000000,19,5.7238646,-1,-1,6000051000170,6000051000171,-1,23,1.1188537,1.1188537,1.1188537,32530,10.314722,1.2454921,58.47853,150062,1,0,6,-89.80383,-68.056175,2.7570822,45.821724,78.52323,0.047794513,-0.02734955,-0.041836575,19541317,7,954,0.007680794,696
6000051000172,25000700000463,6000051000176,6000051000000,25,3.575905,6000051000173,-1,6000051000164,6000051000165,-1,23,0.0,0.0,0.0,32530,9.836548,1.1185795,58.420177,150062,1,0,6,-113.54358,-151.50415,38.418888,45.014523,77.52148,0.13852328,-0.021375207,-0.08039232,19541421,7,463,0.007965373,76
6000051000173,24000700001534,6000051000176,6000051000000,24,3.8656828,6000051000174,-1,6000051000172,6000051000173,-1,29,3.098364,2.6680357,3.18443,32530,9.915268,1.1985341,58.394768,150062,1,0,6,-109.98672,-137.70609,39.176773,58.28072,95.096954,0.0344468,-0.12019018,0.018127335,19541359,7,1534,0.00842772,251
6000051000174,23000700001907,6000051000176,6000051000000,23,4.1794686,6000051000175,-1,6000051000173,6000051000174,-1,26,2.1516418,2.1516418,2.1516418,32530,9.965194,1.2985727,58.369408,150062,1,0,6,-127.10101,-137.8725,37.407143,53.933357,90.00387,-0.04420159,-0.014125544,0.027059333,19541360,7,1907,0.0071510957,811
6000051000175,22000700001619,6000051000176,6000051000000,22,4.5195556,6000051000176,-1,6000051000174,6000051000175,-1,26,0.9467224,0.9467224,0.9467224,32530,10.022725,1.3908027,58.35328,150062,1,0,6,-125.67102,-125.99322,35.171684,44.18023,79.92361,-0.058302317,-0.022127947,0.04935582,19541383,7,1619,0.012506535,768
6000051000176,21000700001796,6000051000176,6000051000000,21,4.888449,-1,-1,6000051000175,6000051000176,-1,20,1.3770508,1.3770508,1.3770508,32530,10.090162,1.4486724,58.342083,150062,1,0,6,-118.95378,-126.28891,37.231506,40.452663,75.32417,-0.04369604,-0.02766278,0.04628448,19541360,7,1796,0.0072892276,290
6000051000177,27000700002845,6000051000177,6000051000000,27,3.060419,-1,-1,6000051000162,6000051000177,-1,21,1.6352477,1.6352477,1.8073791,32533,9.733613,1.1562961,58.56679,150055,1,0,6,-185.0781,-230.99478,-40.904396,42.76849,67.77586,0.013617736,0.023593072,0.0961938,19556732,7,2845,0.009881527,61
6000051000178,29000700000329,6000051000187,6000051000000,29,2.6188614,6000051000179,-1,6000051000160,6000051000161,-1,32,0.0,0.0,0.0,32554,9.673817,0.75543004,58.678814,150273,1,0,6,-86.354324,-177.1036,-118.05947,54.12154,95.24919,0.0038095727,-0.027644696,0.12175347,19556853,7,329,0.008855904,425
6000051000179,28000700001817,6000051000187,6000051000000,28,2.8311827,6000051000180,-1,6000051000178,6000051000179,-1,41,3.5286925,3.5286925,3.6147583,32554,9.723128,0.85087615,58.74357,150273,1,0,6,-92.77591,-171.77768,-97.88046,48.12922,91.460495,0.0028753942,0.0350161,0.06306299,19556613,7,1817,0.011007029,575
6000051000180,27000700001665,6000051000187,6000051000000,27,3.060419,6000051000181,-1,6000051000179,6000051000180,-1,42,3.0122986,3.0122986,3.0122986,32557,9.797594,0.9612682,58.800343,150280,1,0,6,-98.90818,-160.59421,-84.81036,52.206203,99.01269,0.035883,-0.030420272,0.028025512,19556605,7,1665,0.008774607,150
6000051000181,26000700001417,6000051000187,6000051000000,26,3.3080978,6000051000182,-1,6000051000180,6000051000181,-1,43,3.3565612,3.2704954,3.3565612,32557,9.844188,1.0398436,58.833065,150282,1,0,6,-93.97322,-149.51631,-79.34799,50.24263,94.71748,0.049871758,-0.032845113,0.06465418,19556618,7,1417,0.010169183,540
6000051000182,25000700001095,6000051000187,6000051000000,25,3.575905,6000051000183,-1,6000051000181,6000051000182,-1,50,3.9590209,3.9590209,4.0450864,32557,9.891192,1.1186385,58.87289,150282,1,0,6,-92.241295,-135.92673,-76.104034,52.52806,95.36178,0.0072250674,-0.02664918,0.05223818,19556605,7,1095,0.0118212765,9
6000051000183,24000700001006,6000051000187,6000051000000,24,3.8656828,6000051000184,-1,6000051000182,6000051000183,-1,50,4.217218,4.131152,4.217218,32557,9.938441,1.188061,58.90181,150282,1,0,6,-95.75524,-131.48083,-74.00943,63.643505,105.44458,7.310674E-4,-0.051771976,0.0354306,19556830,7,1006,0.008667204,754
6000051000184,23000700000938,6000051000187,6000051000000,23,4.1794686,6000051000185,-1,6000051000183,6000051000184,-1,47,4.0450864,3.9590209,4.0450864,32557,9.996881,1.2551264,58.950188,150282,1,0,6,-94.44559,-127.12349,-67.79729,67.75154,115.69334,-0.024186898,-0.0798906,0.031303618,19556858,7,938,0.0077520385,213
6000051000185,22000700001085,6000051000187,6000051000000,22,4.5195556,6000051000186,-1,6000051000184,6000051000185,-1,36,2.840167,2.840167,3.098364,32557,10.055205,1.311048,58.9974,150282,1,0,6,-96.90463,-111.746025,-68.51643,61.40089,102.090416,-0.09675971,0.007932186,0.10669769,19556856,7,1085,0.0075581525,632
6000051000186,21000700001547,6000051000187,6000051000000,21,4.888449,6000051000187,-1,6000051000185,6000051000186,-1,23,1.7213135,1.7213135,1.7213135,32557,10.116678,1.3899794,59.019947,150282,1,0,6,-108.79817,-117.009155,-71.4194,55.166386,102.101456,-0.012031154,-0.04986989,-0.009632584,19556605,7,1547,0.0058188196,760
6000051000187,20000700001117,6000051000187,6000051000000,20,5.2888336,-1,-1,6000051000186,6000051000187,-1,25,0.86065674,0.86065674,0.86065674,32557,10.1513605,1.4192107,59.05047,150282,1,0,6,-93.02339,-102.8974,-68.89666,38.826946,71.46183,0.006498806,-0.040482264,0.11943511,19556855,7,1117,0.010093226,570
6000051000188,40000600000187,6000051000194,6000051000000,40,1.0778745,6000051000189,-1,6000051000022,6000051000023,6000051000277,30,0.0,0.0,0.0,28017,8.808059,61.647938,58.691727,225171,0,6,6,-535.1368,5.887985,-142.45454,36.137222,68.67271,-0.085833535,-0.006189072,0.059881818,19562087,6,187,0.013340895,693
6000051000189,39000600002309,6000051000194,6000051000000,39,1.173417,6000051000190,-1,6000051000188,6000051000189,-1,39,3.18443,2.9262328,3.18443,28017,9.07277,61.64987,58.762703,225171,1,6,6,-498.124,-32.00815,-111.974785,36.540512,64.48621,-0.068366855,0.042577527,0.108175285,16809099,6,2309,0.018417856,329
6000051000190,38000600002616,6000051000194,6000051000000,38,1.2758462,6000051000191,-1,6000051000189,6000051000190,-1,36,2.840167,2.4098387,2.840167,28017,9.342184,61.683285,58.816624,225171,1,6,6,-458.0631,-47.490852,-94.53558,31.694887,58.91244,-0.21573502,-0.03640486,0.1300919,19562076,6,2616,0.021261966,599
6000051000191,37000600002813,6000051000194,6000051000000,37,1.3857181,6000051000192,-1,6000051000190,6000051000191,-1,33,1.9795104,1.8934448,1.9795104,28017,9.598626,61.71621,58.873516,225171,1,6,6,-435.01794,-52.71583,-88.576256,30.604147,58.645134,-0.15815648,0.0032979609,0.19217682,19562076,6,2813,0.019215316,83
6000051000192,36000600003863,6000051000194,6000051000000,36,1.5036365,6000051000193,-1,6000051000191,6000051000192,-1,22,1.3770508,1.3770508,1.3770508,28018,9.862679,61.750187,58.913757,225178,1,6,6,-428.09436,-51.361416,-90.32425,33.238403,62.29701,-0.1371101,0.026334746,0.069961816,16809124,6,3863,0.011445025,91
6000051000193,35000600003984,6000051000194,6000051000000,35,1.6302707,6000051000194,-1,6000051000192,6000051000193,-1,20,1.2049193,1.2049193,1.2049193,28018,10.079186,61.776276,58.98266,225178,1,6,6,-411.19135,-50.29254,-83.07689,28.941715,54.21361,-0.13846202,-0.06603711,0.06886832,19562076,6,3984,0.013853067,808
6000051000194,34000600003741,6000051000194,6000051000000,34,1.766336,-1,-1,6000051000193,6000051000194,-1,22,0.60245967,0.0,0.60245967,28018,10.376575,61.755615,59.029327,225178,1,6,6,-392.97247,-51.904686,-78.79602,27.85046,40.042015,-0.058399055,-0.0012083112,-0.0332858,16809050,6,3741,0.03027486,819
6000051000195,41000600002624,6000051000198,6000051000000,41,0.98870814,6000051000196,-1,6000051000021,6000051000195,-1,23,1.8073791,1.4631164,1.8073791,28014,8.393397,61.395645,58.26522,224948,0,6,6,-325.44125,35.429413,193.709,27.244083,53.80584,0.028801717,-0.22110045,-0.17707735,16811502,6,2624,0.01592419,633
6000051000196,40000600003890,6000051000198,6000051000000,40,1.0778745,6000051000197,-1,6000051000195,6000051000196,-1,22,1.6352477,1.6352477,1.6352477,28014,8.573754,61.399155,58.172455,224948,0,6,6,-327.71054,7.0618243,160.33995,28.99126,54.43071,-0.0012706122,-0.14604503,-0.0377538,16811508,6,3890,0.015142385,465
6000051000197,39000600003895,6000051000198,6000051000000,39,1.173417,6000051000198,-1,6000051000196,6000051000197,-1,22,1.4631164,1.4631164,1.4631164,28014,8.748647,61.38408,58.087605,224948,0,6,6,-322.5983,-0.69194543,135.07448,27.324097,54.396366,0.09589953,-0.10786487,0.043595932,16811508,6,3895,0.016980343,61
6000051000198,38000600003998,6000051000198,6000051000000,38,1.2758462,-1,-1,6000051000197,6000051000198,-1,21,1.2909851,1.2909851,1.2909851,28014,8.92436,61.4096,58.035133,224949,0,6,6,-309.67987,-11.309637,115.49119,25.125702,53.384186,0.08284537,-0.15475374,0.18602039,16811502,6,3998,0.014904672,302
6000051000199,42000600000219,6000051000213,6000051000000,42,0.9054624,6000051000200,6000051000214,6000051000020,6000051000021,6000051000300,21,0.0,0.0,0.0,28014,8.204377,62.06752,58.392384,224950,0,6,6,-163.91058,-23.203411,-71.37077,29.463133,48.621452,0.044810183,0.039699614,-0.086426854,19562421,6,219,0.01956527,677
6000051000200,41000600002184,6000051000213,6000051000000,41,0.98870814,6000051000201,-1,6000051000199,6000051000200,-1,22,3.3565612,3.098364,3.3565612,28014,8.298386,62.065544,58.432064,224950,0,6,6,-204.5924,47.759487,-90.62325,28.248825,55.884644,0.054307215,0.024893949,-0.057386287,19562453,6,2184,0.018369853,601
6000051000201,40000600000189,6000051000213,6000051000000,40,1.0778745,6000051000202,-1,6000051000200,6000051000023,6000051000216,22,0.0,0.0,0.0,28014,8.42294,62.027187,58.48159,224950,0,6,6,-274.1786,119.244446,-122.918724,33.974747,59.629368,0.049314998,0.028142523,-0.0790218,19562453,6,189,0.015239699,542
6000051000202,39000600000155,6000051000213,6000051000000,39,1.173417,6000051000203,-1,6000051000201,6000051000024,-1,23,0.0,0.0,0.0,28014,8.598084,61.961895,58.544235,224950,0,6,6,-402.71478,165.93813,-155.43344,39.840534,66.260796,0.015676653,0.022276314,-0.12543829,19562453,6,155,0.012439631,302
6000051000203,37000600000142,6000051000213,6000051000000,37,1.3857181,6000051000204,-1,6000051000202,6000051000026,-1,24,0.0,0.0,0.0,28017,9.148366,61.81391,58.71685,225171,1,6,6,-464.0578,51.641045,-152.22868,36.532394,71.08652,0.14446776,0.0069394396,0.0045166058,19562415,6,142,0.010775965,416
6000051000204,36000600000145,6000051000213,6000051000000,36,1.5036365,6000051000205,-1,6000051000203,6000051000027,6000051000101,23,0.0,0.0,0.0,28017,9.387351,61.80038,58.80514,225171,1,6,6,-429.50247,1.568767,-147.25597,37.74179,70.42735,0.12948705,-0.021739347,-0.020574896,19562415,6,145,0.009951976,547
6000051000205,35000600003028,6000051000213,6000051000000,35,1.6302707,6000051000206,-1,6000051000204,6000051000205,-1,29,2.2377074,2.065576,2.3237731,28017,9.624838,61.79112,58.872734,225171,1,6,6,-409.18262,-24.957962,-148.0745,31.011997,58.483578,0.13647304,-0.025657682,-0.113651216,19562415,6,3028,0.021355582,939
6000051000206,34000600003386,6000051000213,6000051000000,34,1.766336,6000051000207,-1,6000051000205,6000051000206,-1,25,1.549182,1.032788,1.549182,28018,9.85618,61.805256,58.96313,225178,1,6,6,-392.4562,-35.26742,-154.35141,33.01763,58.61573,0.12852636,0.105250224,0.0099067055,19562456,6,3386,0.020270616,49
6000051000207,33000600002694,6000051000213,6000051000000,33,1.9126327,6000051000208,-1,6000051000206,6000051000207,-1,31,1.4631164,1.2049193,1.4631164,28018,10.078121,61.832024,59.038845,225178,1,6,6,-375.93228,-50.68715,-151.21765,33.484077,55.882698,0.17119041,0.08106166,-0.030948838,19562413,6,2694,0.020844987,230
6000051000208,32000600003195,6000051000213,6000051000000,32,2.0700274,6000051000209,-1,6000051000207,6000051000208,-1,26,1.549182,1.549182,1.549182,28018,10.292063,61.867233,59.157204,225178,1,6,6,-356.57178,-55.78581,-151.31859,31.866802,56.61151,0.16618788,0.1510076,0.029215733,19562456,6,3195,0.019338705,265
6000051000209,31000600003484,6000051000213,6000051000000,31,2.2394855,6000051000210,-1,6000051000208,6000051000209,-1,23,1.7213135,1.7213135,1.7213135,28018,10.481236,61.9324,59.234608,225178,1,6,6,-347.0584,-59.952957,-159.23895,32.132736,62.097393,0.18972272,0.09674327,-0.015769556,19562452,6,3484,0.01559648,225
6000051000210,30000600003198,6000051000213,6000051000000,30,2.422044,6000051000211,-1,6000051000209,6000051000210,-1,24,1.8073791,1.8073791,1.8934448,28018,10.6734,61.95745,59.332626,225178,1,6,6,-336.35916,-61.16891,-159.46619,31.984922,64.78243,0.1866046,0.08691142,-0.03780394,19562452,6,3198,0.01434663,787
6000051000211,29000600003478,6000051000213,6000051000000,29,2.6188614,6000051000212,-1,6000051000210,6000051000211,-1,22,1.3770508,1.3770508,1.3770508,28018,10.860745,62.002438,59.457985,225179,1,6,6,-327.85782,-61.73491,-155.72954,34.157333,61.560753,0.111576945,0.079989545,-0.04467538,16806355,6,3478,0.011720424,218
6000051000212,28000600003282,6000051000213,6000051000000,28,2.8311827,6000051000213,-1,6000051000211,6000051000212,-1,22,1.3770508,1.3770508,1.3770508,28018,11.0268755,62.04921,59.531845,225179,1,6,6,-312.06253,-60.219727,-149.74438,38.911892,68.44868,0.11733098,0.0841572,-0.048173282,19562421,6,3282,0.009727056,603
6000051000213,27000600003199,6000051000213,6000051000000,27,3.060419,-1,-1,6000051000212,6000051000213,-1,21,1.2049193,1.2049193,1.2909851,28018,11.22877,62.07938,59.63361,225183,1,6,6,-306.031,-61.20971,-146.28343,34.67127,60.824432,0.13039522,0.08134371,-0.028084861,19562453,6,3199,0.011150418,659
6000051000214,42000600000217,6000051000217,6000051000000,42,0.9054624,6000051000215,-1,6000051000020,6000051000021,6000051000275,27,0.0,0.0,0.0,28014,8.224255,61.47228,58.458878,224948,0,6,6,-175.81947,-19.269693,-98.02612,40.472675,75.041885,-0.002658764,-0.02338862,0.055754825,19556309,6,217,0.012017033,553
6000051000215,41000600000169,6000051000217,6000051000000,41,0.98870814,6000051000216,-1,6000051000214,6000051000022,6000051000301,30,0.0,0.0,0.0,28014,8.309103,61.50421,58.513233,224948,0,6,6,-225.63934,-73.69145,-98.342415,34.83027,66.93399,-0.016004587,0.052697726,0.04190683,19556834,6,169,0.015928037,728
6000051000216,40000600000190,6000051000217,6000051000000,40,1.0778745,6000051000217,-1,6000051000215,6000051000023,-1,20,0.0,0.0,0.0,28014,8.44568,61.549885,58.553383,224950,0,6,6,-286.14905,-123.98791,-90.57928,30.10737,61.793816,-0.011659915,0.01818475,0.07898401,19556605,6,190,0.015176578,876
6000051000217,39000600000154,6000051000217,6000051000000,39,1.173417,-1,-1,6000051000216,6000051000024,6000051000202,24,0.0,0.0,0.0,28014,8.613159,61.633137,58.59273,224950,0,6,6,-340.1281,-199.40468,-91.10498,30.472834,63.113117,-0.016964002,0.027869571,-0.051471706,19556613,6,154,0.017291334,840
6000051000218,43000600000251,6000051000218,6000051000000,43,0.8276991,-1,-1,6000051000019,6000051000020,-1,20,0.0,0.0,0.0,28014,8.088452,61.79726,58.308258,224950,0,6,6,-289.788,55.716324,-217.34546,33.550232,53.133923,-0.077902645,-0.016320325,-0.085520394,19562087,6,251,0.014421778,823
6000051000219,44000600000208,6000051000224,6000051000000,44,0.75503564,6000051000220,-1,6000051000018,6000051000019,-1,21,0.0,0.0,0.0,28049,7.8120008,61.41479,58.34144,224509,0,6,6,-53.71419,-62.56495,201.85667,28.563332,53.51048,0.14288491,0.10661705,-0.01994808,16811713,6,208,0.017802505,515
6000051000220,43000600003301,6000051000224,6000051000000,43,0.8276991,6000051000221,-1,6000051000219,6000051000220,-1,25,2.1516418,2.065576,2.065576,28014,7.8577533,61.43722,58.241512,224948,0,6,6,-117.48386,-63.950123,174.21826,30.155037,53.17274,0.09987797,0.11253487,0.01808295,16827705,6,3301,0.019281905,149
6000051000221,42000600003886,6000051000224,6000051000000,42,0.9054624,6000051000222,-1,6000051000220,6000051000221,-1,22,1.7213135,1.7213135,1.7213135,28014,7.9179163,61.47028,58.155655,224948,0,6,6,-149.78096,-63.91405,148.5966,33.3696,68.83556,-0.0054608337,0.096762165,-3.8849819E-4,16827705,6,3886,0.013398516,905
6000051000222,41000600003867,6000051000224,6000051000000,41,0.98870814,6000051000223,-1,6000051000221,6000051000222,-1,22,1.7213135,1.549182,1.6352477,28014,7.998185,61.52421,58.08614,224950,0,6,6,-170.94052,-65.04458,130.23367,26.777952,52.88373,-0.008267611,0.080456644,0.003232886,16827705,6,3867,0.015882064,599
6000051000223,40000600004117,6000051000224,6000051000000,40,1.0778745,6000051000224,-1,6000051000222,6000051000223,-1,20,1.1188537,1.032788,1.1188537,28014,8.09898,61.556942,58.00583,224950,0,6,6,-187.50996,-67.908195,116.28785,28.327633,60.484047,-0.027220715,0.0973461,-0.026479144,16827706,6,4117,0.01966921,406
6000051000224,39000600004153,6000051000224,6000051000000,39,1.173417,-1,-1,6000051000223,6000051000224,-1,20,1.032788,0.9467224,1.032788,28014,8.211227,61.600742,57.95685,224950,0,6,6,-196.40074,-67.013466,105.521126,22.58186,45.83215,-0.036627095,0.09681687,-0.03010742,16827753,6,4153,0.022236144,650
6000051000225,46000600003777,6000051000231,6000051000000,46,0.6235901,6000051000226,-1,6000051000016,6000051000225,-1,22,1.8934448,1.1188537,1.8073791,28049,7.525958,61.423325,57.95191,224509,0,6,6,-172.37953,-123.3846,198.0053,25.52759,44.469616,-0.12137818,-0.070028774,-0.11403229,19540839,6,3777,0.025803678,776
6000051000226,45000600003456,6000051000231,6000051000000,45,0.6871088,6000051000227,-1,6000051000225,6000051000226,-1,25,1.7213135,1.4631164,1.7213135,28049,7.6127086,61.4918,57.876137,224509,0,6,6,-186.51224,-115.59995,174.12083,25.049887,45.166016,-0.124701135,-0.045584522,-0.07386038,16826118,6,3456,0.026183365,48
6000051000227,44000600003566,6000051000231,6000051000000,44,0.75503564,6000051000228,-1,6000051000226,6000051000227,-1,24,1.6352477,1.032788,1.549182,28049,7.711261,61.554893,57.800617,224511,0,6,6,-197.70624,-107.08189,153.72638,27.61763,45.75421,-0.11952346,-0.012630396,-0.09043988,16826118,6,3566,0.032362286,542
6000051000228,43000600003409,6000051000231,6000051000000,43,0.8276991,6000051000229,-1,6000051000227,6000051000228,-1,25,1.549182,1.2049193,1.549182,28014,7.812998,61.61113,57.721386,224950,0,6,6,-203.30403,-100.87043,135.71022,27.377838,44.54835,-0.119596064,0.030040996,-0.071836405,16826118,6,3409,0.0272678,255
6000051000229,42000600003640,6000051000231,6000051000000,42,0.9054624,6000051000230,-1,6000051000228,6000051000229,-1,23,1.2049193,0.86065674,1.2049193,28014,7.914644,61.673294,57.67149,224950,0,6,6,-212.40497,-98.780464,125.633286,26.756264,42.142307,-0.16851807,0.104830146,-0.08607434,19540839,6,3640,0.027566632,249
6000051000230,41000600003728,6000051000231,6000051000000,41,0.98870814,6000051000231,-1,6000051000229,6000051000230,-1,22,1.3770508,1.2049193,1.3770508,28014,7.9931316,61.691338,57.630768,224950,0,6,6,-213.379,-93.762344,112.87474,26.360703,44.57706,-0.1575827,0.124012604,-0.06393931,16826116,6,3728,0.023352215,98
6000051000231,40000600004011,6000051000231,6000051000000,40,1.0778745,-1,-1,6000051000230,6000051000231,-1,21,1.2049193,1.032788,1.2049193,28014,8.112225,61.7497,57.55499,224946,0,6,6,-214.43912,-88.32162,102.85431,26.337854,44.08778,-0.17441042,0.12261932,-0.060949735,16826118,6,4011,0.023497354,65
6000051000232,48000600000203,6000051000260,6000051000000,48,0.5085914,6000051000233,-1,6000051000014,6000051000015,6000051000494,30,0.0,0.0,0.0,28049,7.572928,60.99247,58.36095,224509,0,6,6,-333.62045,49.04365,20.880205,38.97051,86.777275,-0.09151173,-0.040799424,0.01645797,19536347,6,203,0.008757517,867
6000051000233,47000600000192,6000051000260,6000051000000,47,0.5641766,6000051000234,-1,6000051000232,6000051000016,6000051000495,37,0.0,0.0,0.0,28049,7.6955943,60.99839,58.352615,224509,0,6,6,-282.7727,-41.757526,19.775145,40.156948,82.47981,-0.054066975,-0.011737015,-0.015549516,19536320,6,192,0.011288348,669
6000051000234,46000600000191,6000051000260,6000051000000,46,0.6235901,6000051000235,-1,6000051000233,6000051000017,6000051000296,41,0.0,0.0,0.0,28014,7.8227115,61.034256,58.345158,224948,0,6,6,-235.47008,-118.994514,3.4024272,37.24132,77.204445,-0.040401235,-0.047266968,0.01221789,19536350,6,191,0.013262318,782
6000051000235,45000600000187,6000051000260,6000051000000,45,0.6871088,6000051000236,-1,6000051000234,6000051000018,6000051000297,43,0.0,0.0,0.0,28014,7.9202113,61.108807,58.342026,224948,0,6,6,-198.4269,-193.90204,-17.01859,39.649044,79.52233,-0.06464811,-0.05930419,0.04959926,19536360,6,187,0.013836561,943
6000051000236,44000600000205,6000051000260,6000051000000,44,0.75503564,6000051000237,-1,6000051000235,6000051000019,6000051000298,44,0.0,0.0,0.0,28014,8.004871,61.228046,58.364216,224948,0,6,6,-170.56111,-284.15875,-58.47952,46.88096,86.67438,0.0010625754,-0.07536494,0.10335781,19561883,6,205,0.013100144,644
6000051000237,43000600000247,6000051000260,6000051000000,43,0.8276991,6000051000238,-1,6000051000236,6000051000020,6000051000499,33,0.0,0.0,0.0,28014,8.090119,61.39724,58.403687,224948,0,6,6,-175.92422,-385.06226,-99.8501,45.520348,85.39314,0.009987098,-0.00886642,0.054224923,19536318,6,247,0.009119893,421
6000051000238,42000600000216,6000051000260,6000051000000,42,0.9054624,6000051000239,-1,6000051000237,6000051000021,6000051000214,31,0.0,0.0,0.0,28014,8.210236,61.622925,58.472862,224950,0,6,6,-314.00778,-486.19775,-156.44417,41.269836,85.92252,-0.093254775,-0.02085533,0.019500783,19536279,6,216,0.0106538,486
6000051000239,41000600000168,6000051000260,6000051000000,41,0.98870814,6000051000240,-1,6000051000238,6000051000022,6000051000215,44,0.0,0.0,0.0,28014,8.432515,61.867054,58.55837,224950,0,6,6,-548.4887,-445.78592,-140.94943,54.511803,96.88274,-0.10230674,-0.0025068836,-0.040237762,19560214,6,168,0.010452624,429
6000051000240,40000600000185,6000051000260,6000051000000,40,1.0778745,6000051000241,-1,6000051000239,6000051000023,6000051000302,53,0.0,0.0,0.0,28017,8.738971,62.050964,58.598873,225170,0,6,6,-598.22754,-289.5229,-39.08358,56.25571,96.28205,-0.14051609,0.0658695,-0.06538862,19536349,6,185,0.012240715,791
6000051000241,39000600000153,6000051000260,6000051000000,39,1.173417,6000051000242,-1,6000051000240,6000051000024,6000051000217,76,0.0,0.0,0.0,28017,9.047629,62.18852,58.6084,225171,1,6,6,-523.99896,-210.93141,-5.823324,58.379032,103.050224,-0.17010644,0.09091662,-0.069349505,19536320,6,153,0.015106626,16
6000051000242,38000600001144,6000051000260,6000051000000,38,1.2758462,6000051000243,-1,6000051000241,6000051000242,-1,95,8.606567,8.176239,8.606567,28017,9.318455,62.283028,58.61047,225171,1,6,6,-462.68884,-174.3969,8.880683,50.73215,95.13432,-0.026356619,0.07992516,-0.1426518,19536377,6,1144,0.019999623,319
6000051000243,37000600001073,6000051000260,6000051000000,37,1.3857181,6000051000244,-1,6000051000242,6000051000243,-1,98,8.520501,8.348371,8.520501,28017,9.575674,62.38201,58.615646,225171,1,6,6,-428.2644,-150.36934,12.639455,48.9572,98.22464,-0.07812181,0.0066665024,-0.07568794,19561880,6,1073,0.023250949,977
6000051000244,36000600001083,6000051000260,6000051000000,36,1.5036365,6000051000245,-1,6000051000243,6000051000244,-1,95,7.831976,7.057385,7.9180417,28013,9.810509,62.464787,58.59049,224958,1,6,6,-400.30557,-136.36102,12.544118,49.814102,98.8845,-0.09404287,0.042268008,-0.06434207,19561880,6,1083,0.019585427,408
6000051000245,35000600001140,6000051000260,6000051000000,35,1.6302707,6000051000246,-1,6000051000244,6000051000245,-1,93,7.659845,7.4877133,7.659845,32530,10.03566,0.033989694,58.58623,150060,1,0,6,-378.0431,-121.70426,12.377808,57.933197,108.67687,-0.18116252,0.058330484,0.12994316,19561880,6,1140,0.01498627,176
6000051000246,34000700001197,6000051000260,6000051000000,34,1.766336,6000051000247,-1,6000051000245,6000051000246,-1,94,8.176239,8.176239,8.434436,32530,10.245419,0.109275825,58.58049,150060,1,0,6,-363.10086,-118.42467,11.614111,58.435463,108.265495,-0.19352445,0.10059529,0.067961425,19536349,7,1197,0.016220005,974
6000051000247,33000700001166,6000051000260,6000051000000,33,1.9126327,6000051000248,-1,6000051000246,6000051000247,-1,91,8.262304,8.004107,8.348371,32530,10.446808,0.18165013,58.57111,150060,1,0,6,-346.50055,-108.50808,12.044029,65.52617,112.34148,-0.20296326,0.042543266,0.145073,19536351,7,1166,0.014211563,57
6000051000248,32000700001161,6000051000260,6000051000000,32,2.0700274,6000051000249,-1,6000051000247,6000051000248,-1,86,8.262304,7.9180417,8.262304,32530,10.627696,0.23764344,58.55377,150060,1,0,6,-326.91367,-100.231186,10.0054455,58.454746,104.982765,-0.198485,-0.029918117,0.0064156353,19536279,7,1161,0.017091522,72
6000051000249,31000700001208,6000051000260,6000051000000,31,2.2394855,6000051000250,-1,6000051000248,6000051000249,-1,78,6.36886,6.36886,6.540991,32530,10.835908,0.3034531,58.5415,150061,1,0,6,-312.7059,-96.260925,18.21287,56.883297,105.47428,0.009842397,-0.010673372,-0.04370913,19537964,7,1208,0.013483421,925
6000051000250,30000700001257,6000051000260,6000051000000,30,2.422044,6000051000251,-1,6000051000249,6000051000250,-1,70,6.36886,6.196728,6.799188,32530,10.998573,0.35789663,58.531746,150061,1,0,6,-299.13705,-92.79453,17.894936,57.326454,102.86509,-0.012102365,0.004051434,-0.0064494433,19536350,7,1257,0.013839287,451
6000051000251,29000700001194,6000051000260,6000051000000,29,2.6188614,6000051000252,-1,6000051000250,6000051000251,-1,70,6.4549255,5.8524656,6.540991,32530,11.149439,0.39696392,58.509132,150061,1,0,6,-290.22705,-81.15611,16.986187,54.505066,93.64042,-0.014961363,-0.012763329,-0.04462602,19536279,7,1194,0.016475819,437
6000051000252,28000700001050,6000051000260,6000051000000,28,2.8311827,6000051000253,-1,6000051000251,6000051000252,-1,75,6.4549255,6.024597,6.6270566,32530,11.329787,0.42583853,58.504528,150061,1,0,6,-282.5131,-76.80689,14.064818,53.66717,94.80648,0.012481094,-0.02949373,-0.0045356327,19536279,7,1050,0.020376462,810
6000051000253,27000700000901,6000051000260,6000051000000,27,3.060419,6000051000254,-1,6000051000252,6000051000253,-1,80,6.36886,6.196728,6.4549255,32530,11.482044,0.48544422,58.52266,150061,1,0,6,-269.2196,-76.58138,11.647911,60.730446,105.65282,-0.017862264,-0.034220282,0.06316258,19536279,7,901,0.015453782,979
6000051000254,26000700000870,6000051000260,6000051000000,26,3.3080978,6000051000255,-1,6000051000253,6000051000254,-1,74,5.508203,5.4221373,5.7664,32530,11.60879,0.541017,58.511757,150061,1,0,6,-249.9611,-71.13117,12.633997,67.40811,110.19513,-0.045479175,-0.021422833,0.009822146,19536320,7,870,0.012013708,195
6000051000255,25000700001120,6000051000260,6000051000000,25,3.575905,6000051000256,-1,6000051000254,6000051000255,-1,51,4.6475463,4.5614805,5.1639404,32525,11.735678,0.5677026,58.507862,150116,1,0,6,-235.47072,-61.986675,-0.13986051,65.794075,110.563034,-0.09573854,-0.038644664,-0.03284166,19536279,7,1120,0.009630287,904
6000051000256,24000700000789,6000051000260,6000051000000,24,3.8656828,6000051000257,-1,6000051000255,6000051000256,-1,62,3.8729553,3.8729553,4.0450864,32525,11.869322,0.6257588,58.47984,150116,1,0,6,-230.24898,-57.417095,-0.7708805,59.7544,95.47036,-0.07393786,-0.07279484,0.010525226,19536279,7,789,0.0136584705,310
6000051000257,23000700000890,6000051000260,6000051000000,23,4.1794686,6000051000258,-1,6000051000256,6000051000257,-1,49,3.2704954,3.2704954,3.2704954,32525,11.978229,0.6478769,58.51928,150116,1,0,6,-221.86423,-64.65252,-3.070554,54.895275,93.80976,-0.020542068,-0.11071383,0.048380643,19536320,7,890,0.012753035,719
6000051000258,22000700001121,6000051000260,6000051000000,22,4.5195556,6000051000259,-1,6000051000257,6000051000258,-1,34,2.6680357,2.4959044,2.840167,32525,12.136236,0.67068136,58.531364,150116,1,0,6,-205.92142,-62.821667,-9.076165,53.526684,90.14694,-0.021999612,-0.19638363,0.11756825,19536350,7,1121,0.009439548,270
6000051000259,21000700001160,6000051000260,6000051000000,21,4.888449,6000051000260,-1,6000051000258,6000051000259,-1,28,1.2049193,1.2049193,1.7213135,32525,12.254232,0.68808055,58.545876,150116,1,0,6,-216.65779,-48.609432,12.693015,53.500553,77.50097,-0.058405314,-0.086223826,0.1344431,19536419,7,1160,0.010487629,966
6000051000260,20000700001052,6000051000260,6000051000000,20,5.2888336,-1,-1,6000051000259,6000051000260,-1,26,1.2049193,1.2049193,1.2909851,32525,12.398851,0.7065899,58.508247,150116,1,0,6,-205.57256,-41.31276,10.7598,50.13378,78.53803,-0.0255751,-0.11534041,0.17355734,19561881,7,1052,0.009311474,756
6000051000261,52000600000212,6000051000265,6000051000000,52,0.31970343,6000051000262,6000051000266,6000051000010,6000051000011,-1,20,0.0,0.0,0.0,28049,7.3811,61.101948,58.260723,224509,0,6,6,-348.21756,-342.48096,-23.09187,23.623528,60.097286,-0.031455215,0.050976016,0.022030413,19562452,6,212,0.01795504,863
6000051000262,50000600001019,6000051000265,6000051000000,50,0.40789944,6000051000263,-1,6000051000261,6000051000268,-1,25,0.0,0.0,0.0,28049,7.600812,61.358143,58.276752,224509,0,6,6,-264.20886,-332.1245,-6.6155467,29.968966,63.39362,0.27198833,0.11399942,0.07395714,19562446,6,1019,0.016845409,320
6000051000263,49000600000221,6000051000265,6000051000000,49,0.45657724,6000051000264,-1,6000051000262,6000051000014,-1,21,0.0,0.0,0.0,28049,7.7047386,61.481716,58.2735,224509,0,6,6,-225.66566,-314.89377,-3.8815773,29.042608,59.27135,0.03826011,0.019967256,0.016989522,19562446,6,221,0.012486434,844
6000051000264,48000600000205,6000051000265,6000051000000,48,0.5085914,6000051000265,-1,6000051000263,6000051000015,6000051000270,22,0.0,0.0,0.0,28049,7.799078,61.611553,58.275375,224511,0,6,6,-194.2733,-289.9442,-7.6942997,28.206697,61.061417,0.0574004,0.048958555,0.02919058,19562446,6,205,0.016126227,332
6000051000265,47000600000194,6000051000265,6000051000000,47,0.5641766,-1,-1,6000051000264,6000051000016,6000051000271,22,0.0,0.0,0.0,28014,7.870957,61.731487,58.27579,224950,0,6,6,-165.45396,-262.45673,-11.3297415,26.551394,60.222595,0.029646872,-0.033935867,0.03320643,19562446,6,194,0.013081522,959
6000051000266,52000600000211,6000051000277,6000051000000,52,0.31970343,6000051000267,-1,6000051000010,6000051000011,6000051000261,20,0.0,0.0,0.0,28049,7.243633,61.147133,58.405533,224509,0,6,6,-345.82773,-364.58032,-75.259575,27.148628,58.110523,-0.08651451,-0.02862124,0.103032306,123530,6,211,0.013835211,48
6000051000267,51000600000210,6000051000277,6000051000000,51,0.36234027,6000051000268,-1,6000051000266,6000051000012,-1,21,0.0,0.0,0.0,28049,7.3651843,61.270508,58.428375,224509,0,6,6,-317.26154,-348.48294,-46.230324,24.07728,54.767246,-0.18448225,-0.10632038,0.05309685,123532,6,210,0.014566894,135
6000051000268,50000600001020,6000051000277,6000051000000,50,0.40789944,6000051000269,-1,6000051000267,6000051000268,6000051000262,20,3.6147583,2.5819702,3.442627,28049,7.492972,61.39881,58.436813,224509,0,6,6,-295.4324,-326.06406,-24.910563,23.975763,52.86202,-0.0828715,-0.028608574,0.098092444,123554,6,1020,0.019877821,993
6000051000269,49000600000220,6000051000277,6000051000000,49,0.45657724,6000051000270,-1,6000051000268,6000051000014,6000051000263,21,0.0,0.0,0.0,28049,7.6068053,61.524437,58.4358,224511,0,6,6,-276.6845,-299.39227,-1.7587996,21.003939,49.18543,-0.06845549,-0.14275207,0.04185874,123554,6,220,0.020812107,878
6000051000270,48000600000206,6000051000277,6000051000000,48,0.5085914,6000051000271,-1,6000051000269,6000051000015,-1,20,0.0,0.0,0.0,28049,7.713112,61.65093,58.43344,224511,0,6,6,-266.86453,-270.20923,21.204554,25.875195,55.057796,-0.10900383,-0.04339284,0.10036662,123488,6,206,0.015077711,751
6000051000271,47000600000195,6000051000277,6000051000000,47,0.5641766,6000051000272,-1,6000051000270,6000051000016,-1,20,0.0,0.0,0.0,28014,7.828296,61.763832,58.42277,224950,0,6,6,-253.36908,-236.99089,39.737034,28.560163,61.324764,-0.1111872,-0.05216029,0.10632394,19559389,6,195,0.012287548,559
6000051000272,46000600001360,6000051000277,6000051000000,46,0.6235901,6000051000273,-1,6000051000271,6000051000272,-1,22,3.442627,2.6680357,3.18443,28014,7.9417276,61.85211,58.41011,224950,0,6,6,-232.06989,-191.74359,53.339024,28.10349,53.881355,-0.026048804,-0.081216924,0.024420455,19559389,6,1360,0.015299391,945
6000051000273,44000600001659,6000051000277,6000051000000,44,0.75503564,6000051000274,-1,6000051000272,6000051000273,-1,21,2.4098387,2.2377074,2.3237731,28014,8.150977,61.98553,58.324936,224950,0,6,6,-198.1136,-92.944534,67.25494,24.754087,50.30949,-0.16773994,-0.19286089,0.019207356,123539,6,1659,0.01777717,983
6000051000274,43000600000249,6000051000277,6000051000000,43,0.8276991,6000051000275,-1,6000051000273,6000051000020,6000051000299,25,0.0,0.0,0.0,28014,8.231503,62.00607,58.310467,224950,0,6,6,-185.51707,-34.654278,58.831432,35.0342,60.105778,-0.02319598,0.023178624,0.08688408,123529,6,249,0.014252989,219
6000051000275,42000600000218,6000051000277,6000051000000,42,0.9054624,6000051000276,-1,6000051000274,6000051000021,6000051000199,23,0.0,0.0,0.0,28014,8.321124,62.006485,58.284023,224950,0,6,6,-181.69005,23.35853,20.938719,29.137735,58.495598,0.028836178,-0.033008624,0.050666228,19559415,6,218,0.015090204,317
6000051000276,41000600000171,6000051000277,6000051000000,41,0.98870814,6000051000277,-1,6000051000275,6000051000022,-1,22,0.0,0.0,0.0,28014,8.424411,61.992523,58.28366,224950,0,6,6,-200.81578,96.24712,-41.938972,33.041534,58.814297,-0.09478062,-0.0869349,-0.013450398,19559415,6,171,0.014889848,316
6000051000277,40000600000188,6000051000277,6000051000000,40,1.0778745,-1,-1,6000051000276,6000051000023,6000051000201,25,0.0,0.0,0.0,28014,8.538718,61.92143,58.345795,224950,0,6,6,-236.17728,143.52258,-143.26004,33.91558,63.064297,0.0011115426,-0.105500005,0.041718215,123530,6,188,0.014558107,952
6000051000278,58000600001111,6000051000282,6000051000000,58,0.11588337,6000051000279,-1,6000051000004,6000051000278,-1,21,2.9262328,1.4631164,1.9795104,28049,6.884195,60.806038,57.960705,224509,0,6,6,-300.03644,-379.13568,-16.296587,22.433376,41.646706,0.09005211,0.016941404,-0.06738545,19558253,6,1111,0.024278631,782
6000051000279,57000600000272,6000051000282,6000051000000,57,0.14438343,6000051000280,-1,6000051000278,6000051000006,-1,21,0.0,0.0,0.0,28049,6.9739184,60.91515,57.963814,224509,0,6,6,-283.38803,-385.52927,-25.31074,23.995626,47.813114,0.066294655,0.002087601,-0.09480382,19558252,6,272,0.02232776,135
6000051000280,55000600000229,6000051000282,6000051000000,55,0.20754863,6000051000281,-1,6000051000279,6000051000008,-1,25,0.0,0.0,0.0,28049,7.1287966,61.135857,57.98813,224509,0,6,6,-236.61958,-398.02814,-41.597515,32.360184,51.73507,0.12602521,0.048781723,-0.12975219,19558253,6,229,0.023090722,444
6000051000281,54000600000270,6000051000282,6000051000000,54,0.24246909,6000051000282,-1,6000051000280,6000051000009,-1,25,0.0,0.0,0.0,28049,7.211827,61.25549,58.006355,224509,0,6,6,-217.86447,-398.95117,-53.892498,34.047035,57.59726,0.11574296,0.052106224,-0.13619246,19558255,6,270,0.017174205,624
6000051000282,53000600000551,6000051000282,6000051000000,53,0.2798018,-1,-1,6000051000281,6000051000387,-1,22,0.0,0.0,0.0,28049,7.2796354,61.385754,58.024376,224509,0,6,6,-207.49092,-385.3234,-71.18893,27.436617,48.015762,0.33327714,0.09331828,0.12698768,19558252,6,551,0.021491025,930
6000051000283,59000600000255,6000051000310,6000051000000,59,0.08928783,6000051000284,-1,6000051000003,6000051000004,6000051000520,23,0.0,0.0,0.0,28048,5.991598,60.41649,57.885803,224494,0,6,6,-292.1873,13.034539,-96.40839,20.00438,44.465023,-0.055584103,0.08942396,0.101290695,19542799,6,255,0.024999702,6
6000051000284,58000600002403,6000051000310,6000051000000,58,0.11588337,6000051000285,-1,6000051000283,6000051000284,-1,25,2.7541015,1.549182,1.8934448,28048,6.0758395,60.41162,57.91916,224494,0,6,6,-313.96304,6.8129144,-119.60827,23.095251,49.339645,-0.110796824,0.11081137,0.17457291,19541075,6,2403,0.020163998,214
6000051000285,57000600002413,6000051000310,6000051000000,57,0.14438343,6000051000286,-1,6000051000284,6000051000285,-1,25,3.0122986,1.7213135,2.3237731,28048,6.162017,60.414757,57.957363,224494,0,6,6,-335.45297,-3.8592172,-140.99684,27.474876,57.912735,-0.13794704,0.1590273,0.1691095,19541075,6,2413,0.01867958,768
6000051000286,56000600000275,6000051000310,6000051000000,56,0.17489761,6000051000287,-1,6000051000285,6000051000007,6000051000486,26,0.0,0.0,0.0,28048,6.2556267,60.41971,57.994907,224494,0,6,6,-357.17685,-18.20299,-162.03769,27.430882,55.331215,-0.09841855,0.15518218,0.07320193,19541075,6,275,0.016926123,540
6000051000287,55000600000228,6000051000310,6000051000000,55,0.20754863,6000051000288,-1,6000051000286,6000051000008,6000051000280,26,0.0,0.0,0.0,28048,6.374001,60.436428,58.045677,224494,0,6,6,-373.79593,-34.187866,-183.58984,26.050344,51.968666,-0.12511508,0.2857063,0.060583834,19541036,6,228,0.020555142,50
6000051000288,54000600000269,6000051000310,6000051000000,54,0.24246909,6000051000289,-1,6000051000287,6000051000009,6000051000281,26,0.0,0.0,0.0,28048,6.4985046,60.44745,58.10452,224494,0,6,6,-396.23895,-58.682415,-203.97412,24.698898,52.53608,-0.11680213,0.2765032,0.023096878,19541036,6,269,0.020348424,435
6000051000289,53000600000221,6000051000310,6000051000000,53,0.2798018,6000051000290,-1,6000051000288,6000051000010,-1,29,0.0,0.0,0.0,28048,6.6383996,60.47286,58.182194,224494,0,6,6,-416.20193,-82.54374,-216.63167,28.52167,58.845173,-0.14794883,0.25936484,-0.012344165,19541036,6,221,0.019100351,75
6000051000290,52000600000209,6000051000310,6000051000000,52,0.31970343,6000051000291,-1,6000051000289,6000051000011,6000051000490,29,0.0,0.0,0.0,28048,6.7879734,60.50843,58.268246,224494,0,6,6,-433.26926,-113.17069,-219.16374,31.035788,60.668896,-0.12521812,0.26087272,-0.03267639,19541036,6,209,0.018333467,11
6000051000291,51000600000208,6000051000310,6000051000000,51,0.36234027,6000051000292,-1,6000051000290,6000051000012,6000051000491,29,0.0,0.0,0.0,28049,6.9520555,60.558163,58.34065,224509,0,6,6,-448.44818,-151.86504,-216.24828,33.66867,57.362587,-0.119509004,0.24458553,-0.029501932,19541036,6,208,0.018181255,934
6000051000292,50000600000211,6000051000310,6000051000000,50,0.40789944,6000051000293,-1,6000051000291,6000051000013,-1,30,0.0,0.0,0.0,28049,7.1364784,60.618015,58.431328,224509,0,6,6,-459.55606,-194.59294,-205.73303,35.02009,66.961426,-0.07120811,0.19489205,-0.045569945,19541989,6,211,0.013447171,258
6000051000293,49000600000219,6000051000310,6000051000000,49,0.45657724,6000051000294,-1,6000051000292,6000051000014,6000051000269,28,0.0,0.0,0.0,28049,7.3340654,60.699986,58.515648,224509,0,6,6,-466.57864,-242.38066,-185.41519,30.274467,55.073135,-0.08799365,0.2133972,-0.03519527,19542793,6,219,0.0196223,743
6000051000294,48000600000202,6000051000310,6000051000000,48,0.5085914,6000051000295,-1,6000051000293,6000051000015,6000051000232,30,0.0,0.0,0.0,28049,7.515518,60.81445,58.58402,224509,0,6,6,-463.00098,-286.1022,-150.38718,27.294931,58.537655,-0.116616346,0.25421497,-0.012163441,19542850,6,202,0.020983322,530
6000051000295,47000600000828,6000051000310,6000051000000,47,0.5641766,6000051000296,-1,6000051000294,6000051000530,-1,26,0.0,0.0,0.0,28046,7.7018476,60.952175,58.642845,224729,0,6,6,-449.71445,-328.71216,-112.00397,23.813467,55.21304,-0.037004393,0.15801284,-0.0062007587,19542850,6,828,0.021310674,435
6000051000296,46000600000192,6000051000310,6000051000000,46,0.6235901,6000051000297,-1,6000051000295,6000051000017,6000051000496,30,0.0,0.0,0.0,28017,7.889012,61.11508,58.68064,225168,0,6,6,-423.3025,-365.45892,-60.276012,25.126577,51.052418,-0.095940925,0.15668646,-0.03860218,19542798,6,192,0.026483607,602
6000051000297,45000600000188,6000051000310,6000051000000,45,0.6871088,6000051000298,-1,6000051000296,6000051000018,6000051000497,29,0.0,0.0,0.0,28017,8.092444,61.28454,58.69572,225168,0,6,6,-393.64673,-397.5996,-4.2675924,28.365173,57.52073,-0.1634115,0.16144496,-0.016824113,19542869,6,188,0.020010702,823
6000051000298,44000600000206,6000051000310,6000051000000,44,0.75503564,6000051000299,-1,6000051000297,6000051000019,6000051000498,29,0.0,0.0,0.0,28017,8.264245,61.47097,58.670044,225168,0,6,6,-340.7048,-422.48996,69.62726,34.730637,64.83639,-0.18114041,0.16190122,-0.0022785438,19542798,6,206,0.01391189,144
6000051000299,43000600000250,6000051000310,6000051000000,43,0.8276991,6000051000300,-1,6000051000298,6000051000020,6000051000218,25,0.0,0.0,0.0,28017,8.404453,61.680794,58.614304,225170,0,6,6,-253.72745,-447.50037,177.3333,40.29249,70.12861,-0.051310167,0.08941464,0.012308611,19541065,6,250,0.01058295,247
6000051000300,42000600000220,6000051000310,6000051000000,42,0.9054624,6000051000301,-1,6000051000299,6000051000021,-1,21,0.0,0.0,0.0,28014,8.514817,61.91045,58.498875,224950,0,6,6,-137.19182,-390.0767,241.31734,28.528734,54.86052,-0.16874385,-0.035148293,-4.6814312E-4,19541989,6,220,0.0155532295,274
6000051000301,41000600000170,6000051000310,6000051000000,41,0.98870814,6000051000302,-1,6000051000300,6000051000022,6000051000276,29,0.0,0.0,0.0,28014,8.554311,62.08773,58.37882,224950,0,6,6,-61.47449,-282.6427,230.8917,32.715984,61.646996,-0.0492074,0.124806955,0.06904174,19541988,6,170,0.015038096,878
6000051000302,40000600000186,6000051000310,6000051000000,40,1.0778745,6000051000303,-1,6000051000301,6000051000023,6000051000188,43,0.0,0.0,0.0,28014,8.57578,62.213894,58.27532,224950,0,6,6,-48.34215,-218.43533,174.95505,35.02886,63.573906,0.13465215,-0.03834473,-0.028175032,19541989,6,186,0.023400428,439
6000051000303,39000600002082,6000051000310,6000051000000,39,1.173417,6000051000304,-1,6000051000302,6000051000303,-1,45,3.7008238,3.6147583,3.7008238,28014,8.609717,62.32049,58.188133,224950,0,6,6,-49.290733,-184.76193,135.4051,37.656395,68.63166,0.09995215,-0.0132150175,0.052219484,19541070,6,2082,0.021474693,129
6000051000304,38000600002195,6000051000310,6000051000000,38,1.2758462,6000051000305,-1,6000051000303,6000051000304,-1,44,3.7008238,3.442627,3.7008238,28014,8.62965,62.429638,58.11732,224950,0,6,6,-54.70098,-161.87976,101.56362,42.05705,71.64685,0.09380884,-0.0066662664,0.039552346,19542798,6,2195,0.018778987,297
6000051000305,37000600002187,6000051000310,6000051000000,37,1.3857181,6000051000306,-1,6000051000304,6000051000305,-1,45,3.6147583,3.5286925,3.6147583,32533,8.6501665,0.008803374,58.046017,150052,0,0,6,-62.539223,-149.33354,81.90639,41.881214,76.78393,0.085893266,-0.058860708,0.061350353,19542846,6,2187,0.017211465,496
6000051000306,36000700002602,6000051000310,6000051000000,36,1.5036365,6000051000307,-1,6000051000305,6000051000306,-1,41,3.2704954,3.18443,3.2704954,32533,8.683773,0.0800918,57.998848,150052,0,0,6,-63.321556,-141.84985,69.69708,41.995285,70.64351,0.034777693,0.047113698,0.014033449,19542846,7,2602,0.016511789,658
6000051000307,35000700002314,6000051000310,6000051000000,35,1.6302707,6000051000308,-1,6000051000306,6000051000307,-1,47,2.1516418,1.9795104,2.2377074,32533,8.708101,0.14776768,57.970905,150052,0,0,6,-72.40501,-134.29861,55.326794,36.762253,66.73105,0.1652664,-0.13017492,-3.396564E-4,19542846,7,2314,0.026846739,258
6000051000308,34000700003009,6000051000310,6000051000000,34,1.766336,6000051000309,-1,6000051000307,6000051000308,-1,31,1.8934448,1.7213135,1.8934448,32533,8.753369,0.22375469,57.950745,150052,0,0,6,-68.196396,-124.32384,48.73691,31.331524,58.40204,0.26636484,-0.07974952,-0.05710758,19542846,7,3009,0.021285018,149
6000051000309,33000700003406,6000051000310,6000051000000,33,1.9126327,6000051000310,-1,6000051000308,6000051000309,-1,26,1.3770508,1.1188537,1.3770508,32533,8.800844,0.3177239,57.91879,150053,0,0,6,-77.08725,-126.97603,39.065956,30.433979,53.425964,0.05606456,0.10125587,0.0912051,19542850,7,3406,0.020358525,310
6000051000310,32000700003427,6000051000310,6000051000000,32,2.0700274,-1,-1,6000051000309,6000051000310,-1,27,0.9467224,0.9467224,0.9467224,32533,8.857656,0.38186017,57.91916,150053,0,0,6,-69.587326,-110.132904,38.23917,28.739378,51.85656,0.08332577,0.07732426,0.040933255,19541066,7,3427,0.022169862,866