haloID,subHaloID,lastProgenitorId,treeId,snapNum,redshift,firstProgenitorId,nextProgenitorId,descendantId,firstHaloInFOFgroupId,nextHaloInFOFgroupId,np,m_Mean200,m_Crit200,m_TopHat,phKey,x,y,z,zIndex,ix,iy,iz,velX,velY,velZ,velDisp,vMax,spinX,spinY,spinZ,mostBoundID,fileNr,subhaloIndex,halfmassRadius,random
6000050000000,63000600000264,6000050000307,6000050000000,63,0.0,6000050000001,-1,-1,6000050000000,-1,5016,490.91858,380.066,439.7095,26769,10.32468,31.773445,39.864895,199176,1,3,4,-28.092468,8.867176,-109.796776,158.43228,288.30124,-1.2633504,1.2787334,-0.75411296,17830936,6,264,0.11452338,209
6000050000001,62000600000267,6000050000307,6000050000000,62,0.019932542,6000050000002,-1,6000050000000,6000050000001,-1,5039,489.97186,378.0865,437.21362,26769,10.327975,31.76917,39.886265,199176,1,3,4,-29.632984,8.773743,-110.345276,157.92883,287.03458,-1.1567994,1.4464116,-0.7781395,17830936,6,267,0.11691585,942
6000050000002,61000600000261,6000050000307,6000050000000,61,0.041403063,6000050000003,-1,6000050000001,6000050000002,-1,5118,491.1768,375.8488,436.7833,26769,10.328064,31.764717,39.908573,199176,1,3,4,-30.30488,7.9821897,-112.41901,157.85414,289.33865,-1.5926431,1.5960898,-0.76451695,16081968,6,261,0.1177083,874
6000050000003,60000600000193,6000050000307,6000050000000,60,0.064493395,6000050000004,-1,6000050000002,6000050000003,-1,5088,489.97186,374.5578,437.4718,26769,10.33071,31.760677,39.93123,199176,1,3,4,-30.62266,8.655307,-112.71513,160.41801,292.65994,-1.5294813,1.4703234,-0.84113497,16081968,6,193,0.11483227,393
6000050000004,59000600000257,6000050000307,6000050000000,59,0.08928783,6000050000005,-1,6000050000003,6000050000004,-1,5024,486.7014,375.0742,438.41852,26769,10.339582,31.760202,39.957344,199176,1,3,4,-31.165768,9.243485,-110.79316,163.73463,294.1661,-1.1989877,1.7341197,-0.7955694,17831003,6,257,0.11373744,942
6000050000005,58000600000256,6000050000257,6000050000000,58,0.11588337,6000050000006,6000050000258,6000050000004,6000050000005,6000050000258,5056,485.23825,376.107,441.7751,26769,10.34884,31.753986,39.984077,199176,1,3,4,-32.568394,8.668024,-114.54402,160.30383,288.91168,-1.3114514,1.5245812,-0.7925801,17830510,6,256,0.118939936,733
6000050000006,57000600000273,6000050000257,6000050000000,57,0.14438343,6000050000007,-1,6000050000005,6000050000006,6000050000259,4954,482.22595,382.90616,444.0128,26769,10.363904,31.751486,40.017117,199176,1,3,4,-32.83604,7.825717,-114.7017,162.66292,285.6323,-1.2479638,1.7283713,-0.89086956,17831003,6,273,0.11546109,613
6000050000007,56000600000277,6000050000257,6000050000000,56,0.17489761,6000050000008,-1,6000050000006,6000050000007,6000050000260,4943,478.8694,381.01273,444.70132,26769,10.378,31.756174,40.05122,199180,1,3,4,-32.396393,9.168293,-114.46002,165.85374,290.32684,-1.2499814,1.7112132,-0.90392053,16081968,6,277,0.11281919,19
6000050000008,55000600000230,6000050000257,6000050000000,55,0.20754863,6000050000009,-1,6000050000007,6000050000008,6000050000261,5011,479.04153,382.99225,445.2177,26769,10.386318,31.762476,40.090637,199180,1,3,4,-29.27834,9.149223,-112.170334,168.80087,292.45407,-1.296259,1.8240125,-1.0208327,16097833,6,230,0.112786055,49
6000050000009,54000600000261,6000050000257,6000050000000,54,0.24246909,6000050000010,-1,6000050000008,6000050000009,6000050000262,5009,481.3653,382.73404,446.42264,26769,10.375755,31.755472,40.120358,199180,1,3,4,-32.83577,9.015755,-114.31791,167.68541,289.42496,-0.9906139,1.755446,-0.7109213,17831011,6,261,0.11234042,865
6000050000010,53000600000214,6000050000201,6000050000000,53,0.2798018,6000050000011,6000050000202,6000050000009,6000050000010,6000050000263,4936,480.8489,386.0906,449.26282,26769,10.388053,31.744102,40.157104,199180,1,3,4,-37.737698,10.922048,-114.27259,165.65529,285.75693,-1.1970359,1.9102463,-0.8861974,17831011,6,214,0.11675533,281
6000050000011,52000600000200,6000050000177,6000050000000,52,0.31970343,6000050000012,6000050000178,6000050000010,6000050000011,6000050000264,4831,474.73825,391.77094,448.91855,26769,10.395777,31.73917,40.186348,199180,1,3,4,-39.80231,8.020646,-118.42406,166.91745,284.5614,-1.0965128,2.3187916,-0.61865413,17831011,6,200,0.11181481,206
6000050000012,51000600000201,6000050000177,6000050000000,51,0.36234027,6000050000013,-1,6000050000011,6000050000012,6000050000265,4762,472.07022,397.79553,446.16443,26769,10.421816,31.74226,40.233814,199180,1,3,4,-39.301308,5.7893972,-124.01789,170.28444,284.73932,-0.9512296,2.098961,-1.0200816,17831011,6,201,0.10890347,278
6000050000013,50000600000199,6000050000177,6000050000000,50,0.40789944,6000050000014,-1,6000050000012,6000050000013,6000050000266,4655,467.76694,404.59473,447.71362,26769,10.434861,31.743185,40.28806,199180,1,3,4,-39.905487,4.211977,-127.1465,173.8808,283.95972,-1.2665838,2.4166603,-1.1194026,17831011,6,199,0.107748374,343
6000050000014,49000600000211,6000050000177,6000050000000,49,0.45657724,6000050000015,-1,6000050000013,6000050000014,6000050000267,4443,461.312,405.1111,442.29147,26769,10.452888,31.732136,40.345802,199180,1,3,4,-39.493454,-0.96740174,-128.87318,179.04964,287.1137,-1.0150679,2.9098423,-0.9917106,17831011,6,211,0.10043594,210
6000050000015,48000600000207,6000050000163,6000050000000,48,0.5085914,6000050000016,6000050000164,6000050000014,6000050000015,6000050000268,4370,447.11118,395.47177,429.55377,26769,10.474941,31.73576,40.40398,199180,1,3,4,-37.969376,-7.1800914,-129.69876,184.54494,295.30554,-1.0235641,3.1717515,-1.5376173,17830559,6,207,0.09427498,322
6000050000016,47000600000196,6000050000163,6000050000000,47,0.5641766,6000050000017,-1,6000050000015,6000050000016,6000050000219,4089,428.4349,383.3365,414.6644,26769,10.470217,31.761137,40.456318,199180,1,3,4,-30.827745,-3.0904841,-117.66556,177.09445,283.5745,-0.59979355,2.3456945,-1.9411154,16097898,6,196,0.09499959,327
6000050000017,46000600000194,6000050000163,6000050000000,46,0.6235901,6000050000018,-1,6000050000016,6000050000017,6000050000270,3791,411.04965,361.90616,395.816,26769,10.473124,31.77164,40.496677,199180,1,3,4,-31.063301,-7.9725976,-112.63229,166.2909,274.54788,-0.5800998,1.4570038,-1.1571581,16082031,6,194,0.09528343,760
6000050000018,45000600000190,6000050000163,6000050000000,45,0.6871088,6000050000019,-1,6000050000017,6000050000018,6000050000271,3592,360.87335,302.3487,343.14383,26769,10.473171,31.790012,40.5437,199180,1,3,4,-37.247402,-7.6180077,-113.89958,160.89098,273.46808,-0.73950243,0.82304317,-0.629417,17830916,6,190,0.09140117,845
6000050000019,44000600000200,6000050000163,6000050000000,44,0.75503564,6000050000020,-1,6000050000018,6000050000019,6000050000272,3445,331.00858,256.64783,314.82822,26769,10.496536,31.795992,40.59841,199180,1,3,4,-40.693848,-6.278793,-121.199036,159.354,274.35657,-0.8878098,0.5895286,-0.37240553,17830916,6,200,0.088314585,981
6000050000020,43000600000230,6000050000162,6000050000000,43,0.8276991,6000050000021,6000050000163,6000050000019,6000050000020,6000050000223,3074,285.99622,245.02896,273.0003,26769,10.52016,31.803696,40.659534,199180,1,3,4,-44.303944,-6.264142,-126.86465,159.67235,270.88177,-0.5951196,-0.34108523,0.41525087,17830916,6,230,0.0784921,631
6000050000021,42000600000198,6000050000162,6000050000000,42,0.9054624,6000050000022,-1,6000050000020,6000050000021,6000050000224,3018,267.7503,235.906,261.12326,26769,10.553968,31.802094,40.72462,199180,1,3,4,-44.27399,-1.2406198,-132.82281,158.9615,276.16895,-0.64119965,-0.437658,0.27192098,17830916,6,198,0.07624706,308
6000050000022,41000600000157,6000050000162,6000050000000,41,0.98870814,6000050000023,-1,6000050000021,6000050000022,6000050000225,2979,258.97162,230.48387,254.75438,26769,10.585211,31.800598,40.786797,199180,1,3,4,-45.186165,-0.6439638,-134.7597,159.24918,274.85876,-0.8444655,-0.2293113,0.33488068,16081968,6,157,0.07567583,535
6000050000023,40000600000199,6000050000119,6000050000000,40,1.0778745,6000050000024,6000050000120,6000050000022,6000050000023,6000050000136,2756,253.29128,231.34453,251.39783,26769,10.608895,31.805908,40.850998,199180,1,3,4,-42.271275,-1.0485221,-141.17818,158.79677,262.12726,-1.2376631,-0.99539745,-0.048986387,16081968,6,199,0.07605081,891
6000050000024,39000600000165,6000050000119,6000050000000,39,1.173417,6000050000025,-1,6000050000023,6000050000024,6000050000137,2410,238.05765,219.63959,236.9388,26769,10.627746,31.811926,40.92706,199180,1,3,4,-43.002605,5.2552214,-144.4297,169.66284,273.59622,-1.035098,-1.0167336,0.016053557,17830920,6,165,0.060275666,626
6000050000025,38000600000156,6000050000119,6000050000000,38,1.2758462,6000050000026,-1,6000050000024,6000050000025,6000050000122,2364,219.63959,206.12729,219.63959,26769,10.652306,31.787434,41.00227,199180,1,3,4,-38.527298,10.773748,-143.51671,182.14182,295.7453,-1.3077676,-1.1923677,-0.29524294,17831016,6,156,0.0525682,440
6000050000026,37000600000153,6000050000119,6000050000000,37,1.3857181,6000050000027,-1,6000050000025,6000050000026,6000050000138,2105,207.074,193.90596,207.41827,26770,10.700561,31.76751,41.082497,199208,1,3,4,-47.830498,28.893496,-131.88885,159.02551,264.5033,-0.73099923,-0.8450099,0.21095003,16097849,6,153,0.057210255,210
6000050000027,36000600000152,6000050000119,6000050000000,36,1.5036365,6000050000028,-1,6000050000026,6000050000027,6000050000139,2065,175.31577,165.33215,177.29529,26770,10.723623,31.743788,41.145115,199208,1,3,4,-44.941483,32.300728,-131.40677,154.72108,257.88422,-1.1868905,-0.83714145,0.20047678,16097866,6,152,0.05783242,811
6000050000028,35000600000131,6000050000119,6000050000000,35,1.6302707,6000050000029,-1,6000050000027,6000050000028,6000050000140,2097,163.4387,155.26247,165.59035,26770,10.748874,31.736845,41.232365,199209,1,3,4,-44.85175,30.010862,-130.29733,152.36548,259.97983,-1.4573404,-0.6556494,-0.3311321,16097866,6,131,0.059946924,62
6000050000029,34000600000122,6000050000115,6000050000000,34,1.766336,6000050000030,6000050000116,6000050000028,6000050000029,-1,1963,154.05756,145.62312,157.15591,26770,10.781919,31.703228,41.31724,199209,1,3,4,-38.88483,29.508596,-130.10071,154.3212,255.94519,-1.2332138,-0.9142327,-0.42785195,16081968,6,122,0.055883642,620
6000050000030,33000600000128,6000050000115,6000050000000,33,1.9126327,6000050000031,-1,6000050000029,6000050000030,-1,1824,147.51656,141.57803,152.33624,26770,10.805365,31.680437,41.37651,199209,1,3,4,-36.335052,36.64662,-132.17653,165.08151,267.61157,-1.197703,-0.8851834,-0.49345946,16097866,6,128,0.048735302,151
6000050000031,32000600000094,6000050000115,6000050000000,32,2.0700274,6000050000032,-1,6000050000030,6000050000031,-1,1780,150.70099,144.50426,154.66,26770,10.83,31.655155,41.441822,199209,1,3,4,-34.159836,39.358177,-125.81161,166.62953,261.6208,-1.0625201,-1.2357395,-0.45399708,17830515,6,94,0.04855376,961
6000050000032,31000600000090,6000050000101,6000050000000,31,2.2394855,6000050000033,6000050000102,6000050000031,6000050000032,6000050000102,1671,139.94278,134.34851,143.6436,26770,10.841123,31.648203,41.515297,199209,1,3,4,-30.387993,40.92777,-122.95351,165.54619,266.2112,-1.046014,-1.1280371,0.0022999474,17830954,6,90,0.045364488,51
6000050000033,30000600000075,6000050000095,6000050000000,30,2.422044,6000050000034,6000050000096,6000050000032,6000050000033,6000050000103,1622,135.12311,130.73375,139.68459,26770,10.844783,31.657822,41.599167,199209,1,3,4,-34.665688,36.080643,-119.901474,165.57144,262.98798,-0.9149479,-0.99531585,-0.43778735,17830988,6,75,0.04655747,180
6000050000034,29000600000080,6000050000095,6000050000000,29,2.6188614,6000050000035,-1,6000050000033,6000050000034,-1,1472,123.50424,121.43866,126.8608,26770,10.882466,31.622047,41.66719,199209,1,3,4,-38.393066,37.59194,-121.145004,161.28172,265.37338,-0.6533141,-0.9932155,-0.2755427,17830958,6,80,0.04086645,59
6000050000035,28000600000080,6000050000082,6000050000000,28,2.8311827,6000050000036,6000050000083,6000050000034,6000050000035,6000050000083,1256,109.13127,107.0657,112.315704,26770,10.909277,31.615625,41.753307,199209,1,3,4,-30.72505,39.294495,-124.09015,170.89444,264.52576,-0.46916232,-0.6615438,-0.34859377,17830948,6,80,0.03438034,348
6000050000036,27000600000073,6000050000076,6000050000000,27,3.060419,6000050000037,6000050000077,6000050000035,6000050000036,-1,1108,89.766495,89.16403,91.315674,26770,10.930385,31.623362,41.84903,199209,1,3,4,-41.489048,30.944649,-132.7931,164.5101,259.77298,-0.39914548,-0.8468449,-0.9178129,17830948,6,73,0.030936033,725
6000050000037,26000600000054,6000050000058,6000050000000,26,3.3080978,6000050000038,6000050000059,6000050000036,6000050000037,6000050000084,803,72.63943,71.77877,76.59845,26770,10.969831,31.599285,41.96098,199209,1,3,4,-46.85841,18.249348,-135.76595,145.19827,223.25726,-0.17669275,-0.30654806,-0.8264318,17830938,6,54,0.03220054,67
6000050000038,25000600000037,6000050000057,6000050000000,25,3.575905,6000050000039,6000050000058,6000050000037,6000050000038,6000050000085,736,57.319736,56.63121,58.782852,26770,10.912377,31.61163,42.058918,199213,1,3,4,-21.649452,43.853714,-148.0318,148.51341,230.58524,-0.06865004,-0.83427465,-0.6380211,16097780,6,37,0.026373828,181
6000050000039,24000600000043,6000050000054,6000050000000,24,3.8656828,6000050000040,6000050000055,6000050000038,6000050000039,6000050000064,564,51.46727,51.29514,52.413994,26770,10.932255,31.669676,42.129772,199213,1,3,4,1.6979502,39.370457,-160.20421,140.6523,217.52956,-0.3695292,-0.6695938,-0.662911,17830942,6,43,0.026248503,266
6000050000040,23000600000032,6000050000054,6000050000000,23,4.1794686,6000050000041,-1,6000050000039,6000050000040,6000050000065,349,28.05741,27.799212,29.26233,26770,10.880084,31.618792,42.245323,199213,1,3,4,20.845034,80.06661,-181.1275,126.987686,188.83159,-0.215929,-0.46242824,-0.5809803,17830515,6,32,0.018757356,548
6000050000041,22000600000026,6000050000054,6000050000000,22,4.5195556,6000050000042,-1,6000050000040,6000050000041,6000050000066,182,17.643463,17.557398,18.331987,26770,10.861735,31.520449,42.332146,199213,1,3,4,14.480698,100.421364,-184.36508,112.2242,165.45477,-0.14473405,-0.012434579,-0.013448267,17830938,6,26,0.013262391,453
6000050000042,21000600000029,6000050000050,6000050000000,21,4.888449,6000050000043,6000050000051,6000050000041,6000050000042,6000050000074,331,12.565588,12.479523,12.823785,26770,10.854859,31.423683,42.407444,199213,1,3,4,-28.70412,38.633736,-105.482605,101.073845,147.46153,-0.16322957,-0.74477756,-1.0085905,17830515,6,29,0.0561588,365
6000050000043,20000600000115,6000050000048,6000050000000,20,5.2888336,6000050000044,6000050000049,6000050000042,6000050000043,-1,118,10.93034,10.672143,11.274603,26770,10.8545,31.359161,42.48103,199213,1,3,4,-4.995956,139.54257,-159.45596,99.40312,167.03539,-0.14725944,-0.10724836,-0.007364602,17830982,6,115,0.009156841,886
6000050000044,19000600000095,6000050000048,6000050000000,19,5.7238646,6000050000045,-1,6000050000043,6000050000044,-1,119,8.606567,8.606567,8.692633,26770,10.86071,31.319582,42.56204,199213,1,3,4,-9.201382,122.53451,-149.86162,96.21196,156.00078,-0.09715269,-0.16556643,0.017395863,17830954,6,95,0.00912573,580
6000050000045,18000600000123,6000050000048,6000050000000,18,6.1968336,6000050000046,-1,6000050000044,6000050000045,-1,77,6.36886,6.36886,6.971319,29643,10.869765,31.232658,42.634167,143039,1,3,4,-11.391301,114.44975,-130.34642,91.02817,146.66125,-0.11019737,-0.07596847,0.06281195,17830956,6,123,0.0076381806,499
6000050000046,17000600000080,6000050000048,6000050000000,17,6.7115865,6000050000047,-1,6000050000045,6000050000046,-1,70,4.131152,4.131152,4.131152,29643,10.876501,31.170847,42.65833,143039,1,3,4,-17.482971,101.20612,-129.92877,77.310844,135.37271,-0.13405484,-0.1207712,0.047368117,17805891,6,80,0.007921079,510
6000050000047,16000700000140,6000050000048,6000050000000,16,7.272188,6000050000048,-1,6000050000046,6000050000047,-1,39,2.840167,2.840167,2.840167,29643,10.899115,31.122934,42.6824,143039,1,3,4,-12.13426,90.68219,-96.97711,76.20279,125.80178,-0.025832819,-0.0780541,0.019665323,17830982,7,140,0.005103539,244
6000050000048,15000700000136,6000050000048,6000050000000,15,7.8832035,-1,-1,6000050000047,6000050000048,-1,29,1.8934448,1.8934448,1.9795104,29643,10.872172,31.069077,42.721245,143039,1,3,4,-6.7438335,84.44547,-78.02598,60.629913,101.74114,-0.043175843,0.023480939,-0.0023220705,17830947,7,136,0.0061488505,221
6000050000049,20000600000629,6000050000050,6000050000000,20,5.2888336,6000050000050,-1,6000050000042,6000050000049,-1,37,2.7541015,2.7541015,2.9262328,26770,11.204664,31.74262,42.28129,199213,1,3,4,-52.895557,-133.69026,-53.436943,71.93407,116.41251,-0.082037725,0.017773157,0.0072504594,16081973,6,629,0.006203499,292
6000050000050,19000600000567,6000050000050,6000050000000,19,5.7238646,-1,-1,6000050000049,6000050000050,-1,33,2.2377074,2.2377074,2.2377074,26770,11.2340355,31.796143,42.305122,199213,1,3,4,-47.69087,-103.70329,-62.833534,54.37638,98.271225,-0.07447541,0.062402673,0.08189606,16081967,6,567,0.007822814,33
6000050000051,21000600000031,6000050000054,6000050000000,21,4.888449,6000050000052,-1,6000050000041,6000050000042,-1,25,0.0,0.0,0.0,26770,10.904523,31.67078,42.48047,199213,1,3,4,-73.21759,-73.56579,-251.2278,49.287804,86.40844,-0.016061531,0.07764039,0.13377094,16097817,6,31,0.0077196606,46
6000050000052,20000600000884,6000050000054,6000050000000,20,5.2888336,6000050000053,-1,6000050000051,6000050000052,-1,25,2.4098387,2.4098387,2.4959044,26770,10.968766,31.716131,42.598885,199213,1,3,4,-85.2038,-35.79503,-219.19846,55.960724,94.20171,0.009366303,-0.008628632,0.039634712,16098219,6,884,0.0064973403,11
6000050000053,19000600000780,6000050000054,6000050000000,19,5.7238646,6000050000054,-1,6000050000052,6000050000053,-1,26,2.065576,2.065576,2.065576,26770,10.987872,31.718811,42.699894,199213,1,3,4,-79.16419,-25.700502,-197.0982,55.962856,95.16228,0.024141282,-0.024037404,0.024522645,16098211,6,780,0.0063930065,454
6000050000054,18000600000778,6000050000054,6000050000000,18,6.1968336,-1,-1,6000050000053,6000050000054,-1,21,1.3770508,1.3770508,1.3770508,26770,11.065967,31.744421,42.78,199213,1,3,4,-72.520966,-14.404714,-183.89462,50.537872,83.11731,0.11443337,-0.024381218,0.01282761,16098208,6,778,0.006842212,517
6000050000055,24000600001095,6000050000057,6000050000000,24,3.8656828,6000050000056,-1,6000050000038,6000050000055,-1,38,2.2377074,2.2377074,2.840167,29643,10.788769,31.233263,41.960682,143035,1,3,4,28.591146,186.87901,-114.02816,48.95615,85.31496,0.035197098,0.0058463765,-0.09451935,17830564,6,1095,0.010903149,287
6000050000056,23000700001134,6000050000057,6000050000000,23,4.1794686,6000050000057,-1,6000050000055,6000050000056,-1,32,1.8934448,1.8934448,1.9795104,29643,10.773953,31.178387,42.01894,143039,1,3,4,18.767288,176.5503,-123.02213,50.82928,80.25694,0.0018283504,0.08919711,-0.08893055,17830518,7,1134,0.010282235,766
6000050000057,22000700000960,6000050000057,6000050000000,22,4.5195556,-1,-1,6000050000056,6000050000057,-1,37,1.8934448,1.7213135,1.9795104,29643,10.738437,31.063318,42.08459,143038,1,3,4,14.820232,159.11876,-122.12604,48.906643,81.94738,-0.0534356,0.13560618,-0.0070513394,17830523,7,960,0.011544402,81
6000050000058,25000600000039,6000050000058,6000050000000,25,3.575905,-1,-1,6000050000037,6000050000038,-1,21,0.0,0.0,0.0,26770,11.004867,31.639063,42.047756,199213,1,3,4,72.64152,-158.17572,-111.55034,61.68388,97.307304,-0.052694425,0.020382466,-0.018244132,17830931,6,39,0.004739143,710
6000050000059,26000600001462,6000050000062,6000050000000,26,3.3080978,6000050000060,6000050000063,6000050000036,6000050000059,-1,35,2.6680357,2.6680357,2.6680357,29643,10.766136,31.240917,41.738968,143035,1,3,4,114.646576,191.29517,-92.19062,42.97667,75.4058,-0.17419267,0.14415081,-0.16858934,17806373,6,1462,0.013244958,724
6000050000060,25000600002026,6000050000062,6000050000000,25,3.575905,6000050000061,-1,6000050000059,6000050000060,-1,27,1.8934448,1.8934448,1.8934448,29643,10.693746,31.152485,41.79181,143034,1,3,4,117.95408,161.10971,-115.99248,51.97035,83.958176,-0.01290112,0.016638735,-0.014252952,17830477,6,2026,0.009556293,558
6000050000061,24000700001740,6000050000062,6000050000000,24,3.8656828,6000050000062,-1,6000050000060,6000050000061,-1,26,1.3770508,1.3770508,1.7213135,29643,10.658134,31.058699,41.820545,143034,1,3,4,93.34994,158.00114,-97.11263,42.139736,71.46535,-0.0049267597,0.038666856,-0.020911217,17806372,7,1740,0.012342137,311
6000050000062,23000700001182,6000050000062,6000050000000,23,4.1794686,-1,-1,6000050000061,6000050000062,-1,37,1.1188537,1.1188537,1.2909851,29643,10.61661,30.95324,41.85918,143034,1,3,4,73.50498,142.88908,-95.99702,46.244522,75.8238,-0.03434353,0.124579735,-0.1092187,17830477,7,1182,0.014728754,367
6000050000063,26000600000056,6000050000076,6000050000000,26,3.3080978,6000050000064,-1,6000050000036,6000050000037,-1,33,0.0,0.0,0.0,26770,10.883329,31.637793,41.943233,199209,1,3,4,31.773012,41.41856,-188.41264,63.80161,95.38903,0.2005238,-0.23836307,0.1744722,17830969,6,56,0.008099859,399
6000050000064,24000600000044,6000050000076,6000050000000,24,3.8656828,6000050000065,-1,6000050000063,6000050000039,-1,43,0.0,0.0,0.0,26770,11.035214,31.60714,42.14584,199213,1,3,4,-212.56001,-55.294872,-59.608856,68.952614,108.959404,-0.07603416,-6.3447986E-4,-0.15257725,17805892,6,44,0.007952415,652
6000050000065,23000600000033,6000050000076,6000050000000,23,4.1794686,6000050000066,-1,6000050000064,6000050000040,-1,132,0.0,0.0,0.0,26770,11.113507,31.654013,42.178307,199213,1,3,4,-95.1859,-7.075266,-70.07541,101.78497,150.21701,0.40456343,-0.14105067,0.068721846,16081946,6,33,0.013056752,894
6000050000066,22000600000025,6000050000072,6000050000000,22,4.5195556,6000050000067,6000050000073,6000050000065,6000050000041,6000050000073,207,0.0,0.0,0.0,26770,11.145508,31.626331,42.18223,199213,1,3,4,-66.33207,-11.88831,-59.948627,110.42556,167.71597,0.29325828,-0.07257415,0.1471697,17805871,6,25,0.014285418,56
6000050000067,20000600000263,6000050000072,6000050000000,20,5.2888336,6000050000068,-1,6000050000066,6000050000067,-1,69,6.024597,5.9385314,6.36886,26770,11.175294,31.514418,42.234344,199213,1,3,4,-32.38639,77.9335,-66.36135,76.81183,139.3916,0.04042327,-0.08844685,0.061906923,17805877,6,263,0.0074466895,972
6000050000068,19000600000173,6000050000072,6000050000000,19,5.7238646,6000050000069,-1,6000050000067,6000050000068,-1,78,6.196728,6.196728,6.540991,26770,11.196378,31.474182,42.253235,199213,1,3,4,-23.640102,61.57205,-61.154568,78.93838,141.2391,-0.007591339,-0.13780646,0.028840438,17805877,6,173,0.0088678105,124
6000050000069,18000600000120,6000050000072,6000050000000,18,6.1968336,6000050000070,-1,6000050000068,6000050000069,-1,79,5.594269,5.594269,5.680334,26770,11.201138,31.469282,42.308735,199213,1,3,4,-22.928879,52.2043,-63.839024,86.941574,142.05164,2.980536E-4,-0.11520755,0.034035996,17805868,6,120,0.007407728,275
6000050000070,17000600000105,6000050000072,6000050000000,17,6.7115865,6000050000071,-1,6000050000069,6000050000070,-1,58,4.5614805,4.4754148,4.6475463,26770,11.222123,31.436703,42.329998,199213,1,3,4,-23.56206,38.907757,-74.903336,81.79521,136.13525,-0.05760667,0.008024853,-0.04111597,17830977,6,105,0.006433031,824
6000050000071,16000600000122,6000050000072,6000050000000,16,7.272188,6000050000072,-1,6000050000070,6000050000071,-1,42,3.18443,3.18443,3.2704954,26770,11.244565,31.383791,42.360172,199213,1,3,4,-22.728176,42.95726,-64.86231,78.27002,124.19955,-0.04617799,-0.05359908,-0.052282505,17805873,6,122,0.0060580755,453
6000050000072,15000600000140,6000050000072,6000050000000,15,7.8832035,-1,-1,6000050000071,6000050000072,-1,28,2.2377074,2.2377074,2.2377074,26770,11.222187,31.379969,42.402706,199213,1,3,4,3.9716659,44.553844,-66.30817,70.730934,114.51861,0.021489134,-0.017584637,-0.03986758,17805868,6,140,0.0049542575,49
6000050000073,22000600000027,6000050000076,6000050000000,22,4.5195556,6000050000074,-1,6000050000065,6000050000041,-1,35,0.0,0.0,0.0,26770,11.040816,31.585693,42.30631,199213,1,3,4,0.9314519,-86.51119,-110.567406,64.95762,109.3364,0.021728106,0.0023715987,0.0031527523,16097749,6,27,0.00626527,300
6000050000074,21000600000030,6000050000076,6000050000000,21,4.888449,6000050000075,-1,6000050000073,6000050000042,6000050000051,32,0.0,0.0,0.0,26770,11.0365715,31.62084,42.363876,199213,1,3,4,22.249105,-91.03313,-78.27751,62.69843,108.14184,0.043194395,0.008346608,0.05526568,16097749,6,30,0.0053806077,141
6000050000075,20000600000500,6000050000076,6000050000000,20,5.2888336,6000050000076,-1,6000050000074,6000050000075,-1,42,3.2704954,3.2704954,3.3565612,26770,11.003268,31.690382,42.41316,199213,1,3,4,27.261774,-75.86945,-63.694595,57.47918,102.45869,0.07372771,0.0026825021,0.038357675,16081889,6,500,0.009225819,64
6000050000076,19000600000420,6000050000076,6000050000000,19,5.7238646,-1,-1,6000050000075,6000050000076,-1,41,1.2049193,1.2049193,1.7213135,26770,10.973933,31.73421,42.458824,199213,1,3,4,26.651749,-58.340416,-57.953712,51.235428,88.12498,0.10407052,-0.006031482,0.019349242,16081993,6,420,0.010572164,935
6000050000077,27000600001784,6000050000082,6000050000000,27,3.060419,6000050000078,-1,6000050000035,6000050000077,-1,37,2.2377074,1.8073791,2.6680357,26770,10.922657,31.250074,41.449543,199209,1,3,4,2.8038657,75.6767,75.35329,39.528004,76.61386,0.077837676,0.060284626,-0.07311098,17806007,6,1784,0.014669475,373
6000050000078,26000600001980,6000050000082,6000050000000,26,3.3080978,6000050000079,-1,6000050000077,6000050000078,-1,32,2.1516418,1.9795104,2.7541015,29643,10.92309,31.212662,41.409813,143035,1,3,4,6.547882,50.713825,49.426434,41.855293,76.20059,0.0173345,0.034291472,0.012704043,16081574,6,1980,0.013205532,622
6000050000079,25000700002025,6000050000082,6000050000000,25,3.575905,6000050000080,-1,6000050000078,6000050000079,-1,30,2.5819702,2.5819702,2.5819702,29643,10.940234,31.203163,41.381954,143035,1,3,4,3.274136,39.01401,41.696407,50.723602,85.55213,0.06547212,0.029081138,0.003881939,17806007,7,2025,0.009914029,264
6000050000080,24000700001779,6000050000082,6000050000000,24,3.8656828,6000050000081,-1,6000050000079,6000050000080,-1,30,2.3237731,2.3237731,2.6680357,29643,10.926178,31.17305,41.369507,143035,1,3,4,5.623943,28.294563,31.402012,49.39855,85.779655,0.07586994,0.004261563,-0.021914965,16081574,7,1779,0.009077372,30
6000050000081,23000700001751,6000050000082,6000050000000,23,4.1794686,6000050000082,-1,6000050000080,6000050000081,-1,27,1.8073791,1.8073791,1.8073791,29643,10.911524,31.151619,41.348686,143035,1,3,4,5.851351,32.01965,18.826973,50.11281,82.85596,0.08661382,-0.010918117,0.008506944,17805937,7,1751,0.008748886,251
6000050000082,22000700001777,6000050000082,6000050000000,22,4.5195556,-1,-1,6000050000081,6000050000082,-1,23,1.4631164,1.4631164,1.549182,29643,10.913003,31.122047,41.35058,143035,1,3,4,4.888898,29.558338,15.660747,44.777775,78.1606,0.06292338,-0.016396001,0.0139658805,17806009,7,1777,0.0077180783,457
6000050000083,28000600000081,6000050000095,6000050000000,28,2.8311827,6000050000084,-1,6000050000034,6000050000035,-1,31,0.0,0.0,0.0,26770,10.776381,31.66819,41.81438,199209,1,3,4,-97.12726,102.06386,-189.54272,63.704544,101.930626,-0.09209164,0.100841075,0.18252845,16078535,6,81,0.006353258,696
6000050000084,26000600000055,6000050000095,6000050000000,26,3.3080978,6000050000085,-1,6000050000083,6000050000037,6000050000063,33,0.0,0.0,0.0,26770,11.09798,31.611477,41.85585,199209,1,3,4,-240.48863,-20.524157,19.633411,70.783966,104.68967,-0.042285345,-0.043159667,0.08091892,16078568,6,55,0.00697371,624
6000050000085,25000600000038,6000050000095,6000050000000,25,3.575905,6000050000086,-1,6000050000084,6000050000038,6000050000058,128,0.0,0.0,0.0,26770,11.21126,31.60961,41.85922,199209,1,3,4,-177.56999,0.55358475,-28.238846,69.63493,113.90029,0.13029839,-0.26912183,0.17195983,17803284,6,38,0.022040479,22
6000050000086,24000600000178,6000050000095,6000050000000,24,3.8656828,6000050000087,-1,6000050000085,6000050000086,-1,128,11.790997,11.016406,12.307391,26770,11.283333,31.610527,41.89856,199209,1,3,4,-158.44093,3.688079,-57.812252,73.68714,112.06401,0.073203914,-0.26625738,0.20380336,16078568,6,178,0.022064796,727
6000050000087,23000600000201,6000050000095,6000050000000,23,4.1794686,6000050000088,-1,6000050000086,6000050000087,-1,115,4.733612,4.3893495,6.196728,26770,11.367822,31.58135,41.931847,199209,1,3,4,-151.79832,-8.743002,-86.10351,67.06213,105.56581,0.40328363,-0.18963818,0.4226247,16078538,6,201,0.023907531,528
6000050000088,22000600000363,6000050000092,6000050000000,22,4.5195556,6000050000089,6000050000093,6000050000087,6000050000088,-1,81,3.18443,3.18443,4.0450864,26770,11.45776,31.556206,41.93765,199209,1,3,4,-123.3698,16.495195,-76.7494,62.21044,95.846146,0.040916573,0.005900634,0.21404344,16078524,6,363,0.018169107,769
6000050000089,21000600000630,6000050000091,6000050000000,21,4.888449,6000050000090,6000050000092,6000050000088,6000050000089,-1,38,2.1516418,2.1516418,2.5819702,26770,11.495635,31.58797,41.941704,199209,1,3,4,-110.17727,9.8098955,-89.55527,57.920025,86.032974,0.06489313,-0.0012952847,0.06432311,17803235,6,630,0.011286792,447
6000050000090,20000600000583,6000050000091,6000050000000,20,5.2888336,6000050000091,-1,6000050000089,6000050000090,-1,37,2.840167,2.840167,2.840167,26770,11.587012,31.55978,42.004818,199213,1,3,4,-97.671936,11.70664,-84.573006,69.74745,110.84668,-0.018905751,-0.016557535,0.0806476,16078567,6,583,0.006560992,929
6000050000091,19000600000707,6000050000091,6000050000000,19,5.7238646,-1,-1,6000050000090,6000050000091,-1,27,1.8073791,1.8073791,1.9795104,26770,11.640404,31.53895,42.04867,199213,1,3,4,-77.53296,23.06539,-71.2493,62.980797,94.00082,-0.0403257,0.10047745,0.039681744,16078525,6,707,0.0062209563,309
6000050000092,21000600000832,6000050000092,6000050000000,21,4.888449,-1,-1,6000050000088,6000050000092,-1,26,1.1188537,1.032788,1.1188537,26770,11.666116,31.553537,41.910107,199209,1,3,4,-129.02997,13.564226,-71.49672,55.315422,68.98083,-0.22358383,-0.07081156,-0.14399819,17803236,6,832,0.011892025,736
6000050000093,22000600001132,6000050000095,6000050000000,22,4.5195556,6000050000094,-1,6000050000087,6000050000093,-1,24,1.4631164,1.4631164,1.549182,26770,11.459271,31.70331,42.13893,199213,1,3,4,-142.3122,-103.869606,-146.02722,48.631462,78.22018,0.078052424,-0.26435477,-0.08907945,16101260,6,1132,0.008725157,244
6000050000094,21000600001212,6000050000095,6000050000000,21,4.888449,6000050000095,-1,6000050000093,6000050000094,-1,25,1.7213135,1.7213135,1.7213135,26770,11.512202,31.760927,42.22668,199213,1,3,4,-120.99614,-98.67557,-140.84193,47.67457,82.12576,0.07348131,-0.21228667,-0.011452063,16101249,6,1212,0.008551353,528
6000050000095,20000600000956,6000050000095,6000050000000,20,5.2888336,-1,-1,6000050000094,6000050000095,-1,23,1.6352477,1.6352477,1.6352477,26770,11.581822,31.831299,42.27428,199213,1,3,4,-105.185356,-98.36007,-118.037964,43.427433,80.85068,0.09052004,-0.2266855,0.006884592,16101260,6,956,0.0071092267,837
6000050000096,30000600000077,6000050000101,6000050000000,30,2.422044,6000050000097,-1,6000050000032,6000050000033,-1,27,0.0,0.0,0.0,26770,10.803401,31.431347,41.43447,199209,1,3,4,131.96721,229.87407,79.505165,44.70144,69.77612,-0.038510237,0.069408335,0.19282372,17806062,6,77,0.011828386,374
6000050000097,29000600001435,6000050000101,6000050000000,29,2.6188614,6000050000098,-1,6000050000096,6000050000097,-1,47,4.0450864,3.9590209,4.0450864,26770,10.766878,31.294773,41.421093,199209,1,3,4,108.51833,154.93745,47.869522,60.18033,94.55372,0.015305641,-0.033372257,0.32617813,17806034,6,1435,0.011302697,981
6000050000098,28000600001627,6000050000101,6000050000000,28,2.8311827,6000050000099,-1,6000050000097,6000050000098,-1,40,2.840167,2.7541015,3.18443,29643,10.680561,31.245775,41.389454,143034,1,3,4,99.5299,110.07292,24.096804,53.484318,77.32962,-0.03498216,0.03650132,0.17873017,17806034,6,1627,0.015298105,137
6000050000099,26000700003109,6000050000101,6000050000000,26,3.3080978,6000050000100,-1,6000050000098,6000050000099,-1,21,1.2909851,1.2909851,1.3770508,29643,10.561053,31.184847,41.369286,143034,1,3,4,78.04877,43.408092,11.007771,37.84872,68.94547,0.024862597,-0.08532855,-0.0027762386,17806040,7,3109,0.009710554,904
6000050000100,25000700002988,6000050000101,6000050000000,25,3.575905,6000050000101,-1,6000050000099,6000050000100,-1,20,1.549182,1.549182,1.549182,29643,10.527528,31.173302,41.36987,143034,1,3,4,65.62973,33.69367,-4.483363,41.293407,71.0504,-0.01859013,-0.039332055,0.045194354,17806040,7,2988,0.009281457,834
6000050000101,24000700002713,6000050000101,6000050000000,24,3.8656828,-1,-1,6000050000100,6000050000101,-1,20,1.2909851,1.2049193,1.2909851,29643,10.48903,31.164724,41.35723,143034,1,3,4,64.43538,37.5679,-13.491716,44.923477,70.41078,0.06213198,-0.07922317,-0.015964963,17806040,7,2713,0.008882271,411
6000050000102,31000600000091,6000050000115,6000050000000,31,2.2394855,6000050000103,-1,6000050000031,6000050000032,-1,24,0.0,0.0,0.0,26770,10.689503,31.824903,41.648323,199208,1,3,4,87.432686,-141.64404,-332.77087,37.748672,73.12,0.11339613,0.061975278,0.036065128,17830781,6,91,0.011664833,571
6000050000103,30000600000076,6000050000115,6000050000000,30,2.422044,6000050000104,-1,6000050000102,6000050000033,6000050000096,30,0.0,0.0,0.0,26770,10.659896,31.891853,41.815784,199208,1,3,4,42.8117,-98.5632,-257.73154,39.267616,70.83258,0.22109932,0.094612084,0.06022658,17830781,6,76,0.014257229,833
6000050000104,29000600001436,6000050000115,6000050000000,29,2.6188614,6000050000105,-1,6000050000103,6000050000104,-1,35,3.2704954,3.2704954,3.5286925,26770,10.643324,31.91855,41.965157,199208,1,3,4,36.834286,-69.10075,-216.63434,38.451313,74.247696,0.12153638,0.11626953,0.09683993,17830806,6,1436,0.014436437,942
6000050000105,28000600002348,6000050000115,6000050000000,28,2.8311827,6000050000106,-1,6000050000104,6000050000105,-1,29,2.6680357,2.6680357,2.6680357,26770,10.614037,31.949837,42.085358,199212,1,3,4,29.934278,-34.75975,-192.28075,43.463703,74.93473,-0.04677369,0.20589487,0.024083631,17830806,6,2348,0.01213071,78
6000050000106,27000600001312,6000050000115,6000050000000,27,3.060419,6000050000107,-1,6000050000105,6000050000106,-1,36,2.065576,1.8934448,2.1516418,26770,10.5864,31.988373,42.19961,199212,1,3,4,38.165657,-18.410622,-169.42546,39.175026,71.69526,0.0250302,0.09044434,0.0036006838,17830782,6,1312,0.014229319,115
6000050000107,26000600001002,6000050000115,6000050000000,26,3.3080978,6000050000108,-1,6000050000106,6000050000107,-1,35,1.8073791,1.7213135,1.8934448,26770,10.581324,31.966621,42.2767,199212,1,3,4,34.790546,4.23432,-156.02202,36.996414,68.709854,0.071295135,0.1307751,0.008860523,17830782,6,1002,0.015580253,87
6000050000108,25000600000808,6000050000115,6000050000000,25,3.575905,6000050000109,-1,6000050000107,6000050000108,-1,39,2.5819702,2.4959044,3.3565612,26770,10.565452,31.970716,42.36831,199212,1,3,4,31.507694,34.09076,-149.2653,42.510174,72.65291,0.040827475,0.121466205,-0.17948395,17830807,6,808,0.01463908,93
6000050000109,24000600000673,6000050000115,6000050000000,24,3.8656828,6000050000110,-1,6000050000108,6000050000109,-1,40,3.098364,3.0122986,3.18443,26770,10.542464,31.948467,42.442986,199212,1,3,4,26.805164,58.66468,-146.84201,47.60967,76.92152,0.14533105,0.0071119433,-0.1068252,17830801,6,673,0.013901483,396
6000050000110,23000600000670,6000050000115,6000050000000,23,4.1794686,6000050000111,-1,6000050000109,6000050000110,-1,42,2.9262328,2.9262328,3.18443,26770,10.50472,31.912403,42.53007,199212,1,3,4,38.78607,95.00601,-139.54012,54.079258,85.623184,-0.014946574,-0.009493434,-0.24438387,17830781,6,670,0.012406776,188
6000050000111,22000600000452,6000050000115,6000050000000,22,4.5195556,6000050000112,-1,6000050000110,6000050000111,-1,38,2.5819702,2.5819702,2.5819702,26770,10.479345,31.8712,42.630444,199212,1,3,4,47.614666,121.089836,-151.14171,53.115204,83.574,-0.021124382,0.12345006,-0.097320914,17830801,6,452,0.011568476,353
6000050000112,21000600000399,6000050000115,6000050000000,21,4.888449,6000050000113,-1,6000050000111,6000050000112,-1,30,2.1516418,2.1516418,2.840167,26770,10.495706,31.808502,42.708187,199212,1,3,4,40.600918,138.54608,-160.04022,45.824738,76.64289,-0.0054743905,0.024247576,-0.13421038,17830807,6,399,0.0120494515,605
6000050000113,20000600000978,6000050000115,6000050000000,20,5.2888336,6000050000114,-1,6000050000112,6000050000113,-1,22,1.6352477,1.6352477,1.6352477,26770,10.414926,31.699705,42.771297,199212,1,3,4,33.954163,135.77122,-149.26747,43.95627,84.22773,0.065668225,0.046631005,-0.13103507,17830781,6,978,0.0066225016,293
6000050000114,19000600000654,6000050000115,6000050000000,19,5.7238646,6000050000115,-1,6000050000113,6000050000114,-1,24,1.3770508,1.3770508,1.4631164,26770,10.410779,31.615534,42.844147,199212,1,3,4,43.80698,121.024635,-159.48119,50.746395,84.6684,-0.019691154,-0.013231428,-0.20666918,17830781,6,654,0.0069007925,164
6000050000115,18000600000673,6000050000115,6000050000000,18,6.1968336,-1,-1,6000050000114,6000050000115,-1,23,1.3770508,1.3770508,1.3770508,26770,10.38852,31.59287,42.936104,199212,1,3,4,26.404415,116.10778,-161.61552,52.445652,85.62912,0.08113802,0.027003141,-0.037700742,17830807,6,673,0.0066135577,15
6000050000116,33000700004175,6000050000119,6000050000000,33,1.9126327,6000050000117,-1,6000050000028,6000050000116,-1,20,1.6352477,1.6352477,1.6352477,29643,11.135284,31.173544,41.040565,143035,1,3,4,-58.218285,149.42079,-27.327717,32.90849,66.15686,-0.021555811,-0.09992344,0.05424677,17805987,7,4175,0.0117726335,758
6000050000117,31000700003719,6000050000119,6000050000000,31,2.2394855,6000050000118,-1,6000050000116,6000050000117,-1,22,1.2049193,1.2049193,1.2909851,29643,11.194676,31.026264,41.098137,143035,1,3,4,-51.982037,113.81238,-25.304394,34.74491,69.16405,-0.007197631,-0.04826425,-0.029236222,17805988,7,3719,0.01292098,940
6000050000118,30000700003487,6000050000119,6000050000000,30,2.422044,6000050000119,-1,6000050000117,6000050000118,-1,24,1.2049193,1.032788,1.2049193,29643,11.214739,30.962208,41.12592,143035,1,3,4,-44.446095,101.78532,-26.504335,31.752947,56.994396,0.023869457,-0.013579423,0.0145743545,17805988,7,3487,0.017037932,755
6000050000119,29000700003780,6000050000119,6000050000000,29,2.6188614,-1,-1,6000050000118,6000050000119,-1,20,1.2049193,1.2049193,1.3770508,29643,11.23838,30.90921,41.111477,143035,1,3,4,-41.0186,92.448296,-23.317543,30.702513,58.391273,-0.01326096,-0.099223584,0.019017583,17805964,7,3780,0.013131235,983
6000050000120,40000600000201,6000050000135,6000050000000,40,1.0778745,6000050000121,6000050000136,6000050000022,6000050000023,-1,31,0.0,0.0,0.0,26769,10.512581,31.654953,40.735695,199180,1,3,4,-141.52844,246.45058,92.834854,37.94361,72.01551,0.013791963,-0.08314515,0.08766763,16078581,6,201,0.011423891,744
6000050000121,39000600000167,6000050000135,6000050000000,39,1.173417,6000050000122,-1,6000050000120,6000050000024,-1,35,0.0,0.0,0.0,26769,10.600331,31.55837,40.7032,199180,1,3,4,-188.74011,173.55293,14.157241,37.414085,76.76063,0.09424005,-0.0035437364,-0.03326827,16078465,6,167,0.014009296,798
6000050000122,38000600000157,6000050000135,6000050000000,38,1.2758462,6000050000123,-1,6000050000121,6000050000025,-1,36,0.0,0.0,0.0,26769,10.715696,31.472212,40.704292,199180,1,3,4,-201.78523,122.38562,-43.767174,33.861988,71.66828,0.16374937,-0.06932212,0.06415666,16078472,6,157,0.01478326,576
6000050000123,37000600001916,6000050000135,6000050000000,37,1.3857181,6000050000124,-1,6000050000122,6000050000123,-1,40,3.8729553,3.8729553,3.9590209,26769,10.828327,31.413713,40.76189,199181,1,3,4,-210.47278,85.72591,-85.11728,37.512817,70.572075,0.1934185,-0.08323414,0.02904284,16078581,6,1916,0.017567163,163
6000050000124,36000600001800,6000050000135,6000050000000,36,1.5036365,6000050000125,-1,6000050000123,6000050000124,-1,41,3.5286925,3.5286925,3.5286925,26769,10.941961,31.373747,40.799538,199181,1,3,4,-214.64215,55.785397,-115.358154,41.495518,77.816666,0.21989442,-0.07514232,0.03206708,16078581,6,1800,0.014071601,601
6000050000125,34000600001635,6000050000135,6000050000000,34,1.766336,6000050000126,-1,6000050000124,6000050000125,-1,39,3.2704954,3.2704954,3.2704954,26769,11.178309,31.339212,40.949913,199181,1,3,4,-205.83647,7.0590014,-169.38525,42.506783,74.82007,0.11408363,-0.095929004,-0.03633918,16078472,6,1635,0.015663441,219
6000050000126,33000600002046,6000050000135,6000050000000,33,1.9126327,6000050000127,-1,6000050000125,6000050000126,-1,37,3.0122986,3.0122986,3.0122986,26770,11.315796,31.349178,41.050602,199209,1,3,4,-197.30489,-12.720586,-179.03572,38.507656,74.925766,0.147509,-0.058805987,0.017129852,16078472,6,2046,0.014526067,807
6000050000127,32000600002544,6000050000135,6000050000000,32,2.0700274,6000050000128,-1,6000050000126,6000050000127,-1,30,3.0122986,2.9262328,3.098364,26770,11.418426,31.340569,41.159115,199209,1,3,4,-180.2648,-30.936388,-188.36267,35.47981,72.26764,0.07339498,-0.052091952,-0.1009291,16101069,6,2544,0.014363762,757
6000050000128,31000600001978,6000050000135,6000050000000,31,2.2394855,6000050000129,-1,6000050000127,6000050000128,-1,40,3.0122986,2.9262328,3.0122986,26770,11.538812,31.371613,41.285023,199209,1,3,4,-173.08255,-51.34593,-178.19153,34.78943,71.609886,0.18915395,-0.05419748,-0.006909047,16078685,6,1978,0.016344152,860
6000050000129,30000600001955,6000050000135,6000050000000,30,2.422044,6000050000130,-1,6000050000128,6000050000129,-1,40,2.7541015,2.7541015,3.0122986,26770,11.630388,31.41455,41.393314,199209,1,3,4,-164.43524,-67.7609,-172.95769,42.09826,74.483315,0.17434423,-0.049395602,0.06160133,16078692,6,1955,0.014902031,154
6000050000130,29000600002056,6000050000135,6000050000000,29,2.6188614,6000050000131,-1,6000050000129,6000050000130,-1,38,3.3565612,3.18443,3.3565612,26770,11.711439,31.457436,41.49525,199209,1,3,4,-153.64005,-78.062164,-165.35175,45.950085,79.430664,0.094581276,-0.076141134,0.037223287,16078682,6,2056,0.012548212,984
6000050000131,28000600001664,6000050000135,6000050000000,28,2.8311827,6000050000132,-1,6000050000130,6000050000131,-1,42,2.9262328,2.840167,3.098364,26765,11.803332,31.541246,41.55172,199264,1,3,4,-144.42818,-90.22501,-156.77586,49.264423,80.433174,0.18071313,-0.092505395,0.08451744,16078460,6,1664,0.014195449,791
6000050000132,27000600001712,6000050000135,6000050000000,27,3.060419,6000050000133,-1,6000050000131,6000050000132,-1,37,2.7541015,2.7541015,2.7541015,26765,11.850127,31.570837,41.646282,199264,1,3,4,-134.69601,-100.80794,-143.02534,47.094505,79.58878,0.22863843,-0.11728328,0.13819163,16078472,6,1712,0.01417791,982
6000050000133,26000600001517,6000050000135,6000050000000,26,3.3080978,6000050000134,-1,6000050000132,6000050000133,-1,40,1.6352477,1.6352477,1.8073791,26765,11.974734,31.65977,41.711075,199264,1,3,4,-109.778625,-109.39003,-130.10536,40.57579,72.54172,0.22555114,-0.08199021,0.15021712,16078472,6,1517,0.016154384,288
6000050000134,25000600001861,6000050000135,6000050000000,25,3.575905,6000050000135,-1,6000050000133,6000050000134,-1,27,1.4631164,1.4631164,1.4631164,26765,12.028451,31.72295,41.753407,199264,1,3,4,-122.40098,-107.98222,-108.489456,37.870266,67.51337,0.04067141,-0.13989227,-0.1078966,16078697,6,1861,0.01176044,313
6000050000135,24000600001713,6000050000135,6000050000000,24,3.8656828,-1,-1,6000050000134,6000050000135,-1,27,1.2909851,1.2909851,1.6352477,26765,12.123957,31.762981,41.838146,199264,1,3,4,-109.84265,-108.07705,-105.53991,40.619675,73.45188,0.040306635,-0.14078462,-0.100106634,16078697,6,1713,0.011786974,37
6000050000136,40000600000200,6000050000162,6000050000000,40,1.0778745,6000050000137,-1,6000050000022,6000050000023,6000050000120,60,0.0,0.0,0.0,26769,10.722359,31.691565,40.866783,199180,1,3,4,-93.95762,82.39686,-120.418816,61.252644,118.81601,0.017763013,-0.0142789,-0.08510991,16096282,6,200,0.009782354,334
6000050000137,39000600000166,6000050000162,6000050000000,39,1.173417,6000050000138,-1,6000050000136,6000050000024,6000050000121,70,0.0,0.0,0.0,26769,10.730343,31.685837,40.92528,199180,1,3,4,45.935013,-65.55211,-105.47238,64.36761,121.98303,0.083852075,0.05487072,-0.05220865,16096282,6,166,0.0109983925,24
6000050000138,37000600000154,6000050000162,6000050000000,37,1.3857181,6000050000139,-1,6000050000137,6000050000026,-1,154,0.0,0.0,0.0,26770,10.545699,31.92555,41.16638,199208,1,3,4,140.1669,-162.02603,-323.32324,88.11624,159.51056,0.21769215,-0.05611902,0.0019897972,16096278,6,154,0.011842151,452
6000050000139,36000600000153,6000050000162,6000050000000,36,1.5036365,6000050000140,-1,6000050000138,6000050000027,-1,172,0.0,0.0,0.0,26770,10.465802,31.996658,41.3421,199208,1,3,4,108.74179,-109.35938,-291.42578,78.10427,149.55106,0.12536499,-0.095352896,0.03718245,16096278,6,153,0.0150148,825
6000050000140,35000600000132,6000050000162,6000050000000,35,1.6302707,6000050000141,-1,6000050000139,6000050000028,-1,167,0.0,0.0,0.0,26770,10.409746,32.046906,41.497417,199208,1,3,4,74.78871,-78.41638,-263.59705,81.556206,153.95872,0.06727381,-0.0648443,0.018223764,16097982,6,132,0.013260219,972
6000050000141,34000600000673,6000050000162,6000050000000,34,1.766336,6000050000142,-1,6000050000140,6000050000141,-1,184,16.524609,16.09428,16.696741,26770,10.387888,32.086784,41.634857,199208,1,3,4,52.177837,-55.644005,-246.23215,84.25809,155.8565,0.04206254,-0.10648403,-0.054086663,16097911,6,673,0.015115704,516
6000050000142,33000600000621,6000050000162,6000050000000,33,1.9126327,6000050000143,-1,6000050000141,6000050000142,-1,190,16.954937,16.180346,17.12707,26770,10.362343,32.104717,41.781174,199208,1,3,4,40.717102,-37.706757,-230.61003,77.94101,154.388,0.035121433,-0.17449288,-0.043391835,16096278,6,621,0.01576194,252
6000050000143,32000600000573,6000050000162,6000050000000,32,2.0700274,6000050000144,-1,6000050000142,6000050000143,-1,190,16.524609,16.008215,16.782806,26770,10.35152,32.115185,41.90567,199208,1,3,4,34.43357,-25.588371,-216.3413,76.27967,145.34317,0.13570297,-0.09558841,-0.11217723,16097904,6,573,0.017510697,100
6000050000144,31000600000587,6000050000162,6000050000000,31,2.2394855,6000050000145,-1,6000050000143,6000050000144,-1,177,16.524609,16.438543,16.868872,26770,10.330193,32.148563,42.029663,199212,1,3,4,28.498234,-16.615696,-204.4395,82.359436,151.82181,0.15860248,-0.07663461,-0.047539327,16096077,6,587,0.014512347,521
6000050000145,30000600000535,6000050000162,6000050000000,30,2.422044,6000050000146,-1,6000050000144,6000050000145,-1,171,16.524609,16.352478,16.524609,26770,10.313387,32.143738,42.1409,199212,1,3,4,23.86071,-8.357498,-195.47504,87.17794,159.52989,0.21382564,-0.062603846,-0.088977724,16097931,6,535,0.013510806,406
6000050000146,29000600000483,6000050000162,6000050000000,29,2.6188614,6000050000147,-1,6000050000145,6000050000146,-1,175,15.577887,15.2336235,15.750018,26770,10.296151,32.139248,42.26307,199212,1,3,4,18.075771,-0.631709,-189.26634,81.94729,152.52057,0.089036204,-0.11673826,-0.07746254,16097931,6,483,0.0140021825,368
6000050000147,28000600000482,6000050000162,6000050000000,28,2.8311827,6000050000148,-1,6000050000146,6000050000147,-1,163,14.71723,14.71723,15.061493,26770,10.2922735,32.149242,42.368977,199212,1,3,4,17.591444,9.056927,-176.83983,84.45627,159.99019,0.13263561,-0.1229274,0.02849834,16097931,6,482,0.013568532,643
6000050000148,27000600000447,6000050000162,6000050000000,27,3.060419,6000050000149,-1,6000050000147,6000050000148,-1,150,13.426245,13.254113,13.942638,26770,10.295858,32.13603,42.47482,199212,1,3,4,17.951513,15.77469,-167.05399,79.283615,144.81477,0.14688559,-0.02079234,0.04994591,16097931,6,447,0.013932966,301
6000050000149,26000600000419,6000050000162,6000050000000,26,3.3080978,6000050000150,-1,6000050000148,6000050000149,-1,140,12.909851,12.651653,13.168048,26770,10.285577,32.132214,42.550625,199212,1,3,4,18.975899,22.663927,-157.48004,81.1062,146.53659,0.19130231,-0.007768744,0.039419293,16097933,6,419,0.012454216,700
6000050000150,25000600000310,6000050000162,6000050000000,25,3.575905,6000050000151,-1,6000050000149,6000050000150,-1,155,13.426245,13.426245,13.770508,26770,10.247227,32.11094,42.64037,199212,1,3,4,20.374924,30.287956,-150.63501,88.088646,157.87364,0.21499412,-0.1578017,0.18573761,16097933,6,310,0.011946214,452
6000050000151,24000600000244,6000050000162,6000050000000,24,3.8656828,6000050000152,-1,6000050000150,6000050000151,-1,142,13.340179,13.340179,13.426245,26770,10.241014,32.09429,42.731564,199212,1,3,4,17.267513,29.671204,-149.2804,80.55357,148.10835,0.15922505,-0.016713865,0.0798369,16097933,6,244,0.012487186,959
6000050000152,23000600000197,6000050000162,6000050000000,23,4.1794686,6000050000153,-1,6000050000151,6000050000152,-1,148,12.393456,12.393456,12.73772,26770,10.215668,32.05795,42.82212,199212,1,3,4,18.869389,36.32736,-142.79419,80.27337,144.42804,0.16766633,-0.09845523,0.08347898,16097904,6,197,0.013882854,101
6000050000153,22000600000205,6000050000162,6000050000000,22,4.5195556,6000050000154,-1,6000050000152,6000050000153,-1,131,11.704931,11.5328,11.963128,26770,10.23073,32.057453,42.876095,199212,1,3,4,10.463771,38.567863,-126.820595,89.010506,149.00414,0.15006356,-0.024794566,0.10104521,16096276,6,205,0.011863079,895
6000050000154,21000600000100,6000050000162,6000050000000,21,4.888449,6000050000155,-1,6000050000153,6000050000154,-1,180,13.51231,13.51231,14.71723,26770,10.236168,32.024696,42.946987,199212,1,3,4,7.0661945,37.57404,-125.653885,95.90441,160.01413,0.1747069,-0.03450236,0.11448728,17831655,6,100,0.014186062,658
6000050000155,20000600000069,6000050000162,6000050000000,20,5.2888336,6000050000156,-1,6000050000154,6000050000155,-1,175,12.73772,12.393456,13.254113,26797,10.243051,32.045338,43.04175,199432,1,3,4,13.212774,42.387527,-121.46776,107.9867,160.21713,0.19443797,-0.0058834236,0.13943857,16098124,6,69,0.0142917065,982
6000050000156,19000600000072,6000050000162,6000050000000,19,5.7238646,6000050000157,-1,6000050000155,6000050000156,-1,138,10.758209,10.758209,11.188538,26797,10.201587,31.990702,43.11105,199432,1,3,4,-2.1025085,38.462284,-117.087715,104.31734,168.28937,0.22662231,4.3867627E-4,-0.06882291,16097887,6,72,0.009685048,143
6000050000157,18000600000070,6000050000162,6000050000000,18,6.1968336,6000050000158,-1,6000050000156,6000050000157,-1,99,5.0778747,5.0778747,5.8524656,26797,10.156835,31.967735,43.198997,199432,1,3,4,19.735933,39.662613,-107.29504,85.03329,133.87527,0.11162658,0.061593648,0.015142008,16098124,6,70,0.0106711015,390
6000050000158,17000600000123,6000050000161,6000050000000,17,6.7115865,6000050000159,6000050000162,6000050000157,6000050000158,-1,50,4.6475463,4.6475463,4.733612,26797,10.146978,31.91265,43.22835,199432,1,3,4,65.8667,63.319355,-93.00846,78.90611,132.21115,0.035249826,-0.083741955,-0.031776413,16097912,6,123,0.006133945,830
6000050000159,16000600000123,6000050000161,6000050000000,16,7.272188,6000050000160,-1,6000050000158,6000050000159,-1,41,3.3565612,3.3565612,3.3565612,26797,10.106093,31.879864,43.259193,199432,1,3,4,60.8198,46.135826,-82.84183,71.193825,116.75852,0.046601642,-0.12957264,-0.039658297,16097909,6,123,0.0071176183,130
6000050000160,15000600000141,6000050000161,6000050000000,15,7.8832035,6000050000161,-1,6000050000159,6000050000160,-1,28,2.1516418,2.1516418,2.1516418,26797,10.065836,31.881962,43.317654,199432,1,3,4,39.443443,23.229502,-72.984146,63.68133,117.45736,0.05726037,-0.029684924,-0.020748446,16096285,6,141,0.0045623514,664
6000050000161,14000600000141,6000050000161,6000050000000,14,8.549912,-1,-1,6000050000160,6000050000161,-1,20,1.1188537,1.1188537,1.2049193,26797,10.025991,31.889652,43.376038,199432,1,3,4,36.783134,35.01237,-78.96909,51.23747,96.4204,0.08806844,-0.0116703315,-0.005255817,16097912,6,141,0.004717674,61
6000050000162,17000600000155,6000050000162,6000050000000,17,6.7115865,-1,-1,6000050000157,6000050000162,-1,46,0.86065674,0.86065674,1.2049193,26797,10.243535,32.0891,43.284187,199432,1,3,4,-56.302822,-32.08892,-97.0864,54.683773,81.75063,0.107435524,0.024699984,-0.097843386,16097895,6,155,0.014298109,852
6000050000163,43000600000232,6000050000163,6000050000000,43,0.8276991,-1,-1,6000050000019,6000050000020,-1,25,0.0,0.0,0.0,26769,10.6330805,32.00563,40.826054,199180,1,3,4,118.56952,48.39373,-67.12332,36.742115,64.65429,-0.0033473982,-0.029176008,-0.11974653,16078684,6,232,0.012733506,560
6000050000164,48000600000210,6000050000177,6000050000000,48,0.5085914,6000050000165,-1,6000050000014,6000050000015,-1,26,0.0,0.0,0.0,26769,10.082601,31.778002,40.525204,199180,1,3,4,307.30286,19.788961,-75.46688,28.858103,55.057938,-0.013725897,0.21819638,-0.06666832,16211462,6,210,0.017828668,523
6000050000165,47000600001733,6000050000177,6000050000000,47,0.5641766,6000050000166,-1,6000050000164,6000050000165,-1,36,2.7541015,2.3237731,2.5819702,26769,9.9625225,31.764769,40.544468,199180,1,3,4,265.56784,15.81382,-58.306404,28.380192,53.935825,-0.1591931,0.29983154,-0.26877984,16211419,6,1733,0.025080988,73
6000050000166,46000600002347,6000050000177,6000050000000,46,0.6235901,6000050000167,-1,6000050000165,6000050000166,-1,29,2.840167,2.4098387,2.7541015,26769,9.849056,31.762548,40.567307,199180,1,3,4,226.80713,16.233461,-44.545876,30.653532,57.511627,-0.052513648,0.18795063,0.006250134,16211419,6,2347,0.020233748,938
6000050000167,45000600002652,6000050000177,6000050000000,45,0.6871088,6000050000168,-1,6000050000166,6000050000167,-1,35,2.4098387,1.9795104,2.1516418,26774,9.738523,31.7685,40.594074,199173,1,3,4,210.56473,14.833778,-42.08255,29.893808,55.224007,-0.10484301,0.15735005,-0.1508155,16211462,6,2652,0.023756877,362
6000050000168,44000600002668,6000050000177,6000050000000,44,0.75503564,6000050000169,-1,6000050000167,6000050000168,-1,35,2.1516418,1.7213135,1.8073791,26774,9.634645,31.761583,40.593006,199173,1,3,4,188.6817,11.655826,-39.41792,29.205904,52.202988,-0.1427486,0.2559797,-0.017959835,16211471,6,2668,0.029782252,749
6000050000169,43000600002744,6000050000177,6000050000000,43,0.8276991,6000050000170,-1,6000050000168,6000050000169,-1,34,2.2377074,1.8934448,2.2377074,26774,9.5485525,31.769754,40.609497,199173,1,3,4,172.7706,9.521163,-37.43333,30.5945,51.431675,-0.14869913,0.22489922,0.022772685,16211431,6,2744,0.030215481,522
6000050000170,42000600002648,6000050000177,6000050000000,42,0.9054624,6000050000171,-1,6000050000169,6000050000170,-1,36,2.065576,1.4631164,1.9795104,26774,9.467282,31.78004,40.625168,199173,1,3,4,164.90138,7.5350327,-36.831314,29.897713,50.243282,-0.13470824,0.27762035,-0.029200317,16211427,6,2648,0.03103682,430
6000050000171,41000600002548,6000050000177,6000050000000,41,0.98870814,6000050000172,-1,6000050000170,6000050000171,-1,37,2.3237731,1.9795104,2.2377074,26774,9.391085,31.766705,40.640537,199173,1,3,4,157.68964,4.5756493,-37.7249,29.652681,52.503345,-0.13663054,0.30148503,-0.029918673,16211426,6,2548,0.029389892,1
6000050000172,40000600002738,6000050000177,6000050000000,40,1.0778745,6000050000173,-1,6000050000171,6000050000172,-1,33,2.4098387,1.9795104,2.4098387,26774,9.318336,31.771803,40.66501,199173,1,3,4,153.21187,1.7954705,-36.237667,31.33598,56.630123,-0.1281546,0.2734941,-0.032851864,16211497,6,2738,0.026550148,849
6000050000173,39000600002946,6000050000177,6000050000000,39,1.173417,6000050000174,-1,6000050000172,6000050000173,-1,31,2.2377074,1.9795104,2.2377074,26774,9.255655,31.77769,40.69025,199173,1,3,4,143.733,-2.886062,-39.446434,33.775448,60.83438,-0.039037675,0.3231628,-0.06760617,16211471,6,2946,0.016002642,515
6000050000174,38000600003374,6000050000177,6000050000000,38,1.2758462,6000050000175,-1,6000050000173,6000050000174,-1,26,2.1516418,2.065576,2.1516418,26774,9.152574,31.77989,40.71854,199173,1,3,4,137.05615,-7.60805,-46.157867,35.91359,56.24003,0.15710175,0.24724805,-0.02113852,16211426,6,3374,0.018401051,262
6000050000175,37000600003624,6000050000177,6000050000000,37,1.3857181,6000050000176,-1,6000050000174,6000050000175,-1,23,1.8073791,1.8073791,1.8073791,26774,9.11129,31.792557,40.759148,199173,1,3,4,134.7283,-4.11568,-50.220108,37.566055,68.32951,0.17092973,0.1674411,-0.077366255,16211426,6,3624,0.01174655,731
6000050000176,36000600003181,6000050000177,6000050000000,36,1.5036365,6000050000177,-1,6000050000175,6000050000176,-1,28,1.3770508,1.2049193,1.3770508,26774,9.038167,31.800253,40.807076,199173,1,3,4,131.19012,-7.573742,-42.76416,30.75197,59.616753,-0.10053722,0.097521886,-0.058342077,16211471,6,3181,0.023631448,73
6000050000177,35000600004050,6000050000177,6000050000000,35,1.6302707,-1,-1,6000050000176,6000050000177,-1,20,1.2049193,0.6885254,1.2049193,26774,8.962328,31.795582,40.8554,199173,1,3,4,126.35679,-10.080811,-45.703728,25.980446,48.132477,0.08755127,0.1440458,-0.068469696,16211462,6,4050,0.020533107,886
6000050000178,52000600000203,6000050000201,6000050000000,52,0.31970343,6000050000179,-1,6000050000010,6000050000011,-1,20,0.0,0.0,0.0,26769,10.54705,31.603619,40.44879,199180,1,3,4,-241.32759,238.98332,-184.17975,31.591892,62.884132,0.021836352,0.062283654,-0.03924181,16078209,6,203,0.011791238,571
6000050000179,51000600000204,6000050000201,6000050000000,51,0.36234027,6000050000180,-1,6000050000178,6000050000012,-1,20,0.0,0.0,0.0,26769,10.629266,31.51745,40.523575,199180,1,3,4,-221.82338,207.72171,-137.61157,23.96043,48.51113,0.0045858733,0.07304045,-0.025354825,16080608,6,204,0.01851641,907
6000050000180,50000600003604,6000050000201,6000050000000,50,0.40789944,6000050000181,-1,6000050000179,6000050000180,-1,21,1.8073791,1.4631164,1.8073791,26769,10.707533,31.45469,40.57214,199180,1,3,4,-201.63284,183.01315,-105.372765,21.530611,46.001305,0.0145343,0.099163465,0.02327028,16080608,6,3604,0.020111002,558
6000050000181,49000600003541,6000050000201,6000050000000,49,0.45657724,6000050000182,-1,6000050000180,6000050000181,-1,21,1.8934448,1.8073791,1.8934448,26769,10.789192,31.381979,40.608276,199181,1,3,4,-183.74026,159.03802,-79.034256,22.23414,51.903713,0.0044133165,0.08774502,0.023874996,16080608,6,3541,0.015764372,911
6000050000182,48000600003684,6000050000201,6000050000000,48,0.5085914,6000050000183,-1,6000050000181,6000050000182,-1,21,1.8934448,1.8073791,1.8934448,26769,10.856248,31.314083,40.634724,199181,1,3,4,-169.23041,137.35979,-57.112297,26.98813,53.62008,0.0056705694,0.084883586,0.024360035,16082260,6,3684,0.020324362,126
6000050000183,47000600003718,6000050000201,6000050000000,47,0.5641766,6000050000184,-1,6000050000182,6000050000183,-1,21,1.8934448,1.8934448,1.8934448,26769,10.93048,31.263128,40.637115,199181,1,3,4,-156.29683,118.33771,-37.801968,32.981293,66.69134,0.007841662,0.08802719,0.025509017,16078209,6,3718,0.009987832,229
6000050000184,46000700004026,6000050000201,6000050000000,46,0.6235901,6000050000185,-1,6000050000183,6000050000184,-1,21,1.8934448,1.8073791,1.8934448,29640,11.004101,31.224333,40.635983,143007,1,3,4,-138.1601,94.57573,-14.208865,29.279749,56.451084,0.003150348,0.07951625,0.022026425,16078209,7,4026,0.014799883,170
6000050000185,45000600002156,6000050000201,6000050000000,45,0.6871088,6000050000186,-1,6000050000184,6000050000185,-1,25,2.065576,1.8073791,1.9795104,29640,11.066544,31.180992,40.642113,143007,1,3,4,-125.70571,80.93198,2.8133316,24.200947,52.077045,-0.015840111,0.09837217,-0.0719125,16082268,6,2156,0.019024123,356
6000050000186,44000600002197,6000050000201,6000050000000,44,0.75503564,6000050000187,-1,6000050000185,6000050000186,-1,26,2.065576,1.8073791,1.9795104,29640,11.118675,31.148424,40.651558,143007,1,3,4,-109.60409,59.294876,23.701696,27.468723,73.29936,0.03324449,0.14025284,-0.11262039,16078209,6,2197,0.018194871,483
6000050000187,43000700003814,6000050000201,6000050000000,43,0.8276991,6000050000188,-1,6000050000186,6000050000187,-1,22,2.065576,1.7213135,1.8073791,29640,11.167512,31.132727,40.64391,143007,1,3,4,-93.01765,31.939646,44.32055,28.539146,55.609737,0.08303386,0.10078153,-0.01946249,16082268,7,3814,0.014960817,316
6000050000188,42000700003261,6000050000201,6000050000000,42,0.9054624,6000050000189,-1,6000050000187,6000050000188,-1,25,2.2377074,2.1516418,2.2377074,29640,11.215048,31.129025,40.616943,143007,1,3,4,-77.52676,9.25411,58.615242,31.66234,54.036068,0.07260255,0.12767586,-0.11844528,16078209,7,3261,0.020347806,640
6000050000189,41000700003436,6000050000201,6000050000000,41,0.98870814,6000050000190,-1,6000050000188,6000050000189,-1,26,2.1516418,2.065576,2.1516418,29640,11.237286,31.12376,40.56651,143007,1,3,4,-60.064716,-30.215244,71.01287,34.181995,65.41594,0.06699643,0.117933914,-0.088194296,16082267,7,3436,0.012139042,416
6000050000190,40000700003446,6000050000201,6000050000000,40,1.0778745,6000050000191,-1,6000050000189,6000050000190,-1,27,2.1516418,2.1516418,2.1516418,29640,11.276041,31.155226,40.544964,143007,1,3,4,-47.11364,-74.285934,71.938286,26.55102,54.341167,0.09672547,0.08387577,-0.10522207,16082260,7,3446,0.020240774,320
6000050000191,39000600002617,6000050000201,6000050000000,39,1.173417,6000050000192,-1,6000050000190,6000050000191,-1,27,1.9795104,1.2909851,1.9795104,29640,11.310156,31.202038,40.515392,143007,1,3,4,-41.88143,-113.84724,66.69418,27.802383,56.380745,0.054560907,0.070794135,-0.14575444,16082264,6,2617,0.02496286,331
6000050000192,38000600003003,6000050000201,6000050000000,38,1.2758462,6000050000193,-1,6000050000191,6000050000192,-1,28,1.8934448,1.4631164,1.8934448,26769,11.332463,31.273136,40.480545,199181,1,3,4,-35.428596,-144.44893,53.083305,29.628386,52.13675,0.10762442,0.06478144,-0.08479803,16082275,6,3003,0.02540932,687
6000050000193,37000600003390,6000050000201,6000050000000,37,1.3857181,6000050000194,-1,6000050000192,6000050000193,-1,26,1.8073791,1.8073791,1.8073791,26769,11.302932,31.359093,40.445274,199181,1,3,4,-35.067,-157.52567,40.10245,29.032389,54.44204,0.027320059,0.070210434,-0.23836488,16082269,6,3390,0.021276634,608
6000050000194,36000600003274,6000050000201,6000050000000,36,1.5036365,6000050000195,-1,6000050000193,6000050000194,-1,27,2.1516418,2.1516418,2.1516418,26769,11.3626,31.45826,40.410587,199181,1,3,4,-31.841173,-162.56546,21.106993,30.9516,59.12406,0.032772783,0.14419922,-0.2267067,16082275,6,3274,0.018600693,278
6000050000195,35000600003471,6000050000201,6000050000000,35,1.6302707,6000050000196,-1,6000050000194,6000050000195,-1,24,1.9795104,1.8934448,2.1516418,26769,11.360399,31.566095,40.404175,199181,1,3,4,-19.876867,-162.35944,4.3684373,34.715042,64.48659,0.033818733,0.15116358,-0.04359578,16082264,6,3471,0.016059866,955
6000050000196,34000600002917,6000050000201,6000050000000,34,1.766336,6000050000197,-1,6000050000195,6000050000196,-1,29,2.2377074,2.2377074,2.2377074,26769,11.352659,31.642214,40.402298,199181,1,3,4,-18.337893,-165.10988,-4.3748055,36.755817,65.18176,0.055772804,0.057362024,-0.057922587,16082264,6,2917,0.013580655,576
6000050000197,33000600003170,6000050000201,6000050000000,33,1.9126327,6000050000198,-1,6000050000196,6000050000197,-1,28,2.4098387,2.2377074,2.4098387,26769,11.371989,31.739996,40.42054,199181,1,3,4,-15.731076,-162.12708,-14.357013,39.509605,67.18685,0.042309586,0.099633664,-0.10130795,16082267,6,3170,0.01436511,469
6000050000198,32000600003065,6000050000201,6000050000000,32,2.0700274,6000050000199,-1,6000050000197,6000050000198,-1,28,2.1516418,2.065576,2.1516418,26769,11.374874,31.834896,40.43217,199181,1,3,4,-17.449694,-161.75064,-25.614033,36.348743,64.40351,0.050325725,0.028630042,-0.052107006,16082275,6,3065,0.015424437,344
6000050000199,31000600003447,6000050000201,6000050000000,31,2.2394855,6000050000200,-1,6000050000198,6000050000199,-1,24,1.6352477,1.6352477,1.6352477,26769,11.404802,31.915188,40.448772,199181,1,3,4,-19.941254,-163.46222,-39.10464,39.291737,70.96302,0.018282732,-0.01128553,0.0014797379,16082268,6,3447,0.012754525,795
6000050000200,30000600003557,6000050000201,6000050000000,30,2.422044,6000050000201,-1,6000050000199,6000050000200,-1,22,1.4631164,1.4631164,1.4631164,26769,11.423483,32.017994,40.471363,199181,1,3,4,-22.930803,-160.03352,-47.1433,33.770844,66.47878,0.015393896,0.051148776,0.01398416,16082268,6,3557,0.011392338,869
6000050000201,29000600003666,6000050000201,6000050000000,29,2.6188614,-1,-1,6000050000200,6000050000201,-1,20,1.1188537,1.1188537,1.1188537,26769,11.446477,32.119934,40.496796,199181,1,3,4,-13.282253,-162.33983,-46.33896,34.97462,58.61358,0.058101088,0.098396346,-0.11094627,16082268,6,3666,0.013406166,533
6000050000202,53000600000217,6000050000212,6000050000000,53,0.2798018,6000050000203,6000050000213,6000050000009,6000050000010,-1,20,0.0,0.0,0.0,26769,10.15554,31.86179,40.00439,199176,1,3,4,295.10913,-45.87468,23.137995,25.476025,57.939278,0.025513796,0.037034716,-0.20322333,17805694,6,217,0.015267624,325
6000050000203,52000600003096,6000050000212,6000050000000,52,0.31970343,6000050000204,-1,6000050000202,6000050000203,-1,20,1.8934448,1.7213135,1.8934448,26769,10.05055,31.870604,39.997204,199176,1,3,4,249.86914,-27.766119,-8.847634,21.062616,49.71536,0.12431521,0.12706815,-0.2776823,16211859,6,3096,0.019618282,551
6000050000204,51000600003025,6000050000212,6000050000000,51,0.36234027,6000050000205,-1,6000050000203,6000050000204,-1,25,2.1516418,1.549182,2.1516418,26769,9.966265,31.880175,40.007828,199176,1,3,4,230.63998,-10.762214,-22.509315,22.408783,50.42598,-8.046181E-4,0.041777164,-0.19887209,16211859,6,3025,0.018923635,972
6000050000205,50000600003058,6000050000212,6000050000000,50,0.40789944,6000050000206,-1,6000050000204,6000050000205,-1,26,1.8934448,1.7213135,1.8934448,26769,9.886262,31.902943,40.022217,199176,1,3,4,209.69496,-2.4707372,-33.231506,23.886993,48.802494,-0.017938312,0.11727003,-0.188696,17561708,6,3058,0.02511395,412
6000050000206,49000600003112,6000050000212,6000050000000,49,0.45657724,6000050000207,-1,6000050000205,6000050000206,-1,26,1.8934448,1.7213135,1.8934448,26769,9.792432,31.894207,40.033848,199176,1,3,4,195.16344,2.1783154,-42.07885,28.914917,56.494987,-0.03451716,0.10984487,-0.15307051,17562103,6,3112,0.017277312,685
6000050000207,48000600003690,6000050000212,6000050000000,48,0.5085914,6000050000208,-1,6000050000206,6000050000207,-1,20,1.8073791,1.8073791,1.8073791,26774,9.7215805,31.8994,40.051838,199173,1,3,4,182.97108,3.9451194,-51.079865,33.230816,63.74121,-0.034764856,0.030681971,-0.038661547,17561707,6,3690,0.012281546,747
6000050000208,47000600003947,6000050000212,6000050000000,47,0.5641766,6000050000209,-1,6000050000207,6000050000208,-1,20,1.8934448,1.549182,1.7213135,26774,9.635531,31.889753,40.065666,199173,1,3,4,175.27872,9.289242,-57.412502,29.330774,58.167545,-0.03496634,0.02870047,-0.03639088,17561707,6,3947,0.018122856,446
6000050000209,46000600003978,6000050000212,6000050000000,46,0.6235901,6000050000210,-1,6000050000208,6000050000209,-1,20,1.6352477,1.3770508,1.6352477,26774,9.57621,31.893719,40.111095,199173,1,3,4,164.03026,14.256439,-65.69196,25.69794,46.45245,-0.024294715,0.043526728,-0.026555058,17561707,6,3978,0.02078612,975
6000050000210,45000600003550,6000050000212,6000050000000,45,0.6871088,6000050000211,-1,6000050000209,6000050000210,-1,23,1.6352477,1.2049193,1.6352477,26774,9.4881935,31.882868,40.138153,199173,1,3,4,162.35774,18.340033,-68.48889,19.66195,43.44716,0.12129367,0.04441605,-0.06531412,17805694,6,3550,0.023530351,629
6000050000211,44000600003662,6000050000212,6000050000000,44,0.75503564,6000050000212,-1,6000050000210,6000050000211,-1,22,1.6352477,1.032788,1.1188537,26774,9.399053,31.877724,40.17158,199173,1,3,4,154.15605,23.029995,-72.62528,22.03459,42.35692,0.10850442,0.092386834,-0.033733528,17561707,6,3662,0.030344116,565
6000050000212,43000600003961,6000050000212,6000050000000,43,0.8276991,-1,-1,6000050000211,6000050000212,-1,21,0.6885254,0.6885254,0.6885254,26774,9.339248,31.863882,40.20304,199173,1,3,4,147.85611,28.540106,-77.26505,19.628735,41.075287,0.19294304,-0.011949495,-0.15958968,17561710,6,3961,0.033696987,941
6000050000213,53000600000216,6000050000257,6000050000000,53,0.2798018,6000050000214,-1,6000050000009,6000050000010,6000050000202,30,0.0,0.0,0.0,26769,10.41591,31.803263,40.222824,199180,1,3,4,166.945,78.19858,-240.90547,50.987274,87.331856,0.056754187,-0.06169594,-0.030748507,16084657,6,216,0.0085696485,351
6000050000214,52000600000202,6000050000257,6000050000000,52,0.31970343,6000050000215,-1,6000050000213,6000050000011,6000050000178,56,0.0,0.0,0.0,26769,10.349704,31.753992,40.265526,199180,1,3,4,144.26025,194.96198,9.34505,64.44787,107.08117,-0.13031533,0.0020976951,-0.12402627,16084657,6,202,0.009551686,31
6000050000215,51000600000203,6000050000257,6000050000000,51,0.36234027,6000050000216,-1,6000050000214,6000050000012,6000050000179,64,0.0,0.0,0.0,26769,10.32939,31.693188,40.216827,199180,1,3,4,-65.46806,100.03753,182.30066,53.859474,100.27463,-0.021583691,-0.06478581,-0.04810517,16082882,6,203,0.015783435,882
6000050000216,50000600000201,6000050000257,6000050000000,50,0.40789944,6000050000217,-1,6000050000215,6000050000013,-1,76,0.0,0.0,0.0,26769,10.398228,31.677332,40.166077,199180,1,3,4,-223.01782,-38.595284,72.53898,71.419426,117.164375,-0.10011146,0.12763412,0.0023462668,16082882,6,201,0.010963039,399
6000050000217,49000600000213,6000050000257,6000050000000,49,0.45657724,6000050000218,-1,6000050000216,6000050000014,-1,122,0.0,0.0,0.0,26769,10.500157,31.720146,40.175922,199180,1,3,4,-242.63252,-99.588684,-105.540764,64.85971,116.553,-0.20799235,0.27589545,0.20180582,16081729,6,213,0.018321767,5
6000050000218,48000600000209,6000050000257,6000050000000,48,0.5085914,6000050000219,-1,6000050000217,6000050000015,6000050000164,108,0.0,0.0,0.0,26769,10.584803,31.758398,40.250877,199180,1,3,4,-187.2101,-116.60462,-268.5487,73.53479,128.76828,-0.1539226,0.11853911,0.03745096,16084656,6,209,0.013386896,800
6000050000219,47000600000197,6000050000257,6000050000000,47,0.5641766,6000050000220,-1,6000050000218,6000050000016,6000050000269,190,0.0,0.0,0.0,26769,10.635214,31.808548,40.406986,199180,1,3,4,-79.41428,-92.56866,-408.1932,78.48707,130.62245,-0.46565232,0.15626062,-0.0775415,16082873,6,197,0.022427807,159
6000050000220,46000600000196,6000050000257,6000050000000,46,0.6235901,6000050000221,-1,6000050000219,6000050000017,-1,234,0.0,0.0,0.0,26769,10.63775,31.84133,40.588364,199180,1,3,4,71.74361,-22.681406,-426.61487,82.92593,136.3765,-0.40937486,0.065566264,-0.18835363,16082873,6,196,0.025130704,325
6000050000221,45000600000192,6000050000257,6000050000000,45,0.6871088,6000050000222,-1,6000050000220,6000050000018,-1,303,0.0,0.0,0.0,26769,10.59442,31.834682,40.780724,199180,1,3,4,160.45474,9.839734,-356.25983,85.18646,143.80374,-0.49368918,0.2750951,-0.2586926,16082882,6,192,0.028201377,404
6000050000222,44000600000202,6000050000257,6000050000000,44,0.75503564,6000050000223,-1,6000050000221,6000050000019,-1,302,0.0,0.0,0.0,26769,10.525198,31.829552,40.922764,199180,1,3,4,192.49657,27.753946,-267.36237,84.37606,144.31915,-0.60365975,0.087649144,-0.21837197,16082882,6,202,0.02838371,53
6000050000223,43000600000231,6000050000257,6000050000000,43,0.8276991,6000050000224,-1,6000050000222,6000050000020,6000050000163,362,0.0,0.0,0.0,26770,10.433093,31.818895,41.052147,199208,1,3,4,202.81087,31.219988,-196.1198,79.70853,138.1741,-0.8548165,0.042137325,-0.124384336,16084656,6,231,0.036658067,828
6000050000224,42000600000199,6000050000257,6000050000000,42,0.9054624,6000050000225,-1,6000050000223,6000050000021,-1,374,0.0,0.0,0.0,26770,10.315701,31.80517,41.137814,199208,1,3,4,194.63857,29.625778,-146.92673,75.95087,137.27457,-0.6003078,0.08131097,-0.11200628,16082873,6,199,0.03809123,748
6000050000225,41000600000158,6000050000257,6000050000000,41,0.98870814,6000050000226,-1,6000050000224,6000050000022,-1,375,0.0,0.0,0.0,26770,10.202525,31.794565,41.201675,199208,1,3,4,177.70326,19.300146,-107.654,77.261765,137.95848,-0.35285872,0.2995315,-0.37760767,16082394,6,158,0.037638698,199
6000050000226,40000600000534,6000050000257,6000050000000,40,1.0778745,6000050000227,-1,6000050000225,6000050000226,-1,396,35.286926,31.758232,34.94266,26770,10.116198,31.783482,41.241714,199208,1,3,4,160.84383,12.417485,-72.145065,81.44083,141.69017,-0.30877525,0.23374726,-0.38083053,16082874,6,534,0.036908146,403
6000050000227,39000600000526,6000050000257,6000050000000,39,1.173417,6000050000228,-1,6000050000226,6000050000227,-1,371,32.963154,30.63938,32.963154,26770,10.048681,31.776762,41.26393,199208,1,3,4,141.08907,2.1919827,-48.553352,81.983055,147.06197,-0.28311852,0.1577446,-0.3494081,16082413,6,526,0.033463594,53
6000050000228,38000600000512,6000050000257,6000050000000,38,1.2758462,6000050000229,-1,6000050000227,6000050000228,-1,355,31.327904,29.864788,31.327904,26770,9.9834585,31.785168,41.280838,199208,1,3,4,121.52043,-8.016421,-27.65684,83.28964,144.97917,-0.23103373,0.20652364,-0.35122252,16084651,6,512,0.03241623,46
6000050000229,37000600000486,6000050000257,6000050000000,37,1.3857181,6000050000230,-1,6000050000228,6000050000229,-1,353,31.758232,29.004131,31.758232,26770,9.90144,31.783201,41.302116,199208,1,3,4,108.164345,-12.529336,-13.63219,84.11398,144.32556,-0.31172842,0.17575265,-0.22860189,16083597,6,486,0.033852693,867
6000050000230,36000600000444,6000050000257,6000050000000,36,1.5036365,6000050000231,-1,6000050000229,6000050000230,-1,365,30.381182,27.799212,30.897575,26770,9.851993,31.7855,41.31719,199208,1,3,4,93.80741,-23.647957,-2.4256566,79.4436,140.88402,-0.14104718,0.1381628,-0.18541153,16082874,6,444,0.0354014,822
6000050000231,35000600000403,6000050000257,6000050000000,35,1.6302707,6000050000232,-1,6000050000230,6000050000231,-1,384,28.573803,26.163963,28.832,26770,9.807569,31.779266,41.32763,199208,1,3,4,79.95955,-36.04212,1.3066673,77.68196,137.6554,-0.21896884,0.16184205,-0.12290502,16082874,6,403,0.038138244,932
6000050000232,34000600000386,6000050000257,6000050000000,34,1.766336,6000050000233,-1,6000050000231,6000050000232,-1,377,28.487738,27.196753,28.832,26770,9.790438,31.799694,41.33269,199208,1,3,4,65.01608,-43.38873,-1.0035819,80.96066,141.1344,-0.60348254,0.028494678,0.025419615,16082874,6,386,0.03773849,329
6000050000233,33000600000408,6000050000257,6000050000000,33,1.9126327,6000050000234,-1,6000050000232,6000050000233,-1,334,29.176262,28.22954,29.60659,26773,9.748967,31.840147,41.316547,199201,1,3,4,51.476837,-52.255318,6.1986628,89.05506,147.82281,-0.4798133,-0.01885411,-0.060603276,16082401,6,408,0.030548364,681
6000050000234,32000600000367,6000050000257,6000050000000,32,2.0700274,6000050000235,-1,6000050000233,6000050000234,-1,340,28.315605,27.62708,29.176262,26773,9.70502,31.884596,41.325665,199201,1,3,4,41.48872,-58.04624,8.855969,92.263985,154.63806,-0.44553822,-0.0586251,0.009120047,16081679,6,367,0.0288801,165
6000050000235,31000600000398,6000050000257,6000050000000,31,2.2394855,6000050000236,-1,6000050000234,6000050000235,-1,292,24.786913,23.84019,25.819702,26773,9.67759,31.930029,41.346703,199201,1,3,4,42.031956,-64.08617,4.008438,92.53643,145.49318,-0.50206083,0.1224594,-0.367758,16083600,6,398,0.02621788,521
6000050000236,30000600000321,6000050000257,6000050000000,30,2.422044,6000050000237,-1,6000050000235,6000050000236,-1,333,20.225433,19.795105,20.827892,26773,9.675124,31.94077,41.36446,199201,1,3,4,24.236376,-65.48995,10.85269,83.21272,139.39577,-0.47111452,-0.10981226,0.08023558,16082405,6,321,0.033321843,299
6000050000237,29000600000302,6000050000257,6000050000000,29,2.6188614,6000050000238,-1,6000050000236,6000050000237,-1,283,18.50412,17.557398,19.020514,26773,9.660038,31.978947,41.353764,199201,1,3,4,19.676046,-68.19248,6.7723665,83.13186,140.92252,-0.4065672,0.14150512,-0.38698298,16083600,6,302,0.027553562,866
6000050000238,28000600000336,6000050000257,6000050000000,28,2.8311827,6000050000239,-1,6000050000237,6000050000238,-1,229,17.815594,17.643463,18.590185,26773,9.650991,32.019817,41.329803,199201,1,3,4,13.619184,-74.766464,3.3507216,92.8254,143.04774,-0.62599623,0.2939655,-0.35708043,16081683,6,336,0.021331374,674
6000050000239,27000600000305,6000050000257,6000050000000,27,3.060419,6000050000240,-1,6000050000238,6000050000239,-1,218,16.352478,16.09428,16.696741,26773,9.655942,32.065037,41.31063,199201,1,3,4,6.4298124,-77.11581,3.8580742,89.12156,143.60388,-0.67997897,0.32541183,-0.3675906,16084651,6,305,0.02271287,829
6000050000240,26000600000449,6000050000249,6000050000000,26,3.3080978,6000050000241,6000050000250,6000050000239,6000050000240,-1,119,11.274603,11.188538,11.618866,26773,9.641743,32.13322,41.294617,199201,1,3,4,-18.039156,-136.05034,27.471989,76.8525,126.61882,0.007766672,0.071421124,-0.092162915,16084651,6,449,0.015185675,75
6000050000241,25000600000533,6000050000249,6000050000000,25,3.575905,6000050000242,-1,6000050000240,6000050000241,-1,97,8.176239,8.004107,8.348371,26773,9.655637,32.188606,41.28123,199201,1,3,4,-20.529453,-129.92348,8.278304,79.18904,130.12973,-0.07766972,0.050881702,0.09939651,16083602,6,533,0.0113969715,120
6000050000242,24000600000465,6000050000249,6000050000000,24,3.8656828,6000050000243,-1,6000050000241,6000050000242,-1,93,6.799188,6.7131224,6.885254,26773,9.697268,32.2645,41.25863,199203,1,3,4,-13.140897,-126.095085,-1.5716412,71.87398,121.78467,-0.08034589,0.017925078,0.029413424,16082875,6,465,0.012511619,109
6000050000243,23000600000418,6000050000249,6000050000000,23,4.1794686,6000050000244,-1,6000050000242,6000050000243,-1,88,6.540991,6.36886,6.799188,26773,9.709321,32.332714,41.25742,199203,1,3,4,-17.443592,-119.07311,-3.6457422,65.2079,117.26647,-0.062471647,-0.010973694,-0.03386307,16082875,6,418,0.014118748,706
6000050000244,22000600000477,6000050000249,6000050000000,22,4.5195556,6000050000245,-1,6000050000243,6000050000244,-1,70,5.8524656,5.680334,5.9385314,26773,9.725537,32.38657,41.26992,199203,1,3,4,-30.886555,-118.09086,-0.29539436,75.81404,125.24554,-0.034810267,-0.030485215,-0.016343422,16082406,6,477,0.010358327,98
6000050000245,21000600000410,6000050000249,6000050000000,21,4.888449,6000050000246,-1,6000050000244,6000050000245,-1,64,5.594269,5.4221373,5.680334,26773,9.754567,32.46691,41.260456,199203,1,3,4,-25.605879,-118.88086,-3.576168,77.10327,130.31528,-0.044520628,-0.026756387,-0.015860312,16081680,6,410,0.00818651,835
6000050000246,20000600000310,6000050000249,6000050000000,20,5.2888336,6000050000247,-1,6000050000245,6000050000246,-1,63,4.3032837,4.3032837,4.3893495,26773,9.7567625,32.53599,41.259995,199203,1,3,4,-24.550068,-110.076775,-14.743847,69.91328,120.699524,-0.017112926,-0.039886095,-0.014525264,16081680,6,310,0.008299128,958
6000050000247,19000600000351,6000050000249,6000050000000,19,5.7238646,6000050000248,-1,6000050000246,6000050000247,-1,47,3.18443,3.18443,3.442627,26773,9.756134,32.609013,41.252926,199203,1,3,4,-22.089975,-97.648445,-7.782226,61.109932,100.06771,-0.024558308,0.034438483,-0.020675598,16082399,6,351,0.010146095,34
6000050000248,18000600000362,6000050000249,6000050000000,18,6.1968336,6000050000249,-1,6000050000247,6000050000248,-1,36,2.3237731,2.3237731,2.3237731,26770,9.779305,32.61879,41.28629,199210,1,3,4,-8.458782,-83.236885,-10.811066,65.57345,108.470535,-0.0076323655,0.015473284,-0.0017980374,16082399,6,362,0.0062917434,286
6000050000249,17000600000448,6000050000249,6000050000000,17,6.7115865,-1,-1,6000050000248,6000050000249,-1,25,2.1516418,2.1516418,2.1516418,26770,9.769743,32.6825,41.295395,199210,1,3,4,-21.425465,-98.80466,-7.4310136,69.547104,107.53969,-0.011706371,-0.005267313,0.0018031136,16082399,6,448,0.0049320934,35
6000050000250,26000600001059,6000050000257,6000050000000,26,3.3080978,6000050000251,-1,6000050000239,6000050000250,-1,52,4.0450864,4.0450864,4.3032837,26773,9.527074,32.153492,41.413578,199201,1,3,4,75.49295,-4.457032,-25.679672,59.752068,91.989,-0.18971089,0.058194246,0.05540799,16083718,6,1059,0.012959821,159
6000050000251,25000600001013,6000050000257,6000050000000,25,3.575905,6000050000252,-1,6000050000250,6000050000251,-1,42,4.131152,3.8729553,4.131152,26773,9.470698,32.193394,41.445023,199201,1,3,4,62.92801,15.5609045,-16.171421,53.667976,83.35459,-0.116747856,0.15975939,0.056666784,16083572,6,1013,0.012856686,364
6000050000252,24000600001031,6000050000257,6000050000000,24,3.8656828,6000050000253,-1,6000050000251,6000050000252,-1,41,1.9795104,1.9795104,2.4098387,26773,9.435968,32.17764,41.484955,199201,1,3,4,63.872704,0.9588875,-4.506583,50.15246,86.50309,-0.17361324,0.054608345,-0.0124221705,16083656,6,1031,0.012849116,695
6000050000253,23000600001003,6000050000257,6000050000000,23,4.1794686,6000050000254,-1,6000050000252,6000050000253,-1,41,2.4959044,2.4959044,2.6680357,26773,9.423381,32.1668,41.469177,199201,1,3,4,52.675045,3.9072165,-1.2816837,49.38923,83.48535,-0.12671623,0.006632155,0.19855915,16083571,6,1003,0.0121363895,760
6000050000254,22000600001177,6000050000257,6000050000000,22,4.5195556,6000050000255,-1,6000050000253,6000050000254,-1,32,2.2377074,2.2377074,2.4959044,26773,9.387337,32.213055,41.494865,199201,1,3,4,38.96414,-2.8061717,-12.012585,52.19096,88.46108,-0.0020812398,0.06310581,0.02133474,16083578,6,1177,0.011336465,440
6000050000255,21000600001036,6000050000257,6000050000000,21,4.888449,6000050000256,-1,6000050000254,6000050000255,-1,31,1.8073791,1.8073791,2.3237731,26773,9.351769,32.17577,41.49746,199201,1,3,4,37.264786,-2.8946688,-15.150915,53.18496,92.628006,-0.019798096,0.06723282,0.05498271,16083542,6,1036,0.007192235,39
6000050000256,20000600001221,6000050000257,6000050000000,20,5.2888336,6000050000257,-1,6000050000255,6000050000256,-1,22,1.549182,1.549182,1.8934448,26773,9.335401,32.168785,41.49781,199201,1,3,4,28.837494,-10.5635,2.197987,53.01486,94.81633,0.08289125,-0.028585436,0.02996706,16083572,6,1221,0.004940659,841
6000050000257,19000600001083,6000050000257,6000050000000,19,5.7238646,-1,-1,6000050000256,6000050000257,-1,20,1.7213135,1.7213135,1.7213135,26773,9.338007,32.17636,41.4873,199201,1,3,4,28.436821,-14.695091,0.52068746,51.806973,89.11262,0.041448593,-0.033006463,0.043980993,16083576,6,1083,0.006993714,466
6000050000258,58000600000257,6000050000307,6000050000000,58,0.11588337,6000050000259,-1,6000050000004,6000050000005,-1,31,0.0,0.0,0.0,26769,10.289685,31.754587,39.967445,199176,1,3,4,203.60963,113.18293,80.67644,53.542507,100.13013,-0.028654289,0.0053766062,-0.056735583,16078893,6,257,0.0074136583,766
6000050000259,57000600000274,6000050000307,6000050000000,57,0.14438343,6000050000260,-1,6000050000258,6000050000006,-1,64,0.0,0.0,0.0,26769,10.259187,31.726307,39.960094,199176,1,3,4,21.17417,85.08106,-26.890306,54.277496,106.80202,0.16585787,-0.13347378,-0.056198318,16078893,6,274,0.011747993,259
6000050000260,56000600000278,6000050000307,6000050000000,56,0.17489761,6000050000261,-1,6000050000259,6000050000007,-1,63,0.0,0.0,0.0,26769,10.272997,31.708527,39.982563,199176,1,3,4,-121.19844,33.82302,-111.92082,55.14504,103.69296,0.11391525,-0.05403717,0.13317558,16078893,6,278,0.011774809,385
6000050000261,55000600000231,6000050000307,6000050000000,55,0.20754863,6000050000262,-1,6000050000260,6000050000008,-1,84,0.0,0.0,0.0,26769,10.334582,31.713005,40.03273,199176,1,3,4,-278.3475,-50.218525,-237.0069,74.073845,125.13891,-0.06120106,0.060712554,0.04305963,16078908,6,231,0.01116971,639
6000050000262,54000600000262,6000050000307,6000050000000,54,0.24246909,6000050000263,-1,6000050000261,6000050000009,-1,46,0.0,0.0,0.0,26769,10.429379,31.771343,40.147415,199180,1,3,4,-164.13855,-297.45413,-387.25543,62.328312,113.1845,-0.046082024,0.13676903,0.089019164,16078998,6,262,0.008342303,325
6000050000263,53000600000215,6000050000307,6000050000000,53,0.2798018,6000050000264,-1,6000050000262,6000050000010,6000050000213,111,0.0,0.0,0.0,26769,10.45464,31.860773,40.2523,199180,1,3,4,-20.048971,-220.72559,-244.46973,73.75134,139.15808,-0.029560825,0.022603985,0.04150941,16078907,6,215,0.011572595,824
6000050000264,52000600000201,6000050000307,6000050000000,52,0.31970343,6000050000265,-1,6000050000263,6000050000011,6000050000214,148,0.0,0.0,0.0,26769,10.459647,31.92384,40.322735,199180,1,3,4,22.632004,-135.02853,-168.6636,73.28554,139.38098,0.08620316,0.019093132,0.025407303,16078962,6,201,0.0149305295,284
6000050000265,51000600000202,6000050000307,6000050000000,51,0.36234027,6000050000266,-1,6000050000264,6000050000012,6000050000215,157,0.0,0.0,0.0,26769,10.4472065,31.960531,40.374645,199180,1,3,4,35.543217,-49.271053,-118.714455,76.82249,141.91255,0.07309044,-0.05033354,-0.11420693,16078887,6,202,0.014998331,610
6000050000266,50000600000200,6000050000307,6000050000000,50,0.40789944,6000050000267,-1,6000050000265,6000050000013,6000050000216,183,0.0,0.0,0.0,26769,10.435024,31.95728,40.414047,199180,1,3,4,48.944283,38.981293,-72.54501,73.54891,134.98691,0.037610617,-0.06032515,-0.18563694,16078962,6,200,0.019907886,224
6000050000267,49000600000212,6000050000307,6000050000000,49,0.45657724,6000050000268,-1,6000050000266,6000050000014,6000050000217,173,0.0,0.0,0.0,26769,10.415577,31.92268,40.435097,199180,1,3,4,60.47173,156.56847,-22.089426,77.462074,141.86163,0.098990686,-0.070335954,-0.049232624,16078908,6,212,0.017235637,417
6000050000268,48000600000208,6000050000307,6000050000000,48,0.5085914,6000050000269,-1,6000050000267,6000050000015,6000050000218,112,0.0,0.0,0.0,26769,10.386257,31.824047,40.42671,199180,1,3,4,20.87491,361.7927,70.27772,87.04119,151.19435,-0.021679698,0.04443792,0.084548615,16078887,6,208,0.010076891,442
6000050000269,47000600000198,6000050000307,6000050000000,47,0.5641766,6000050000270,-1,6000050000268,6000050000016,-1,134,0.0,0.0,0.0,26769,10.45168,31.65294,40.39397,199180,1,3,4,-267.7613,326.6992,49.43165,89.990265,150.40349,9.252508E-4,-0.1292102,-0.14064129,16079184,6,198,0.012438312,267
6000050000270,46000600000195,6000050000307,6000050000000,46,0.6235901,6000050000271,-1,6000050000269,6000050000017,6000050000220,266,0.0,0.0,0.0,26769,10.577638,31.539354,40.389194,199180,1,3,4,-285.24832,181.65054,-28.85876,90.206024,157.48761,-0.08167967,-0.17150505,-0.38275537,16079184,6,195,0.021229811,555
6000050000271,45000600000191,6000050000307,6000050000000,45,0.6871088,6000050000272,-1,6000050000270,6000050000018,6000050000221,345,0.0,0.0,0.0,26769,10.703877,31.473589,40.4128,199180,1,3,4,-267.35995,118.55584,-65.99898,85.40768,155.59279,-0.100496635,-0.20492315,-0.34742188,16078887,6,191,0.028256899,669
6000050000272,44000600000201,6000050000307,6000050000000,44,0.75503564,6000050000273,-1,6000050000271,6000050000019,6000050000222,381,0.0,0.0,0.0,26769,10.830869,31.428925,40.446533,199181,1,3,4,-246.89215,73.58111,-86.99393,90.183556,162.00009,-0.1750328,-0.27506363,-0.25162995,16079184,6,201,0.031177513,215
6000050000273,43000600000549,6000050000307,6000050000000,43,0.8276991,6000050000274,-1,6000050000272,6000050000273,-1,423,42.77464,38.213158,41.655785,26769,10.954785,31.396814,40.49735,199181,1,3,4,-226.61395,46.95861,-91.66029,93.2361,167.63962,-0.11824396,-0.36339837,-0.3355601,16078905,6,549,0.03233633,7
6000050000274,42000600000551,6000050000307,6000050000000,42,0.9054624,6000050000275,-1,6000050000273,6000050000274,-1,414,39.504143,35.717255,38.901684,26769,11.0773535,31.396322,40.549034,199181,1,3,4,-214.31271,27.544525,-96.270805,86.95275,157.74239,-0.20861118,-0.22094971,-0.27864528,16078871,6,551,0.033364,925
6000050000275,41000600000516,6000050000307,6000050000000,41,0.98870814,6000050000276,-1,6000050000274,6000050000275,-1,395,37.868896,32.274628,36.750042,26769,11.181883,31.385931,40.59945,199181,1,3,4,-204.49052,11.210356,-99.29497,82.30798,153.24615,-0.15627551,-0.16379328,-0.2363612,16078867,6,516,0.03283089,129
6000050000276,40000600000532,6000050000307,6000050000000,40,1.0778745,6000050000277,-1,6000050000275,6000050000276,-1,385,33.393482,30.122986,33.307415,26769,11.293342,31.375925,40.655464,199181,1,3,4,-191.26497,1.1457559,-97.757614,79.86422,154.39217,-0.14996855,-0.27260128,-0.26307383,16078893,6,532,0.034720235,731
6000050000277,39000600000523,6000050000307,6000050000000,39,1.173417,6000050000278,-1,6000050000276,6000050000277,-1,369,32.18856,29.090197,32.102497,26769,11.37632,31.37758,40.70838,199181,1,3,4,-175.98842,-4.95826,-91.10249,81.653145,156.04169,-0.24552844,-0.18609434,-0.15520495,16078853,6,523,0.03286286,669
6000050000278,38000600000494,6000050000307,6000050000000,38,1.2758462,6000050000279,-1,6000050000277,6000050000278,-1,365,31.930365,28.573803,31.930365,26769,11.464012,31.385324,40.753975,199181,1,3,4,-162.11385,-11.623291,-86.444145,84.49385,157.16476,-0.2605767,-0.31090277,0.045831013,16078914,6,494,0.030181251,533
6000050000279,37000600000471,6000050000307,6000050000000,37,1.3857181,6000050000280,-1,6000050000278,6000050000279,-1,366,31.844297,29.60659,31.930365,26769,11.549894,31.39842,40.792625,199181,1,3,4,-150.86635,-16.142836,-78.93668,86.47986,157.71594,-0.18637249,-0.35961884,-0.1209631,16079189,6,471,0.030428473,73
6000050000280,36000600000438,6000050000307,6000050000000,36,1.5036365,6000050000281,-1,6000050000279,6000050000280,-1,371,33.307415,31.069708,33.651676,26769,11.62584,31.401886,40.82905,199181,1,3,4,-139.08972,-20.44897,-68.99607,88.73487,156.68056,-0.26607838,-0.3405284,-0.07261365,16078992,6,438,0.02844627,742
6000050000281,35000600000398,6000050000307,6000050000000,35,1.6302707,6000050000282,-1,6000050000280,6000050000281,-1,390,33.135284,31.241838,33.221348,26769,11.693789,31.42256,40.885784,199181,1,3,4,-131.64825,-27.445553,-61.58817,90.779305,159.21837,-0.19240955,-0.056493144,-0.012156132,16078774,6,398,0.029505402,838
6000050000282,34000600000376,6000050000307,6000050000000,34,1.766336,6000050000283,-1,6000050000281,6000050000282,-1,364,30.553314,28.745934,31.327904,26766,11.772205,31.43613,40.918312,199236,1,3,4,-121.09539,-29.209455,-52.066586,95.10632,162.24873,-0.11069174,-0.46840814,-0.04963566,16078890,6,376,0.026514152,476
6000050000283,33000600000377,6000050000307,6000050000000,33,1.9126327,6000050000284,-1,6000050000282,6000050000283,-1,353,30.725445,29.520525,31.586102,26766,11.839195,31.443592,40.947636,199236,1,3,4,-115.21899,-30.099709,-40.464893,94.774506,161.24998,-0.0732179,-0.21979901,-0.09091855,16078957,6,377,0.026727688,267
6000050000284,32000600000340,6000050000307,6000050000000,32,2.0700274,6000050000285,-1,6000050000283,6000050000284,-1,354,28.143475,27.110687,28.832,26766,11.8719015,31.441208,40.97067,199236,1,3,4,-98.79131,-29.15821,-34.694916,89.30195,147.80508,0.06870393,-0.21291138,-0.16932224,16078908,6,340,0.032995258,391
6000050000285,31000600000354,6000050000307,6000050000000,31,2.2394855,6000050000286,-1,6000050000284,6000050000285,-1,320,26.077898,25.64757,27.02462,26766,11.95675,31.479548,40.975254,199236,1,3,4,-92.15769,-30.268045,-34.681602,89.467575,153.7105,0.10803245,-0.2735529,-0.1284976,16078854,6,354,0.026490258,777
6000050000286,30000600000378,6000050000307,6000050000000,30,2.422044,6000050000287,-1,6000050000285,6000050000286,-1,254,23.66806,22.979534,24.012321,26766,12.022904,31.50309,40.975433,199236,1,3,4,-83.58912,-31.335855,-27.396461,99.02065,160.11746,0.12478531,-0.32606056,0.018279525,16078957,6,378,0.019658757,833
6000050000287,29000600000357,6000050000307,6000050000000,29,2.6188614,6000050000288,-1,6000050000286,6000050000287,-1,245,21.172155,20.48363,21.602484,26766,12.034874,31.506975,40.99708,199236,1,3,4,-81.9261,-34.90666,-27.098587,92.48708,153.20818,0.11195378,-0.19312608,0.065567635,16078966,6,357,0.020444386,788
6000050000288,28000600000291,6000050000307,6000050000000,28,2.8311827,6000050000289,-1,6000050000287,6000050000288,-1,266,19.622972,18.848381,20.139366,26766,12.082959,31.527945,41.014256,199236,1,3,4,-73.31571,-31.191874,-28.244696,88.372444,151.00998,0.042458877,-0.3699506,0.09324888,16079085,6,291,0.023721706,959
6000050000289,27000600000283,6000050000307,6000050000000,27,3.060419,6000050000290,-1,6000050000288,6000050000289,-1,240,17.987726,17.815594,18.934448,26765,12.121715,31.557148,41.03225,199264,1,3,4,-64.33592,-31.598434,-29.324558,92.32439,155.25632,-0.016868392,-0.18603282,-0.02004517,16078622,6,283,0.019083247,929
6000050000290,26000600000237,6000050000307,6000050000000,26,3.3080978,6000050000291,-1,6000050000289,6000050000290,-1,238,19.622972,19.450842,20.0533,26765,12.166793,31.562561,41.018444,199264,1,3,4,-57.469555,-31.491577,-32.014645,96.96484,158.42474,-0.12116945,-0.2884516,-0.008390632,16078891,6,237,0.018519688,969
6000050000291,25000600000226,6000050000307,6000050000000,25,3.575905,6000050000292,-1,6000050000290,6000050000291,-1,210,18.159857,17.901659,18.590185,26765,12.194881,31.585243,41.046738,199264,1,3,4,-53.20383,-29.644697,-34.556293,95.033806,161.22165,-0.18734926,-0.23044522,2.079149E-4,16079185,6,226,0.016090928,365
6000050000292,24000600000212,6000050000307,6000050000000,24,3.8656828,6000050000293,-1,6000050000291,6000050000292,-1,184,15.31969,15.31969,15.491821,26765,12.224386,31.613115,41.06431,199264,1,3,4,-47.939537,-25.374039,-38.363968,107.175,172.60635,-0.17063874,-0.23899196,0.015459624,16079122,6,212,0.0120792305,826
6000050000293,23000600000248,6000050000307,6000050000000,23,4.1794686,6000050000294,-1,6000050000292,6000050000293,-1,143,12.651653,12.479523,12.995916,26765,12.251984,31.616922,41.046227,199264,1,3,4,-47.40271,-27.386906,-20.831484,94.80546,153.703,-0.16468805,-0.21356875,0.09299492,16078891,6,248,0.012700429,692
6000050000294,22000600000217,6000050000301,6000050000000,22,4.5195556,6000050000295,6000050000302,6000050000293,6000050000294,6000050000302,104,6.6270566,6.6270566,7.057385,26765,12.233442,31.616991,41.02029,199264,1,3,4,-20.772615,-29.708588,-12.115303,72.10859,121.472115,-0.18269275,-0.16066642,0.037271105,16079122,6,217,0.014111875,137
6000050000295,21000600000409,6000050000301,6000050000000,21,4.888449,6000050000296,-1,6000050000294,6000050000295,-1,63,4.733612,4.733612,5.0778747,26766,12.218883,31.624147,41.015427,199236,1,3,4,15.862865,-37.926617,1.9915175,64.47478,112.780045,-0.07990108,-0.024715032,-0.047845874,16078994,6,409,0.009903851,996
6000050000296,20000600000286,6000050000301,6000050000000,20,5.2888336,6000050000297,-1,6000050000295,6000050000296,-1,67,4.5614805,4.5614805,4.733612,26766,12.2181225,31.669556,41.0044,199236,1,3,4,10.090406,-41.615253,-0.28711432,68.88102,122.12352,-0.10122695,0.096337795,-0.06747243,16079085,6,286,0.009724325,795
6000050000297,19000600000257,6000050000301,6000050000000,19,5.7238646,6000050000298,-1,6000050000296,6000050000297,-1,60,3.9590209,3.9590209,4.3893495,26766,12.240855,31.700348,41.00345,199236,1,3,4,8.169202,-44.093674,-5.9798193,71.98314,118.97961,-0.08816159,0.08361818,0.034401868,16078902,6,257,0.008536157,312
6000050000298,18000600000206,6000050000301,6000050000000,18,6.1968336,6000050000299,-1,6000050000297,6000050000298,-1,53,3.7008238,3.7008238,4.131152,26765,12.1861315,31.710922,41.017338,199264,1,3,4,-1.5407264,-40.19174,-8.9066925,76.48457,126.624596,-0.096952476,0.01900759,-0.051989604,16078994,6,206,0.0070893094,989
6000050000299,17000600000174,6000050000301,6000050000000,17,6.7115865,6000050000300,-1,6000050000298,6000050000299,-1,46,3.18443,3.18443,3.2704954,26766,12.219438,31.734089,40.997604,199236,1,3,4,-2.743241,-42.269184,-8.178686,65.74696,119.48469,-0.088228665,-0.011143894,-0.10201692,16078994,6,174,0.0070980797,48
6000050000300,16000600000200,6000050000301,6000050000000,16,7.272188,6000050000301,-1,6000050000299,6000050000300,-1,31,1.1188537,1.1188537,1.7213135,26766,12.2157135,31.778252,40.986683,199236,1,3,4,-21.751913,-42.020252,7.492708,58.342243,94.084335,-0.06432343,0.1650447,-0.09395465,16078954,6,200,0.0078098434,405
6000050000301,15000600000080,6000050000301,6000050000000,15,7.8832035,-1,-1,6000050000300,6000050000301,-1,37,0.6885254,0.6885254,0.6885254,26766,12.260355,31.777786,40.943108,199236,1,3,4,-4.0717635,-30.479078,-6.6746783,55.679604,84.54723,-0.026096055,0.060402203,-0.05275407,16078994,6,80,0.010665216,813
6000050000302,22000600000218,6000050000307,6000050000000,22,4.5195556,6000050000303,-1,6000050000293,6000050000294,-1,22,0.0,0.0,0.0,26765,12.345554,31.64033,41.189125,199264,1,3,4,-139.21295,-27.412884,-97.02819,52.623425,86.45891,0.13825637,-0.029802427,0.018757813,16078774,6,218,0.007631139,246
6000050000303,21000600000912,6000050000307,6000050000000,21,4.888449,6000050000304,-1,6000050000302,6000050000303,-1,34,2.1516418,2.1516418,2.1516418,26765,12.434109,31.66029,41.24199,199264,1,3,4,-111.72171,-24.709389,-90.42235,62.306175,105.64265,0.15504396,0.039329685,-0.08463994,16078622,6,912,0.007915089,846
6000050000304,20000600000775,6000050000307,6000050000000,20,5.2888336,6000050000305,-1,6000050000303,6000050000304,-1,31,2.3237731,2.3237731,2.4959044,26765,12.494673,31.674635,41.292652,199264,1,3,4,-101.16513,-39.327938,-86.13201,52.118885,92.56506,0.094451785,0.06296693,0.009750271,16078622,6,775,0.009220368,832
6000050000305,19000600000708,6000050000307,6000050000000,19,5.7238646,6000050000306,-1,6000050000304,6000050000305,-1,28,2.1516418,2.1516418,2.2377074,26765,12.526689,31.679384,41.32812,199264,1,3,4,-87.15982,-42.632515,-73.40302,59.525738,104.82008,0.032821476,0.043463647,0.038609464,16078858,6,708,0.006328755,615
6000050000306,18000600000777,6000050000307,6000050000000,18,6.1968336,6000050000307,-1,6000050000305,6000050000306,-1,21,1.549182,1.549182,1.549182,26765,12.556388,31.711023,41.372177,199264,1,3,4,-72.46767,-49.909748,-71.505585,54.615215,95.85264,-0.014004778,0.0031191253,-0.013106726,16078858,6,777,0.004716568,395
6000050000307,17000600000554,6000050000307,6000050000000,17,6.7115865,-1,-1,6000050000306,6000050000307,-1,21,1.2049193,1.2049193,1.2049193,26765,12.584773,31.74268,41.423244,199264,1,3,4,-64.97953,-41.678745,-65.561134,47.014427,84.47975,0.060064297,0.013413109,-0.02820599,16078851,6,554,0.006557858,790