haloID,subHaloID,lastProgenitorId,treeId,snapNum,redshift,firstProgenitorId,nextProgenitorId,descendantId,firstHaloInFOFgroupId,nextHaloInFOFgroupId,np,m_Mean200,m_Crit200,m_TopHat,phKey,x,y,z,zIndex,ix,iy,iz,velX,velY,velZ,velDisp,vMax,spinX,spinY,spinZ,mostBoundID,fileNr,subhaloIndex,halfmassRadius,random
3000205000000,63000300001143,3000205000249,3000205000000,63,0.0,3000205000001,-1,-1,3000205000000,3000205000280,1219,96.737816,58.43859,77.02878,16054,46.92885,16.57913,16.00879,61440,5,1,1,-105.52999,-79.112144,-64.296196,81.75886,140.00655,5.5458994,-1.2289304,1.5244175,9644173,3,1143,0.117264345,174
3000205000001,62000300001155,3000205000189,3000205000000,62,0.019932542,3000205000002,3000205000190,3000205000000,3000205000001,3000205000190,1042,97.168144,58.352524,77.11484,16054,46.94928,16.595577,16.020796,61440,5,1,1,-101.01583,-94.03968,-69.910095,80.72341,142.0963,2.571616,-2.2279706,-0.8602829,9644141,3,1155,0.09697693,242
3000205000002,61000300001180,3000205000189,3000205000000,61,0.041403063,3000205000003,-1,3000205000001,3000205000002,3000205000191,1039,96.393555,57.577934,76.77058,16054,46.962017,16.606422,16.03252,61442,5,1,1,-99.04604,-93.47716,-70.336395,81.087715,143.47284,2.6767876,-1.907664,-0.49614084,9643949,3,1180,0.09904632,24
3000205000003,60000300001168,3000205000189,3000205000000,60,0.064493395,3000205000004,-1,3000205000002,3000205000003,3000205000192,1045,95.18863,56.11482,77.975494,16054,46.972153,16.618484,16.043972,61442,5,1,1,-93.03278,-90.54445,-75.964584,80.50246,141.94998,2.616798,-2.3798382,-0.9683887,9644173,3,1168,0.1038042,609
3000205000004,59000300001239,3000205000145,3000205000000,59,0.08928783,3000205000005,3000205000146,3000205000003,3000205000004,3000205000254,982,96.90994,54.909897,79.18042,16054,46.990402,16.638536,16.059223,61442,5,1,1,-86.866104,-85.960075,-80.50401,80.05629,133.01552,2.6388774,-1.9189997,-0.85552466,9644173,3,1239,0.10358747,121
3000205000005,58000300001150,3000205000145,3000205000000,58,0.11588337,3000205000006,-1,3000205000004,3000205000005,3000205000194,1123,96.13535,55.942688,79.26648,16054,47.003906,16.657969,16.07707,61442,5,1,1,-81.58637,-78.60117,-73.6574,77.80939,129.14035,1.8988543,-0.65743756,-0.98383987,9644173,3,1150,0.12679714,70
3000205000006,57000300001079,3000205000145,3000205000000,57,0.14438343,3000205000007,-1,3000205000005,3000205000006,3000205000195,1072,97.59847,53.963177,79.35255,16054,47.019535,16.68591,16.10815,61442,5,1,1,-74.02381,-71.023155,-81.266,77.071396,126.97302,3.1185021,-2.1442423,-0.73035544,9644180,3,1079,0.12727243,311
3000205000007,56000300001090,3000205000140,3000205000000,56,0.17489761,3000205000008,3000205000141,3000205000006,3000205000007,3000205000196,1036,98.975525,47.852512,75.82385,16054,47.03725,16.714947,16.13355,61442,5,1,1,-69.012146,-68.67703,-80.217384,77.90192,126.11816,2.9773638,-2.366244,-0.869428,9644141,3,1090,0.12527578,852
3000205000008,55000300001035,3000205000140,3000205000000,55,0.20754863,3000205000009,-1,3000205000007,3000205000008,3000205000197,973,100.868965,48.45497,74.618935,16054,47.059555,16.743198,16.158728,61442,5,1,1,-66.21166,-62.21707,-80.81836,78.23617,124.71733,2.7977488,-2.372818,-0.6644747,9644180,3,1035,0.118771546,514
3000205000009,54000300001052,3000205000140,3000205000000,54,0.24246909,3000205000010,-1,3000205000008,3000205000009,3000205000198,990,102.676346,51.553337,68.25008,16054,47.071358,16.76949,16.189062,61442,5,1,1,-64.42944,-58.5765,-79.52957,78.96764,128.70938,2.7740772,-2.11193,-0.8366813,9644268,3,1052,0.112774774,642
3000205000010,53000300001038,3000205000140,3000205000000,53,0.2798018,3000205000011,-1,3000205000009,3000205000010,3000205000199,1069,109.303406,50.004154,67.81975,16054,47.105717,16.794857,16.21345,61442,5,1,1,-59.63606,-43.308323,-77.97136,83.61165,137.2876,2.5573425,-1.49393,-1.0466686,9644268,3,1038,0.11610962,580
3000205000011,52000300001028,3000205000140,3000205000000,52,0.31970343,3000205000012,-1,3000205000010,3000205000011,3000205000200,1010,105.60258,48.45497,74.18861,16054,47.135017,16.818075,16.246447,61442,5,1,1,-52.06868,-35.130577,-78.5778,87.95446,152.70276,2.7083158,-2.1658452,-0.24364327,9643938,3,1028,0.112795696,287
3000205000012,51000300001036,3000205000102,3000205000000,51,0.36234027,3000205000013,3000205000103,3000205000011,3000205000012,3000205000201,873,97.7706,56.545147,82.27878,16054,47.168003,16.850428,16.26382,61442,5,1,1,-52.567474,-29.710068,-78.50381,82.670456,124.20646,2.5563893,-1.5272483,-0.07068659,9644268,3,1036,0.10741771,711
3000205000013,50000300000998,3000205000102,3000205000000,50,0.40789944,3000205000014,-1,3000205000012,3000205000013,3000205000202,776,101.12717,63.000072,88.81977,16054,47.20689,16.872898,16.30918,61442,5,1,1,-55.907497,-21.239214,-72.649284,81.99983,119.13435,2.9537065,-1.6971773,-0.17306541,9644172,3,998,0.1030409,586
3000205000014,49000300001024,3000205000102,3000205000000,49,0.45657724,3000205000015,-1,3000205000013,3000205000014,3000205000105,730,102.15995,70.91811,93.381256,16054,47.234936,16.883034,16.336586,61442,5,1,1,-58.5164,-2.8810494,-70.52051,84.814644,123.57325,3.3371508,-1.5580956,0.081257254,9644172,3,1024,0.09177362,744
3000205000015,48000300001053,3000205000090,3000205000000,48,0.5085914,3000205000016,3000205000091,3000205000014,3000205000015,3000205000297,704,96.65175,69.88532,88.303375,16054,47.2684,16.877611,16.370829,61442,5,1,1,-52.997528,20.008408,-73.555,88.79418,128.19464,3.1681168,-1.9852667,-0.09538144,9644220,3,1053,0.08099943,773
3000205000016,47000300001076,3000205000090,3000205000000,47,0.5641766,3000205000017,-1,3000205000015,3000205000016,3000205000107,716,84.34436,59.557446,72.98369,16054,47.302208,16.862091,16.394506,61442,5,1,1,-43.39044,20.829271,-67.22337,93.49722,133.3918,3.0733447,-1.5875189,0.27284637,9644261,3,1076,0.076581545,438
3000205000017,46000300001035,3000205000074,3000205000000,46,0.6235901,3000205000018,3000205000075,3000205000016,3000205000017,3000205000108,406,79.18042,57.319736,73.67222,16054,47.292362,16.825363,16.404673,61442,5,1,1,10.483763,86.52213,-78.59094,73.70259,123.122505,1.7264977,-1.1861457,-0.12412817,9644141,3,1035,0.056771442,163
3000205000018,45000300000994,3000205000074,3000205000000,45,0.6871088,3000205000019,-1,3000205000017,3000205000018,3000205000109,544,67.21729,47.250053,60.24597,16054,47.302044,16.782965,16.437843,61442,5,1,1,22.161661,82.57753,-128.5964,81.16352,126.24155,1.7240282,-1.089679,-0.12327293,9644267,3,994,0.07445638,778
3000205000019,44000300001069,3000205000053,3000205000000,44,0.75503564,3000205000020,3000205000054,3000205000018,3000205000019,3000205000161,523,53.791046,43.463165,51.03694,16054,47.288113,16.736115,16.492596,61442,5,1,1,-0.82238334,45.433865,-104.328316,92.269615,130.89633,2.9696085,-1.6207554,-0.43790337,9644153,3,1069,0.0568616,56
3000205000020,43000300001076,3000205000053,3000205000000,43,0.8276991,3000205000021,-1,3000205000019,3000205000020,3000205000162,331,46.647594,37.78283,45.35661,16054,47.26877,16.672947,16.555735,61442,5,1,1,23.128712,101.96602,-167.81393,73.66864,121.21985,0.65526086,-0.49257362,0.29379863,9644273,3,1076,0.048437014,901
3000205000021,42000300001129,3000205000053,3000205000000,42,0.9054624,3000205000022,-1,3000205000020,3000205000021,3000205000112,282,28.745934,24.44265,27.971344,16054,47.222523,16.626263,16.626804,61446,5,1,1,18.128479,83.737724,-177.86275,65.52541,114.020966,0.6646224,-0.10809513,-0.13835622,9643967,3,1129,0.041737247,418
3000205000022,41000300001069,3000205000053,3000205000000,41,0.98870814,3000205000023,-1,3000205000021,3000205000022,3000205000113,295,21.000023,17.12707,20.225433,16054,47.17703,16.558153,16.729752,61444,5,1,1,11.622982,72.293945,-174.8315,61.656105,106.39564,0.8334594,-0.20619363,-0.19742191,9644197,3,1069,0.049024776,943
3000205000023,40000300001341,3000205000052,3000205000000,40,1.0778745,3000205000024,3000205000053,3000205000022,3000205000023,3000205000058,236,18.934448,15.922149,18.590185,16054,47.160477,16.508667,16.826883,61444,5,1,1,-0.89751655,63.184692,-190.72864,63.547913,109.32416,0.4778417,0.16239877,0.08682605,9644194,3,1341,0.04633853,555
3000205000024,39000300001411,3000205000052,3000205000000,39,1.173417,3000205000025,-1,3000205000023,3000205000024,3000205000059,245,18.418055,16.438543,18.073792,16054,47.17799,16.498165,16.913284,61444,5,1,1,1.4046851,64.553246,-187.36261,70.53261,126.40549,0.7020551,-0.16970702,-0.19998814,9644194,3,1411,0.029106244,194
3000205000025,38000300001552,3000205000052,3000205000000,38,1.2758462,3000205000026,-1,3000205000024,3000205000025,-1,204,17.643463,16.008215,17.643463,16054,47.19869,16.458143,17.002405,61444,5,1,1,-5.9908695,66.110435,-188.55319,69.28031,113.55586,0.6492552,-0.2457744,0.24471109,9644180,3,1552,0.031516753,86
3000205000026,37000300001426,3000205000040,3000205000000,37,1.3857181,3000205000027,3000205000041,3000205000025,3000205000026,3000205000041,177,13.598376,11.188538,14.11477,16054,47.217606,16.42364,17.08567,61444,5,1,1,-20.131573,58.18845,-165.84724,61.899536,105.37093,0.23642789,0.5271125,-0.057260707,9644197,3,1426,0.03499983,90
3000205000027,36000300001296,3000205000040,3000205000000,36,1.5036365,3000205000028,-1,3000205000026,3000205000027,3000205000042,180,11.618866,10.672143,11.704931,16054,47.249264,16.417706,17.170147,61444,5,1,1,-26.841522,64.53879,-168.35112,62.955204,104.8829,0.13244721,0.61255836,-0.016617954,9644145,3,1296,0.033969086,700
3000205000028,35000300001339,3000205000040,3000205000000,35,1.6302707,3000205000029,-1,3000205000027,3000205000028,3000205000043,187,11.963128,10.758209,12.049194,16054,47.26168,16.391235,17.271927,61444,5,1,1,-26.984829,59.53526,-166.007,70.14211,107.84368,0.0526044,0.59443843,-0.3039468,9644180,3,1339,0.034075063,610
3000205000029,34000300001831,3000205000040,3000205000000,34,1.766336,3000205000030,-1,3000205000028,3000205000029,-1,108,9.811486,9.381158,9.8975525,16054,47.3012,16.361362,17.359682,61444,5,1,1,-57.28513,36.28291,-180.28865,59.42283,104.76234,0.102081545,0.1132774,-0.10431581,9644180,3,1831,0.02143168,592
3000205000030,33000300001832,3000205000040,3000205000000,33,1.9126327,3000205000031,-1,3000205000029,3000205000030,-1,105,7.4877133,6.971319,7.9180417,16054,47.324238,16.3262,17.448786,61444,5,1,1,-45.76898,36.436333,-165.74535,55.072014,99.00318,0.033646744,0.007457271,-0.008467588,9643951,3,1832,0.021163471,444
3000205000031,32000300002046,3000205000040,3000205000000,32,2.0700274,3000205000032,-1,3000205000030,3000205000031,-1,89,7.057385,6.799188,7.1434507,16054,47.35349,16.307257,17.531178,61444,5,1,1,-38.705173,38.011524,-155.89122,56.227554,99.357315,-0.041887976,0.030253459,0.009142487,9644141,3,2046,0.017921397,195
3000205000032,31000300002024,3000205000040,3000205000000,31,2.2394855,3000205000033,-1,3000205000031,3000205000032,-1,90,5.9385314,5.680334,6.1106625,16055,47.376564,16.312065,17.598587,61472,5,1,1,-34.307034,33.75499,-146.42885,54.42282,95.14549,0.016078364,0.018150304,-0.013715141,9644141,3,2024,0.020060237,349
3000205000033,30000300001839,3000205000040,3000205000000,30,2.422044,3000205000034,-1,3000205000032,3000205000033,-1,96,5.8524656,5.2500057,6.1106625,16055,47.395805,16.297981,17.666101,61472,5,1,1,-29.569986,34.08134,-143.27916,57.389576,92.608215,0.058388043,-0.020745935,0.030504532,9644141,3,1839,0.023182575,888
3000205000034,29000300002038,3000205000040,3000205000000,29,2.6188614,3000205000035,-1,3000205000033,3000205000034,-1,77,6.540991,6.196728,6.6270566,16055,47.42109,16.274687,17.761993,61472,5,1,1,-29.67402,31.7712,-132.82144,61.850964,105.341896,0.09188164,-0.043627407,0.024406755,9350738,3,2038,0.014661102,408
3000205000035,28000300001960,3000205000040,3000205000000,28,2.8311827,3000205000036,-1,3000205000034,3000205000035,-1,73,6.4549255,6.36886,6.4549255,16055,47.43542,16.237976,17.8458,61472,5,1,1,-27.929634,30.668028,-128.45474,65.10659,107.15668,0.09773153,0.011069908,0.021406813,9644181,3,1960,0.013598533,246
3000205000036,27000300002236,3000205000040,3000205000000,27,3.060419,3000205000037,-1,3000205000035,3000205000036,-1,56,4.905743,4.8196774,4.991809,16055,47.43073,16.22616,17.95052,61472,5,1,2,-21.355453,31.302078,-140.44516,58.591236,96.81473,0.10490981,-0.04926566,0.0060164225,9350347,3,2236,0.013412051,701
3000205000037,26000300001744,3000205000040,3000205000000,26,3.3080978,3000205000038,-1,3000205000036,3000205000037,-1,68,3.7008238,3.7008238,4.131152,16055,47.47111,16.19476,18.028616,61472,5,1,2,-27.182919,28.869848,-120.72988,50.76931,90.51438,0.07096805,-0.06262722,-0.023212435,9643963,3,1744,0.018009985,82
3000205000038,25000300001750,3000205000040,3000205000000,25,3.575905,3000205000039,-1,3000205000037,3000205000038,-1,61,1.7213135,1.7213135,2.1516418,16055,47.526505,16.23086,17.97887,61472,5,1,2,-20.31988,32.52044,-116.038956,48.739803,95.21053,0.09918616,0.02289092,0.06853768,9350720,3,1750,0.02585894,129
3000205000039,24000300002692,3000205000040,3000205000000,24,3.8656828,3000205000040,-1,3000205000038,3000205000039,-1,35,1.4631164,1.4631164,1.549182,16055,47.522705,16.194736,18.04592,61472,5,1,2,-39.398216,30.142197,-102.39156,43.370155,72.330894,0.26662984,-0.26308665,-0.011131893,9643937,3,2692,0.013263034,870
3000205000040,23000300002871,3000205000040,3000205000000,23,4.1794686,-1,-1,3000205000039,3000205000040,-1,29,0.86065674,0.86065674,0.86065674,16055,47.457253,16.098211,18.311996,61472,5,1,2,-36.11322,19.826023,-124.94656,36.5843,64.1698,-0.15164785,0.21040589,-0.01608069,9643963,3,2871,0.018693116,964
3000205000041,37000300001427,3000205000052,3000205000000,37,1.3857181,3000205000042,-1,3000205000025,3000205000026,-1,46,0.0,0.0,0.0,16054,47.122833,16.35275,17.17035,61444,5,1,1,18.952078,73.65703,-258.00146,51.950016,83.811134,0.22262298,-0.024470396,-0.12605534,9644253,3,1427,0.013434717,910
3000205000042,36000300001297,3000205000052,3000205000000,36,1.5036365,3000205000043,-1,3000205000041,3000205000027,3000205000062,49,0.0,0.0,0.0,16054,47.129852,16.330004,17.30702,61444,5,1,1,0.5806597,57.81298,-254.3598,44.740135,80.9282,0.29352406,-0.1428825,-0.026287492,9644266,3,1297,0.01658575,47
3000205000043,35000300001340,3000205000052,3000205000000,35,1.6302707,3000205000044,-1,3000205000042,3000205000028,-1,45,0.0,0.0,0.0,16054,47.13989,16.307022,17.453869,61444,5,1,1,-9.176933,38.10305,-250.0975,46.048996,83.14047,0.27074492,-0.11021928,0.09268319,9644231,3,1340,0.015688602,985
3000205000044,34000300002040,3000205000052,3000205000000,34,1.766336,3000205000045,-1,3000205000043,3000205000044,-1,74,6.282794,6.024597,6.282794,16055,47.152653,16.294512,17.594927,61472,5,1,1,-20.009203,38.269714,-237.55357,54.823177,92.87815,0.55841786,-0.113445275,-0.018619923,9644266,3,2040,0.019222552,163
3000205000045,33000300002152,3000205000051,3000205000000,33,1.9126327,3000205000046,3000205000052,3000205000044,3000205000045,-1,53,4.905743,4.6475463,4.991809,16055,47.160896,16.287971,17.741161,61472,5,1,1,-16.421917,32.900616,-225.6447,51.032173,87.77176,0.33043167,0.059930343,0.06230354,9644271,3,2152,0.01403124,604
3000205000046,32000300002659,3000205000051,3000205000000,32,2.0700274,3000205000047,-1,3000205000045,3000205000046,-1,62,4.8196774,4.8196774,4.8196774,16055,47.164757,16.273312,17.862041,61472,5,1,2,-15.612699,26.591513,-219.66422,51.124596,86.94142,0.43368527,-0.05490502,0.110361286,9644266,3,2659,0.020959623,34
3000205000047,31000300003306,3000205000051,3000205000000,31,2.2394855,3000205000048,-1,3000205000046,3000205000047,-1,46,3.6147583,3.5286925,3.7008238,16055,47.159603,16.243158,18.005175,61472,5,1,2,-14.667805,9.587985,-222.73042,46.158356,79.961685,0.23625867,-0.006843556,-0.006457865,9644231,3,3306,0.014877298,303
3000205000048,30000300003336,3000205000051,3000205000000,30,2.422044,3000205000049,-1,3000205000047,3000205000048,-1,44,3.6147583,3.5286925,3.7868896,16055,47.179604,16.251867,18.140587,61472,5,1,2,-17.146725,12.746951,-214.15779,49.232536,81.93309,0.10628805,-0.01991806,-0.02823062,9644231,3,3336,0.014440132,86
3000205000049,29000300003449,3000205000051,3000205000000,29,2.6188614,3000205000050,-1,3000205000048,3000205000049,-1,40,3.098364,3.098364,3.18443,16055,47.20874,16.237156,18.247166,61472,5,1,2,-19.396393,17.271189,-206.5724,49.917763,84.05798,0.09803815,-0.05568085,-0.05606752,9644248,3,3449,0.014154406,207
3000205000050,28000300003507,3000205000051,3000205000000,28,2.8311827,3000205000051,-1,3000205000049,3000205000050,-1,37,2.4098387,2.4098387,2.4098387,16055,47.204517,16.22804,18.392551,61472,5,1,2,-22.596607,20.35537,-198.16623,47.546787,84.16343,0.075114995,-0.017339138,-0.0068275793,9644220,3,3507,0.0111238565,582
3000205000051,27000300004063,3000205000051,3000205000000,27,3.060419,-1,-1,3000205000050,3000205000051,-1,29,1.8073791,1.4631164,1.8073791,16055,47.238052,16.238459,18.478798,61472,5,1,2,-20.528019,12.174485,-194.11304,41.297688,72.03673,-0.047163844,-0.033696525,0.015819386,9644247,3,4063,0.0135350935,368
3000205000052,32000300005398,3000205000052,3000205000000,32,2.0700274,-1,-1,3000205000044,3000205000052,-1,24,1.8073791,1.8073791,1.8073791,16055,47.101936,16.19825,17.596119,61472,5,1,1,32.90214,95.76562,-111.2159,35.836647,55.19352,-0.2063903,-0.10237779,0.019583542,9350710,3,5398,0.018716633,702
3000205000053,40000300001343,3000205000053,3000205000000,40,1.0778745,-1,-1,3000205000022,3000205000023,-1,23,0.0,0.0,0.0,16054,47.228054,16.571325,16.804432,61444,5,1,1,41.01868,109.8957,-141.20966,43.075584,75.58004,0.039023954,-0.10771983,-0.13471812,9644266,3,1343,0.008657781,278
3000205000054,44000300001073,3000205000074,3000205000000,44,0.75503564,3000205000055,-1,3000205000018,3000205000019,-1,21,0.0,0.0,0.0,16054,47.255753,16.632862,16.604393,61446,5,1,1,-43.565517,89.4404,-219.43486,36.880047,73.72945,0.045217313,-0.025373261,0.04102588,9102191,3,1073,0.00859456,369
3000205000055,43000300001080,3000205000074,3000205000000,43,0.8276991,3000205000056,-1,3000205000054,3000205000020,-1,25,0.0,0.0,0.0,16054,47.28233,16.595243,16.715847,61444,5,1,1,-64.97225,54.644268,-194.97694,37.558853,76.80264,0.044815037,-0.047180213,0.06259542,9102191,3,1080,0.009037932,65
3000205000056,42000300001132,3000205000074,3000205000000,42,0.9054624,3000205000057,-1,3000205000055,3000205000021,-1,26,0.0,0.0,0.0,16054,47.32728,16.577698,16.807112,61444,5,1,1,-63.50925,27.089682,-162.76152,28.597889,60.954704,0.12741424,-0.032120902,0.005200909,9350684,3,1132,0.016245415,708
3000205000057,41000300001072,3000205000074,3000205000000,41,0.98870814,3000205000058,-1,3000205000056,3000205000022,-1,26,0.0,0.0,0.0,16054,47.343777,16.568142,16.881603,61444,5,1,1,-59.289997,9.587473,-135.7103,43.77855,81.56091,0.056358304,0.06801844,-0.022434724,8731757,3,1072,0.00921842,9
3000205000058,40000300001342,3000205000074,3000205000000,40,1.0778745,3000205000059,-1,3000205000057,3000205000023,3000205000053,30,0.0,0.0,0.0,16054,47.36795,16.560297,16.946014,61444,5,1,1,-41.368687,-1.0871186,-107.73043,43.329994,85.90237,0.058625676,-0.0071784123,-0.062981784,8731757,3,1342,0.008665174,937
3000205000059,39000300001412,3000205000074,3000205000000,39,1.173417,3000205000060,-1,3000205000058,3000205000024,-1,25,0.0,0.0,0.0,16054,47.402264,16.564672,16.982918,61444,5,1,1,-22.132822,0.18300623,-79.279816,35.202953,71.72761,0.028988834,-0.008574884,0.065492734,9102196,3,1412,0.011050296,252
3000205000060,38000300004935,3000205000074,3000205000000,38,1.2758462,3000205000061,-1,3000205000059,3000205000060,-1,31,2.5819702,2.3237731,2.5819702,16054,47.408295,16.559282,17.033138,61444,5,1,1,5.009322,10.123962,-82.958496,39.207207,75.61399,-0.115640186,0.08694226,0.016204696,8731753,3,4935,0.010634451,189
3000205000061,37000300004547,3000205000074,3000205000000,37,1.3857181,3000205000062,-1,3000205000060,3000205000061,-1,29,2.6680357,2.3237731,2.6680357,16054,47.40158,16.559666,17.074976,61444,5,1,1,25.938522,18.69618,-69.0619,33.579308,68.99188,0.024466073,0.035477143,-0.071687184,9102153,3,4547,0.012870841,785
3000205000062,36000300001298,3000205000074,3000205000000,36,1.5036365,3000205000063,-1,3000205000061,3000205000027,-1,24,0.0,0.0,0.0,16054,47.369343,16.550167,17.111227,61444,5,1,1,48.553978,32.815014,-68.53772,34.745052,71.57319,-0.013919093,0.014823624,-0.02875658,9102153,3,1298,0.01041809,263
3000205000063,35000300004470,3000205000074,3000205000000,35,1.6302707,3000205000064,-1,3000205000062,3000205000063,-1,29,2.7541015,2.5819702,2.840167,16054,47.34226,16.50776,17.151304,61444,5,1,1,62.234062,52.147217,-73.204094,39.519432,75.422516,-0.01234143,0.037687898,-0.08343336,8731756,3,4470,0.010204526,80
3000205000064,34000300004210,3000205000074,3000205000000,34,1.766336,3000205000065,-1,3000205000063,3000205000064,-1,31,2.840167,2.7541015,2.840167,16054,47.290546,16.486492,17.20332,61444,5,1,1,78.14751,61.860046,-79.18035,43.343296,88.165115,0.02575231,0.043713015,-0.12346613,9102196,3,4210,0.00836622,200
3000205000065,33000300004384,3000205000074,3000205000000,33,1.9126327,3000205000066,-1,3000205000064,3000205000065,-1,27,2.6680357,2.4959044,2.6680357,16054,47.22719,16.451092,17.254314,61444,5,1,1,80.37463,71.70738,-83.308975,34.422657,63.621544,0.020387717,-8.553866E-4,-0.064620405,9350683,3,4384,0.013293973,512
3000205000066,32000300004340,3000205000074,3000205000000,32,2.0700274,3000205000067,-1,3000205000065,3000205000066,-1,29,1.8073791,1.8073791,2.1516418,16054,47.188942,16.415007,17.316084,61444,5,1,1,68.30659,78.775764,-82.88724,32.181763,62.449028,0.04010941,-0.041256897,-0.01688419,9102194,3,4340,0.015729284,36
3000205000067,31000300004981,3000205000074,3000205000000,31,2.2394855,3000205000068,-1,3000205000066,3000205000067,-1,27,1.8934448,1.8934448,1.8934448,16054,47.197693,16.357214,17.34525,61444,5,1,1,57.649933,79.246346,-82.05012,33.05264,61.589977,0.06710808,0.006295367,0.019365767,8731756,3,4981,0.015108798,588
3000205000068,30000300004483,3000205000074,3000205000000,30,2.422044,3000205000069,-1,3000205000067,3000205000068,-1,29,1.9795104,1.9795104,1.9795104,16054,47.126316,16.321146,17.388357,61444,5,1,1,54.546032,77.681694,-80.23021,31.807072,66.72062,0.06349189,0.061880402,0.03763104,8731756,3,4483,0.0151137635,29
3000205000069,29000300004465,3000205000074,3000205000000,29,2.6188614,3000205000070,-1,3000205000068,3000205000069,-1,28,2.065576,2.065576,2.1516418,16054,47.11679,16.269005,17.44491,61444,5,1,1,54.258327,79.1013,-79.70361,34.283035,67.95044,0.08212547,0.095058605,0.04098359,9350683,3,4465,0.012251566,394
3000205000070,28000300004271,3000205000074,3000205000000,28,2.8311827,3000205000071,-1,3000205000069,3000205000070,-1,29,2.5819702,2.5819702,2.5819702,16054,47.073257,16.21688,17.489202,61444,5,1,1,48.231815,76.25064,-77.44869,42.054752,78.72455,0.041433144,0.069767706,-0.02407438,9102151,3,4271,0.010878464,696
3000205000071,27000300003918,3000205000074,3000205000000,27,3.060419,3000205000072,-1,3000205000070,3000205000071,-1,30,2.5819702,2.5819702,2.5819702,16054,47.045807,16.173153,17.524084,61444,5,1,1,42.87532,75.69054,-74.563446,46.631927,82.19247,0.053832274,0.07589531,0.01591099,9350683,3,3918,0.010563567,800
3000205000072,26000300003793,3000205000074,3000205000000,26,3.3080978,3000205000073,-1,3000205000071,3000205000072,-1,29,2.1516418,2.1516418,2.1516418,16055,47.003376,16.139606,17.579483,61472,5,1,1,40.90349,74.49616,-68.2186,43.30962,78.33995,0.073865734,0.05984836,0.023067538,9350683,3,3793,0.011433362,927
3000205000073,25000300004022,3000205000074,3000205000000,25,3.575905,3000205000074,-1,3000205000072,3000205000073,-1,25,1.2909851,1.2909851,1.2909851,16055,47.006367,16.088121,17.618637,61472,5,1,1,40.79264,68.49618,-67.44166,37.54305,69.885666,0.0435413,0.053134754,0.024639197,9350683,3,4022,0.010581644,682
3000205000074,24000300004221,3000205000074,3000205000000,24,3.8656828,-1,-1,3000205000073,3000205000074,-1,21,1.1188537,1.1188537,1.1188537,16055,47.000256,16.05232,17.64526,61472,5,1,1,37.646484,61.978596,-66.74681,35.331387,69.343666,0.024367541,-0.019234741,0.0587786,9102197,3,4221,0.0089579495,820
3000205000075,46000300001038,3000205000090,3000205000000,46,0.6235901,3000205000076,-1,3000205000016,3000205000017,3000205000092,27,0.0,0.0,0.0,16054,47.012005,16.68934,16.603191,61446,5,1,1,131.30595,56.458843,-218.1987,26.36144,48.41232,-0.23793426,-0.11743493,-0.22682188,8757648,3,1038,0.02788994,459
3000205000076,44000300003553,3000205000090,3000205000000,44,0.75503564,3000205000077,-1,3000205000075,3000205000076,-1,42,1.6352477,1.3770508,1.4631164,16054,46.89846,16.631922,16.80187,61446,5,1,1,101.40501,47.724594,-203.79271,22.648203,50.150074,-0.57231694,0.23292004,-0.15887213,8757648,3,3553,0.04520073,275
3000205000077,43000300005392,3000205000090,3000205000000,43,0.8276991,3000205000078,-1,3000205000076,3000205000077,-1,25,1.549182,1.4631164,1.549182,14537,46.845444,16.61853,16.899012,57935,5,1,1,93.92337,44.365463,-191.06609,23.401272,52.42432,-0.14571315,0.012524524,-0.056535266,8757630,3,5392,0.017508447,666
3000205000078,42000300005678,3000205000090,3000205000000,42,0.9054624,3000205000079,-1,3000205000077,3000205000078,-1,20,1.6352477,1.4631164,1.6352477,14537,46.80675,16.582685,16.997377,57933,5,1,1,87.56359,40.487267,-186.54001,25.924585,48.328667,-0.14366677,0.11157608,-0.062999964,8757630,3,5678,0.017488465,45
3000205000079,41000300004989,3000205000090,3000205000000,41,0.98870814,3000205000080,-1,3000205000078,3000205000079,-1,23,2.1516418,2.065576,2.1516418,14537,46.73334,16.564835,17.102661,57933,5,1,1,77.416245,32.639168,-181.38896,26.36156,46.245155,-0.14725865,0.077364154,0.05436197,8757630,3,4989,0.023407701,646
3000205000080,40000300003092,3000205000090,3000205000000,40,1.0778745,3000205000081,-1,3000205000079,3000205000080,-1,47,2.3237731,2.3237731,2.3237731,14537,46.694614,16.54762,17.197102,57933,5,1,1,65.74941,31.704248,-178.46666,30.211712,50.98042,-0.24823622,0.13133594,0.1949299,8757708,3,3092,0.037872434,509
3000205000081,39000300002924,3000205000090,3000205000000,39,1.173417,3000205000082,-1,3000205000080,3000205000081,-1,51,2.840167,2.3237731,2.7541015,14537,46.675156,16.545906,17.285837,57933,5,1,1,65.03729,21.321632,-179.77278,35.769516,57.133755,-0.4319469,0.2282567,0.23329325,8757708,3,2924,0.03190016,745
3000205000082,38000300002830,3000205000090,3000205000000,38,1.2758462,3000205000083,-1,3000205000081,3000205000082,-1,55,4.733612,4.217218,4.733612,14537,46.650387,16.554085,17.366982,57933,5,1,1,55.540478,10.5754385,-177.04842,40.205593,65.60145,-0.4885789,0.25982165,0.17114986,8757708,3,2830,0.026924588,98
3000205000083,37000300002947,3000205000090,3000205000000,37,1.3857181,3000205000084,-1,3000205000082,3000205000083,-1,52,5.0778747,4.4754148,5.1639404,14537,46.6083,16.513025,17.46451,57933,5,1,1,49.935417,16.815662,-175.19818,48.98835,67.548355,-0.5674994,0.2582284,0.06646487,8757630,3,2947,0.024204412,526
3000205000084,36000300003037,3000205000090,3000205000000,36,1.5036365,3000205000085,-1,3000205000083,3000205000084,-1,55,5.508203,4.905743,5.508203,14538,46.60235,16.504793,17.578295,57961,5,1,1,52.684116,38.228153,-170.16452,54.254498,74.54813,-0.62539905,0.17038304,0.21724865,8757708,3,3037,0.021424884,340
3000205000085,35000300003005,3000205000090,3000205000000,35,1.6302707,3000205000086,-1,3000205000084,3000205000085,-1,54,3.442627,3.0122986,3.7008238,14538,46.59365,16.523827,17.690157,57961,5,1,1,39.980263,25.478104,-165.05064,46.652287,65.33204,-0.57227886,0.19930694,0.2687817,8757708,3,3005,0.0247874,226
3000205000086,34000300005080,3000205000089,3000205000000,34,1.766336,3000205000087,3000205000090,3000205000085,3000205000086,-1,29,1.8073791,1.7213135,1.8073791,14538,46.611107,16.542059,17.801884,57961,5,1,1,-3.6274793,-8.019518,-199.61453,34.30985,64.99372,0.08141597,0.020668518,-0.03201319,8757641,3,5080,0.0133987535,848
3000205000087,33000300006051,3000205000089,3000205000000,33,1.9126327,3000205000088,-1,3000205000086,3000205000087,-1,22,1.7213135,1.7213135,1.7213135,14538,46.61975,16.571226,17.902039,57961,5,1,2,-2.712989,-2.4597561,-194.10251,33.138474,61.134674,0.02011783,-0.012549178,-0.018304117,8757641,3,6051,0.014438594,559
3000205000088,32000300005906,3000205000089,3000205000000,32,2.0700274,3000205000089,-1,3000205000087,3000205000088,-1,22,1.1188537,1.1188537,1.1188537,14538,46.64615,16.571024,18.01307,57961,5,1,2,-0.43037248,2.244993,-189.19562,34.01288,54.369972,0.019562589,0.012824778,-0.015815672,8757633,3,5906,0.016757265,14
3000205000089,31000300005936,3000205000089,3000205000000,31,2.2394855,-1,-1,3000205000088,3000205000089,-1,21,1.2049193,1.2049193,1.2049193,14538,46.625004,16.563501,18.101547,57961,5,1,2,-2.0186672,5.0561213,-180.50546,31.402205,55.856453,0.0058540124,0.011265591,-0.037890974,8757645,3,5936,0.013894588,224
3000205000090,34000300004968,3000205000090,3000205000000,34,1.766336,-1,-1,3000205000085,3000205000090,-1,29,0.86065674,0.774591,0.9467224,14538,46.518597,16.462305,17.753487,57961,5,1,1,68.46948,60.53732,-137.94179,30.091738,46.359215,0.14131397,-0.077648364,-0.006590366,9102490,3,4968,0.025833845,66
3000205000091,48000300001057,3000205000102,3000205000000,48,0.5085914,3000205000092,-1,3000205000014,3000205000015,-1,22,0.0,0.0,0.0,16054,47.184822,16.772152,16.427704,61442,5,1,1,-60.089054,-163.57454,-21.986765,39.100334,58.65037,-0.02699744,-0.14665371,0.18195182,8731568,3,1057,0.013661152,42
3000205000092,46000300001039,3000205000102,3000205000000,46,0.6235901,3000205000093,-1,3000205000091,3000205000017,-1,24,0.0,0.0,0.0,16054,47.263935,16.901093,16.368803,61442,5,1,1,-110.74841,-87.44664,63.04416,33.82239,53.8392,-0.09143874,-0.12629081,0.20193489,9105386,3,1039,0.018208714,643
3000205000093,45000300000997,3000205000102,3000205000000,45,0.6871088,3000205000094,-1,3000205000092,3000205000018,-1,34,0.0,0.0,0.0,16054,47.309,16.945675,16.36389,61442,5,1,1,-112.951256,-37.219353,27.879358,34.180073,60.1231,-0.10447816,-0.20286463,0.13789232,9350637,3,997,0.018561902,967
3000205000094,44000300001071,3000205000102,3000205000000,44,0.75503564,3000205000095,-1,3000205000093,3000205000019,3000205000110,59,0.0,0.0,0.0,16054,47.36062,16.950638,16.364563,61442,5,1,1,-112.79779,2.1595864,-6.109062,37.362267,62.589577,-0.54304266,-0.49547622,-0.16575268,9350637,3,1071,0.029226564,99
3000205000095,43000300001079,3000205000102,3000205000000,43,0.8276991,3000205000096,-1,3000205000094,3000205000020,3000205000055,48,0.0,0.0,0.0,16054,47.417114,16.935364,16.3642,61442,5,1,1,-95.13599,13.252915,-40.14412,36.95125,61.270756,-0.23442371,-0.2987267,0.027712325,9350631,3,1079,0.026655335,655
3000205000096,42000300001131,3000205000102,3000205000000,42,0.9054624,3000205000097,-1,3000205000095,3000205000021,3000205000056,42,0.0,0.0,0.0,16054,47.45114,16.933247,16.414267,61442,5,1,1,-87.44032,30.85847,-82.0997,35.87051,64.290504,-0.36055934,-0.27694067,0.0040200492,9105382,3,1131,0.021495853,676
3000205000097,41000300001071,3000205000102,3000205000000,41,0.98870814,3000205000098,-1,3000205000096,3000205000022,3000205000057,37,0.0,0.0,0.0,16054,47.50516,16.912876,16.452684,61442,5,1,1,-81.73208,47.3597,-115.09972,34.883408,59.94436,-0.28612003,-0.18840224,0.115479454,9102201,3,1071,0.023771428,712
3000205000098,40000300001467,3000205000102,3000205000000,40,1.0778745,3000205000099,-1,3000205000097,3000205000114,-1,39,0.0,0.0,0.0,16054,47.547874,16.889465,16.516548,61442,5,1,1,-64.90162,56.36462,-125.50207,34.922108,60.284206,-0.368008,-0.26514572,3.8385452E-4,9102201,3,1467,0.024274144,869
3000205000099,39000300001443,3000205000102,3000205000000,39,1.173417,3000205000100,-1,3000205000098,3000205000115,-1,39,0.0,0.0,0.0,16054,47.58726,16.808899,16.602736,61446,5,1,1,-44.150154,71.112915,-118.92553,40.304165,59.07419,-0.33631662,-0.036226507,-0.05343908,9350631,3,1443,0.022768626,501
3000205000100,38000300001404,3000205000102,3000205000000,38,1.2758462,3000205000101,-1,3000205000099,3000205000116,-1,41,0.0,0.0,0.0,16054,47.584732,16.825039,16.680244,61446,5,1,1,-18.537354,79.02514,-119.35498,39.12471,62.50243,-0.34890404,-0.043013927,-0.074945614,9643630,3,1404,0.025743114,799
3000205000101,37000300005175,3000205000102,3000205000000,37,1.3857181,3000205000102,-1,3000205000100,3000205000101,-1,25,1.4631164,1.4631164,1.4631164,16054,47.58756,16.795519,16.774506,61446,5,1,1,15.652004,94.85481,-136.81218,32.880657,54.924778,0.101768345,-0.119649835,0.25894013,9102203,3,5175,0.016587235,328
3000205000102,36000300003442,3000205000102,3000205000000,36,1.5036365,-1,-1,3000205000101,3000205000102,-1,41,1.3770508,1.1188537,1.3770508,16054,47.591206,16.698208,16.741316,61446,5,1,1,16.689386,91.554344,-105.49983,32.454544,50.52157,-0.4172013,-0.014721732,0.0054609478,9350632,3,3442,0.033513334,469
3000205000103,51000300001041,3000205000140,3000205000000,51,0.36234027,3000205000104,-1,3000205000011,3000205000012,-1,41,0.0,0.0,0.0,16054,47.128952,16.773926,16.289156,61442,5,1,1,-8.596667,114.12077,-107.122444,47.35796,89.35848,-0.028980682,0.06889506,-0.010209576,9643753,3,1041,0.010945941,30
3000205000104,50000300001000,3000205000140,3000205000000,50,0.40789944,3000205000105,-1,3000205000103,3000205000013,3000205000234,77,0.0,0.0,0.0,16054,47.13749,16.727226,16.325283,61442,5,1,1,-21.809944,101.42985,-77.62897,46.004253,87.39094,0.21413063,0.06495532,-0.16512394,9643753,3,1000,0.023586681,920
3000205000105,49000300001025,3000205000140,3000205000000,49,0.45657724,3000205000106,-1,3000205000104,3000205000014,3000205000156,77,0.0,0.0,0.0,16054,47.140327,16.681614,16.364742,61442,5,1,1,-30.60721,94.490845,-86.17317,50.76243,88.10237,0.27000156,0.1965506,0.053497765,9643753,3,1025,0.019857258,356
3000205000106,48000300001055,3000205000140,3000205000000,48,0.5085914,3000205000107,-1,3000205000105,3000205000015,3000205000157,65,0.0,0.0,0.0,16054,47.153725,16.660711,16.39535,61442,5,1,1,-41.786903,57.85106,-91.451546,49.1973,90.19606,0.19610257,0.111120224,0.17108616,9643579,3,1055,0.017910866,431
3000205000107,47000300001077,3000205000140,3000205000000,47,0.5641766,3000205000108,-1,3000205000106,3000205000016,3000205000158,77,0.0,0.0,0.0,16054,47.17793,16.658087,16.428877,61442,5,1,1,-59.531563,30.600128,-101.01738,56.83938,96.59328,0.06691557,0.12419507,0.19707316,9643334,3,1077,0.017165815,847
3000205000108,46000300001036,3000205000140,3000205000000,46,0.6235901,3000205000109,-1,3000205000107,3000205000017,3000205000159,87,0.0,0.0,0.0,16054,47.21382,16.670912,16.46566,61442,5,1,1,-71.29815,-16.039686,-104.390526,56.03995,86.84108,0.10299839,0.06929888,0.09119367,9643657,3,1036,0.022920495,514
3000205000109,45000300000995,3000205000140,3000205000000,45,0.6871088,3000205000110,-1,3000205000108,3000205000018,3000205000160,85,0.0,0.0,0.0,16054,47.243317,16.673964,16.518227,61442,5,1,1,-82.410995,-77.356476,-96.4826,53.86799,98.19743,-0.088262446,0.2817653,0.038780786,9643293,3,995,0.018266128,678
3000205000110,44000300001072,3000205000140,3000205000000,44,0.75503564,3000205000111,-1,3000205000109,3000205000019,3000205000054,37,0.0,0.0,0.0,16054,47.275867,16.706343,16.55204,61442,5,1,1,-75.702194,-87.97005,-71.07685,48.952637,92.05451,-0.062069084,0.06748547,0.058753323,9643340,3,1072,0.008419283,70
3000205000111,43000300001078,3000205000140,3000205000000,43,0.8276991,3000205000112,-1,3000205000110,3000205000020,3000205000095,71,0.0,0.0,0.0,16054,47.30829,16.74965,16.568737,61442,5,1,1,-62.25081,-71.06014,14.280108,61.59579,101.85715,-0.1427203,0.032773156,-0.050194263,9643340,3,1078,0.014427319,691
3000205000112,42000300001130,3000205000140,3000205000000,42,0.9054624,3000205000113,-1,3000205000111,3000205000021,3000205000096,89,0.0,0.0,0.0,16054,47.324787,16.774483,16.586828,61442,5,1,1,-33.870102,-51.67129,13.001415,63.680725,106.25014,-0.22547288,-0.005765212,-0.12823859,9643340,3,1130,0.017245987,592
3000205000113,41000300001070,3000205000140,3000205000000,41,0.98870814,3000205000114,-1,3000205000112,3000205000022,3000205000097,139,0.0,0.0,0.0,16054,47.342613,16.797838,16.584103,61442,5,1,1,-31.001461,-37.060375,5.190102,56.033062,96.870155,-0.37353525,0.1477067,-0.1353628,9643774,3,1070,0.028553138,952
3000205000114,40000300001466,3000205000140,3000205000000,40,1.0778745,3000205000115,-1,3000205000113,3000205000114,3000205000098,176,11.5328,10.155749,11.446734,16054,47.34604,16.813236,16.583063,61442,5,1,1,-33.23063,-24.934341,0.33753058,56.156395,106.42281,-0.073991805,0.28541934,0.5148525,9643774,3,1466,0.041866887,907
3000205000115,39000300001442,3000205000139,3000205000000,39,1.173417,3000205000116,3000205000140,3000205000114,3000205000115,3000205000099,175,11.446734,9.295093,11.446734,16054,47.354134,16.842546,16.590332,61442,5,1,1,-32.46351,-16.471022,-2.1914275,57.588997,106.45965,-0.31552726,0.12511128,0.13712274,9643296,3,1442,0.03920039,469
3000205000116,38000300001403,3000205000139,3000205000000,38,1.2758462,3000205000117,-1,3000205000115,3000205000116,3000205000100,151,11.274603,9.553289,11.274603,16054,47.372375,16.855,16.581003,61442,5,1,1,-42.83843,-22.850758,-1.9494966,52.223564,94.54989,-0.5235232,0.3114458,0.04975788,9643771,3,1403,0.032556776,762
3000205000117,37000300001709,3000205000135,3000205000000,37,1.3857181,3000205000118,3000205000136,3000205000116,3000205000117,-1,117,11.188538,10.327881,11.188538,16054,47.383892,16.860779,16.594408,61442,5,1,1,-48.676395,-11.943419,2.8775527,50.438534,92.24989,-0.03510304,0.011044667,0.08041944,9643770,3,1709,0.027947096,360
3000205000118,36000300001833,3000205000135,3000205000000,36,1.5036365,3000205000119,-1,3000205000117,3000205000118,-1,110,10.155749,9.122961,10.413946,16054,47.411766,16.861546,16.600386,61442,5,1,1,-54.244205,-4.368993,-0.830575,54.391834,100.44248,-0.0711478,0.03622011,0.06190995,9643338,3,1833,0.024437401,486
3000205000119,35000300001721,3000205000135,3000205000000,35,1.6302707,3000205000120,-1,3000205000118,3000205000119,3000205000138,107,9.467224,8.606567,9.467224,16054,47.44532,16.85698,16.596807,61442,5,1,1,-55.286327,0.95816123,-8.18326,57.030563,99.28804,-0.15376058,-0.0059186593,-0.124419056,9643579,3,1721,0.022008706,387
3000205000120,34000300001643,3000205000135,3000205000000,34,1.766336,3000205000121,-1,3000205000119,3000205000120,-1,139,9.639355,8.778699,9.811486,16054,47.486115,16.864712,16.595413,61442,5,1,1,-44.901936,2.8128457,-30.06632,57.80115,97.04364,-0.711024,0.23317735,-0.2694793,9643580,3,1643,0.029035596,299
3000205000121,33000300001802,3000205000135,3000205000000,33,1.9126327,3000205000122,-1,3000205000120,3000205000121,-1,113,9.209027,8.9508295,9.381158,16054,47.520863,16.849545,16.60412,61446,5,1,1,-49.520744,-2.6300669,-24.824326,59.367306,103.644875,-0.14134423,-0.026823483,-0.04230053,9643295,3,1802,0.025725707,589
3000205000122,32000300001419,3000205000135,3000205000000,32,2.0700274,3000205000123,-1,3000205000121,3000205000122,-1,148,9.209027,8.434436,9.209027,16054,47.54478,16.840763,16.61577,61446,5,1,1,-30.465675,5.311832,-47.901566,62.572834,100.54904,-0.55321723,0.089984596,-0.37117815,9643297,3,1419,0.029500797,60
3000205000123,31000300001333,3000205000135,3000205000000,31,2.2394855,3000205000124,-1,3000205000122,3000205000123,-1,128,7.4877133,7.2295165,8.004107,16054,47.598312,16.851004,16.634022,61446,5,1,1,-22.401936,4.5711846,-50.069843,62.491997,96.57687,-0.4574318,0.39545476,-0.1738989,9643338,3,1333,0.027354663,621
3000205000124,30000300001488,3000205000135,3000205000000,30,2.422044,3000205000125,-1,3000205000123,3000205000124,-1,117,7.4016476,6.885254,7.7459106,16054,47.617416,16.858852,16.652811,61446,5,1,1,-22.311354,8.292318,-59.24377,66.965454,101.77721,-0.53502625,0.26468715,-0.32934517,9643334,3,1488,0.026016187,436
3000205000125,29000300001412,3000205000132,3000205000000,29,2.6188614,3000205000126,3000205000133,3000205000124,3000205000125,3000205000133,86,6.024597,5.7664,6.1106625,16054,47.628635,16.881878,16.709452,61446,5,1,1,-31.247229,-6.646598,-58.991714,59.63074,100.163864,0.024239827,-0.04473317,0.06291282,9643338,3,1412,0.017014924,896
3000205000126,28000300001859,3000205000132,3000205000000,28,2.8311827,3000205000127,-1,3000205000125,3000205000126,-1,75,5.2500057,5.0778747,5.3360715,16054,47.635643,16.886345,16.741137,61446,5,1,1,-28.963583,-4.882079,-70.18203,53.70872,95.368126,0.021967897,-0.32018474,0.09210312,9643334,3,1859,0.016954467,783
3000205000127,27000300001918,3000205000132,3000205000000,27,3.060419,3000205000128,-1,3000205000126,3000205000127,-1,67,4.217218,4.217218,4.3893495,16054,47.658833,16.890903,16.773123,61446,5,1,1,-20.889977,-15.283335,-62.945053,52.95665,97.263565,0.110716656,-0.21525216,0.105723865,9643334,3,1918,0.015248669,954
3000205000128,26000300002080,3000205000132,3000205000000,26,3.3080978,3000205000129,-1,3000205000127,3000205000128,-1,56,3.7008238,3.5286925,3.7868896,16054,47.66078,16.88383,16.8157,61446,5,1,1,-13.533311,-8.487192,-73.320625,54.051834,88.26355,0.034831747,-0.18870719,-0.009872492,9643338,3,2080,0.013898343,823
3000205000129,25000300001829,3000205000132,3000205000000,25,3.575905,3000205000130,-1,3000205000128,3000205000129,-1,58,3.9590209,3.9590209,3.9590209,16054,47.68743,16.898006,16.847733,61446,5,1,1,-18.92239,-2.6844168,-65.29157,54.87226,103.324905,-0.04106204,-0.096017204,-0.093495525,9643331,3,1829,0.011903602,932
3000205000130,24000300001666,3000205000132,3000205000000,24,3.8656828,3000205000131,-1,3000205000129,3000205000130,-1,57,3.8729553,3.8729553,3.9590209,16054,47.712082,16.879595,16.873922,61446,5,1,1,-16.057463,-4.323538,-64.957695,52.67322,100.01519,-0.028269606,-0.1849829,-0.06833797,9643581,3,1666,0.012215231,595
3000205000131,23000300001848,3000205000132,3000205000000,23,4.1794686,3000205000132,-1,3000205000130,3000205000131,-1,43,3.098364,3.098364,3.2704954,16054,47.732864,16.91592,16.92098,61446,5,1,1,-12.173765,-3.394924,-73.52915,58.05424,92.91464,-0.011457555,-0.09864485,-0.012317546,9643580,3,1848,0.010278554,432
3000205000132,22000300002077,3000205000132,3000205000000,22,4.5195556,-1,-1,3000205000131,3000205000132,-1,34,2.065576,2.065576,2.4098387,16054,47.737385,16.86885,16.957338,61446,5,1,1,-17.697073,-9.34362,-53.883644,58.855347,94.883644,-0.015906097,0.020678183,0.071633264,9643582,3,2077,0.0084087895,534
3000205000133,29000300001413,3000205000135,3000205000000,29,2.6188614,3000205000134,-1,3000205000124,3000205000125,-1,21,0.0,0.0,0.0,16054,47.478302,16.786528,16.821968,61446,5,1,1,50.60293,97.44523,-28.315731,43.038673,71.83646,0.09449547,-0.026009653,0.04883551,9643536,3,1413,0.012558123,26
3000205000134,28000300004368,3000205000135,3000205000000,28,2.8311827,3000205000135,-1,3000205000133,3000205000134,-1,27,1.4631164,1.4631164,1.549182,16054,47.459,16.733381,16.830236,61446,5,1,1,46.927475,87.97941,-17.207758,36.937626,69.30243,-0.019090703,0.0037176092,0.030421462,9643567,3,4368,0.015217695,265
3000205000135,26000300004008,3000205000135,3000205000000,26,3.3080978,-1,-1,3000205000134,3000205000135,-1,27,0.516394,0.516394,0.774591,16054,47.40862,16.644365,16.842514,61446,5,1,1,38.602978,78.473724,-9.04757,32.251743,61.44321,-0.048830185,0.0034679421,-0.0032108699,9643603,3,4008,0.016610395,438
3000205000136,37000300005665,3000205000139,3000205000000,37,1.3857181,3000205000137,-1,3000205000116,3000205000136,-1,22,1.2049193,1.1188537,1.2049193,16054,47.50294,17.017683,16.491823,61442,5,1,1,-50.564846,-43.859425,-49.196102,24.30156,49.970947,0.041857682,0.12804347,0.115078084,9643546,3,5665,0.019040428,427
3000205000137,36000300005616,3000205000139,3000205000000,36,1.5036365,3000205000138,-1,3000205000136,3000205000137,-1,22,1.7213135,1.6352477,1.7213135,16054,47.534954,17.050014,16.53073,61442,5,1,1,-36.944572,-28.554281,-62.9181,28.367693,53.383778,0.047116507,0.1256801,0.13815674,9643537,3,5616,0.017262718,979
3000205000138,35000300001722,3000205000139,3000205000000,35,1.6302707,3000205000139,-1,3000205000137,3000205000119,-1,20,0.0,0.0,0.0,16054,47.57266,17.050955,16.571613,61442,5,1,1,-18.074596,-10.070945,-73.08252,29.507168,59.24551,0.08746417,0.13963453,0.17177708,9643567,3,1722,0.013770201,252
3000205000139,33000300005526,3000205000139,3000205000000,33,1.9126327,-1,-1,3000205000138,3000205000139,-1,21,2.065576,2.065576,2.065576,16054,47.581066,17.027845,16.662449,61446,5,1,1,12.884975,39.385986,-97.08331,36.0715,68.195724,0.030936081,0.08555253,0.17646648,9643567,3,5526,0.0100250505,942
3000205000140,39000300006548,3000205000140,3000205000000,39,1.173417,-1,-1,3000205000114,3000205000140,-1,21,0.6885254,0.6885254,0.6885254,16054,47.647377,16.85379,16.440212,61442,5,1,1,-51.2548,54.792164,-21.984386,23.200521,38.959023,-0.16022046,-0.21036531,0.02772896,9643617,3,6548,0.02874032,781
3000205000141,56000300001096,3000205000145,3000205000000,56,0.17489761,3000205000142,-1,3000205000006,3000205000007,-1,20,0.0,0.0,0.0,16054,47.352512,16.912455,15.909068,61442,5,1,1,-59.319042,-48.49105,-72.04008,20.497488,42.7434,-0.035664722,0.019975942,0.3239093,8757648,3,1096,0.030656878,68
3000205000142,55000300001040,3000205000145,3000205000000,55,0.20754863,3000205000143,-1,3000205000141,3000205000008,3000205000258,28,0.0,0.0,0.0,16054,47.37969,16.930601,15.932738,61442,5,1,1,-44.241856,-21.36699,-96.92254,27.452082,45.134983,-0.09349567,0.18007933,0.2330766,8757630,3,1040,0.03314387,67
3000205000143,54000300001056,3000205000145,3000205000000,54,0.24246909,3000205000144,-1,3000205000142,3000205000009,3000205000151,30,0.0,0.0,0.0,16054,47.39233,16.93375,15.960241,61442,5,1,1,-27.644548,-3.551748,-128.30923,30.055035,50.58752,-0.051914692,-0.046775527,0.1741787,8757630,3,1056,0.023789195,944
3000205000144,53000300001043,3000205000145,3000205000000,53,0.2798018,3000205000145,-1,3000205000143,3000205000010,-1,27,0.0,0.0,0.0,16054,47.40074,16.928001,15.999521,61442,5,1,1,-3.723904,14.470085,-154.50005,33.91618,60.754185,0.061627626,-0.14019334,0.09558058,8757630,3,1043,0.023193423,302
3000205000145,52000300001033,3000205000145,3000205000000,52,0.31970343,-1,-1,3000205000144,3000205000011,3000205000153,32,0.0,0.0,0.0,16054,47.3984,16.912292,16.060534,61442,5,1,1,31.129871,48.301838,-180.84271,38.918747,56.339832,-0.10395856,-0.07621369,0.07161644,8757648,3,1033,0.020152869,601
3000205000146,59000300001241,3000205000189,3000205000000,59,0.08928783,3000205000147,-1,3000205000003,3000205000004,-1,23,0.0,0.0,0.0,16054,47.05389,16.660679,16.079735,61442,5,1,1,-140.84889,-157.71455,-23.728489,35.31237,69.3978,0.015013606,-0.16538623,-0.090920806,9643657,3,1241,0.01080939,248
3000205000147,58000300001152,3000205000189,3000205000000,58,0.11588337,3000205000148,-1,3000205000146,3000205000005,3000205000255,44,0.0,0.0,0.0,16054,47.080185,16.705856,16.08483,61442,5,1,1,-162.49998,-132.20222,-50.01585,55.294033,78.375656,0.019256013,-0.53281623,-0.056827124,9643287,3,1152,0.017374778,763
3000205000148,57000300001082,3000205000189,3000205000000,57,0.14438343,3000205000149,-1,3000205000147,3000205000006,3000205000256,56,0.0,0.0,0.0,16054,47.101135,16.747509,16.09157,61442,5,1,1,-140.48499,-114.324356,-45.198742,54.27518,71.63687,0.005541684,-0.74110186,-0.09817339,9643335,3,1082,0.025088938,855
3000205000149,56000300001093,3000205000186,3000205000000,56,0.17489761,3000205000150,3000205000187,3000205000148,3000205000007,3000205000257,35,0.0,0.0,0.0,16054,47.179832,16.772558,16.115547,61442,5,1,1,-180.4711,-84.66171,-29.651058,38.183895,63.486927,0.21362339,-0.1491176,-0.26789048,9102165,3,1093,0.019697085,857
3000205000150,55000300001042,3000205000186,3000205000000,55,0.20754863,3000205000151,-1,3000205000149,3000205000008,-1,27,0.0,0.0,0.0,16054,47.234764,16.78675,16.125126,61442,5,1,1,-144.96323,-81.35634,-16.47788,33.794987,59.30324,0.17951818,-0.16845354,-0.21030991,9102081,3,1042,0.018026164,751
3000205000151,54000300001057,3000205000186,3000205000000,54,0.24246909,3000205000152,-1,3000205000150,3000205000009,3000205000259,28,0.0,0.0,0.0,16054,47.27905,16.795984,16.127502,61442,5,1,1,-113.45774,-61.287354,-11.628665,30.709427,52.941643,0.048914626,-0.24056695,-0.042798527,9102104,3,1057,0.025061034,941
3000205000152,53000300001041,3000205000186,3000205000000,53,0.2798018,3000205000153,-1,3000205000151,3000205000010,3000205000231,45,0.0,0.0,0.0,16054,47.30984,16.816673,16.130665,61442,5,1,1,-77.4534,-46.851894,-17.555422,33.57554,57.504635,0.18884546,-0.31448293,-0.035111483,9102165,3,1041,0.027139083,602
3000205000153,52000300001034,3000205000186,3000205000000,52,0.31970343,3000205000154,-1,3000205000152,3000205000011,-1,30,0.0,0.0,0.0,16054,47.32157,16.830914,16.151133,61442,5,1,1,-47.962975,-27.194902,-33.02662,34.479244,61.80555,0.19308835,-0.30404198,-0.06860954,9102165,3,1034,0.015503686,911
3000205000154,51000300001039,3000205000186,3000205000000,51,0.36234027,3000205000155,-1,3000205000153,3000205000012,3000205000233,65,0.0,0.0,0.0,16054,47.341465,16.84714,16.165867,61442,5,1,1,-9.769737,-24.029045,-39.623306,38.796875,61.19783,0.088732034,-0.35698676,-0.2870862,9102066,3,1039,0.033908814,399
3000205000155,50000300001003,3000205000186,3000205000000,50,0.40789944,3000205000156,-1,3000205000154,3000205000013,-1,43,0.0,0.0,0.0,16054,47.34174,16.862894,16.193367,61442,5,1,1,24.8036,-24.062292,-69.70845,36.978523,59.101578,0.057763167,-0.2679443,0.015482976,9102080,3,1003,0.026677625,34
3000205000156,49000300001026,3000205000186,3000205000000,49,0.45657724,3000205000157,-1,3000205000155,3000205000014,3000205000296,48,0.0,0.0,0.0,16054,47.32398,16.877314,16.206501,61442,5,1,1,91.442276,-0.7946011,-119.70472,48.332527,78.810555,0.08775656,-0.17933622,-0.05549403,9102080,3,1026,0.017302984,191
3000205000157,48000300001056,3000205000186,3000205000000,48,0.5085914,3000205000158,-1,3000205000156,3000205000015,3000205000091,28,0.0,0.0,0.0,16054,47.274548,16.871386,16.27732,61442,5,1,1,153.5743,14.163247,-191.41069,47.475418,71.0711,0.19462606,0.08781516,0.098997764,9102080,3,1056,0.012266372,584
3000205000158,47000300001078,3000205000186,3000205000000,47,0.5641766,3000205000159,-1,3000205000157,3000205000016,-1,31,0.0,0.0,0.0,16054,47.21342,16.851595,16.37925,61442,5,1,1,123.23187,47.853622,-275.85004,40.720043,66.1075,0.2574711,-0.0010903999,0.021118145,9102080,3,1078,0.015243045,952
3000205000159,46000300001037,3000205000186,3000205000000,46,0.6235901,3000205000160,-1,3000205000158,3000205000017,3000205000075,67,0.0,0.0,0.0,16054,47.17406,16.818651,16.49811,61442,5,1,1,72.36064,84.14575,-284.44485,43.287643,77.60142,0.51379144,0.0036952782,-0.19658224,9102080,3,1037,0.024934724,580
3000205000160,45000300000996,3000205000186,3000205000000,45,0.6871088,3000205000161,-1,3000205000159,3000205000018,3000205000093,84,0.0,0.0,0.0,16054,47.15481,16.767378,16.63707,61446,5,1,1,51.02724,97.20035,-279.34586,53.346474,85.71605,0.74322146,0.12225786,-0.07538679,9102105,3,996,0.023028344,47
3000205000161,44000300001070,3000205000186,3000205000000,44,0.75503564,3000205000162,-1,3000205000160,3000205000019,3000205000094,107,0.0,0.0,0.0,16054,47.13447,16.722857,16.755518,61446,5,1,1,42.8746,104.83065,-260.7394,51.461926,88.32181,0.9895543,0.37227717,6.148244E-4,9102105,3,1070,0.02699533,837
3000205000162,43000300001077,3000205000186,3000205000000,43,0.8276991,3000205000163,-1,3000205000161,3000205000020,3000205000111,109,0.0,0.0,0.0,16054,47.102837,16.658356,16.86679,61446,5,1,1,36.353367,108.54519,-241.80945,46.320244,81.25553,1.0319552,0.45746025,0.14416924,9102066,3,1077,0.03586385,982
3000205000163,42000300001956,3000205000186,3000205000000,42,0.9054624,3000205000164,-1,3000205000162,3000205000163,-1,153,8.090173,6.799188,8.090173,16054,47.086475,16.59891,16.99135,61444,5,1,1,42.709984,101.93243,-227.68591,44.598297,78.12988,0.9574738,0.8510396,0.43807134,9102066,3,1956,0.04835449,173
3000205000164,41000300002467,3000205000178,3000205000000,41,0.98870814,3000205000165,3000205000179,3000205000163,3000205000164,-1,94,7.9180417,6.282794,7.659845,16054,47.067448,16.534214,17.110838,61444,5,1,1,31.22053,127.39606,-222.0016,43.64148,76.891464,0.35168368,0.30782282,-0.3559686,9350733,3,2467,0.035185654,692
3000205000165,40000300002555,3000205000178,3000205000000,40,1.0778745,3000205000166,-1,3000205000164,3000205000165,-1,85,7.2295165,6.1106625,7.2295165,16054,47.059776,16.456816,17.239563,61444,5,1,1,32.256325,130.39836,-209.60999,42.648262,76.68451,0.5511878,0.1743878,-0.3470795,9102101,3,2555,0.031292226,331
3000205000166,39000300002426,3000205000178,3000205000000,39,1.173417,3000205000167,-1,3000205000165,3000205000166,-1,88,6.4549255,4.4754148,6.4549255,16054,47.05668,16.385717,17.317465,61444,5,1,1,31.824306,130.65935,-199.49648,43.20937,75.493515,0.45868012,0.28687617,-0.39618766,9102101,3,2426,0.031346455,136
3000205000167,38000300002467,3000205000178,3000205000000,38,1.2758462,3000205000168,-1,3000205000166,3000205000167,-1,79,6.1106625,5.0778747,6.1106625,16054,47.04699,16.29646,17.438,61444,5,1,1,38.91957,126.1276,-187.50392,45.41937,76.55572,0.46630675,0.21849246,-0.20481563,9102256,3,2467,0.030106496,81
3000205000168,37000300002410,3000205000178,3000205000000,37,1.3857181,3000205000169,-1,3000205000167,3000205000168,-1,84,5.0778747,4.131152,5.0778747,16054,47.031036,16.23218,17.561821,61444,5,1,1,35.38065,124.115486,-175.6822,45.937675,73.91942,0.50156707,0.1648576,-0.24870376,9102101,3,2410,0.032040782,460
3000205000169,36000300002492,3000205000178,3000205000000,36,1.5036365,3000205000170,-1,3000205000168,3000205000169,-1,83,4.991809,3.7868896,4.991809,16055,47.01573,16.184656,17.600986,61472,5,1,1,37.3052,118.389145,-167.78737,44.66554,74.47532,0.48152736,0.029082697,-0.28886524,9102101,3,2492,0.0308418,858
3000205000170,35000300002570,3000205000178,3000205000000,35,1.6302707,3000205000171,-1,3000205000169,3000205000170,-1,76,4.3032837,4.217218,4.3893495,16055,46.988583,16.134533,17.704836,61472,5,1,1,35.387524,111.77299,-153.97983,43.59423,75.17981,0.49894324,-0.059321757,-0.3771513,9102101,3,2570,0.027295493,968
3000205000171,34000300002698,3000205000178,3000205000000,34,1.766336,3000205000172,-1,3000205000170,3000205000171,-1,66,3.6147583,3.3565612,3.7008238,16055,46.94426,16.073751,17.777382,61472,5,1,1,35.812664,114.54136,-150.41655,45.12265,71.70284,0.59745646,0.027730811,-0.43122426,9102110,3,2698,0.02458467,877
3000205000172,33000300002975,3000205000178,3000205000000,33,1.9126327,3000205000173,-1,3000205000171,3000205000172,-1,54,3.0122986,2.5819702,3.2704954,16055,46.880978,16.02819,17.873108,61472,5,1,2,33.690125,108.939644,-133.74202,46.24653,68.43988,0.55954367,0.14996679,-0.5350209,9102066,3,2975,0.022323746,336
3000205000173,32000300003084,3000205000178,3000205000000,32,2.0700274,3000205000174,-1,3000205000172,3000205000173,-1,53,2.840167,2.840167,2.840167,14538,46.873325,15.965758,17.93047,57961,5,1,2,33.156765,94.25952,-112.56243,41.539692,70.705956,0.02077824,0.3403735,-0.105001025,9102066,3,3084,0.0201046,291
3000205000174,31000300003929,3000205000178,3000205000000,31,2.2394855,3000205000175,-1,3000205000173,3000205000174,-1,37,1.8073791,1.8073791,1.8073791,14538,46.82479,15.917435,18.023024,57961,5,1,2,38.340874,94.94483,-106.60399,39.829582,64.005615,0.116460726,0.45978457,-0.100906536,9102095,3,3929,0.018578574,792
3000205000175,30000300004166,3000205000178,3000205000000,30,2.422044,3000205000176,-1,3000205000174,3000205000175,-1,31,1.4631164,1.4631164,1.549182,14538,46.77994,15.85997,18.09547,57961,5,1,2,28.105309,88.94123,-106.56134,34.904682,62.796894,0.020568972,0.41631618,-0.15189844,9102095,3,4166,0.015822928,451
3000205000176,29000300005168,3000205000178,3000205000000,29,2.6188614,3000205000177,-1,3000205000175,3000205000176,-1,24,1.7213135,1.7213135,1.7213135,14538,46.76214,15.81244,18.140266,57961,5,1,2,48.768757,90.86236,-89.84918,35.889187,65.49043,-0.021606946,0.08476964,-0.04628005,9102095,3,5168,0.012856526,957
3000205000177,28000300004799,3000205000178,3000205000000,28,2.8311827,3000205000178,-1,3000205000176,3000205000177,-1,24,0.60245967,0.60245967,0.774591,14538,46.753193,15.786557,18.188463,57961,5,1,2,40.50945,92.37816,-86.33109,34.525436,59.046753,0.00841675,0.11754471,-0.15661305,9102094,3,4799,0.017484166,954
3000205000178,27000300005335,3000205000178,3000205000000,27,3.060419,-1,-1,3000205000177,3000205000178,-1,20,0.0,0.0,0.0,14538,46.637512,15.742867,18.247112,57961,5,1,2,47.591694,81.195755,-92.149124,33.4638,49.523304,-0.010027028,0.077374585,-0.066558495,9102099,3,5335,0.020533983,856
3000205000179,41000300005916,3000205000179,3000205000000,41,0.98870814,-1,3000205000180,3000205000163,3000205000179,-1,21,1.1188537,1.032788,1.1188537,14537,46.818417,16.68597,17.075283,57935,5,1,1,75.46887,53.51481,-204.64311,24.697012,44.13173,-0.019074058,-0.030262193,-0.21497779,8732086,3,5916,0.020905506,94
3000205000180,41000300004795,3000205000186,3000205000000,41,0.98870814,3000205000181,-1,3000205000163,3000205000180,-1,29,1.3770508,1.032788,1.1188537,16054,47.03648,16.65219,17.200857,61446,5,1,1,58.316166,51.986412,-206.08307,25.548418,46.62828,-0.17140786,0.35366327,0.108168386,9102084,3,4795,0.030512886,634
3000205000181,40000300005766,3000205000186,3000205000000,40,1.0778745,3000205000182,-1,3000205000180,3000205000181,-1,25,1.7213135,0.86065674,1.7213135,16054,47.01178,16.614222,17.31907,61446,5,1,1,56.185284,59.02032,-190.1885,25.069294,47.65932,-0.08555189,0.13786983,0.108254656,9102402,3,5766,0.025949419,806
3000205000182,39000300005903,3000205000186,3000205000000,39,1.173417,3000205000183,-1,3000205000181,3000205000182,-1,25,1.1188537,0.9467224,1.1188537,16054,46.974495,16.567844,17.427917,61444,5,1,1,60.374104,68.16857,-175.29192,27.107645,48.15315,-0.08829563,0.13462022,0.11293178,9102084,3,5903,0.026232418,109
3000205000183,38000300006561,3000205000186,3000205000000,38,1.2758462,3000205000184,-1,3000205000182,3000205000183,-1,21,1.032788,1.032788,1.032788,16054,46.904446,16.574636,17.470863,61444,5,1,1,62.321236,71.15605,-151.44472,30.84992,46.89225,0.111665174,0.07526177,0.20187452,9102412,3,6561,0.019379081,344
3000205000184,36000300005186,3000205000186,3000205000000,36,1.5036365,3000205000185,-1,3000205000183,3000205000184,-1,26,1.4631164,1.2909851,1.549182,14538,46.837013,16.462038,17.669996,57961,5,1,1,70.16767,85.505806,-118.97688,28.740482,53.891018,0.090865366,0.31367746,0.10830945,9102403,3,5186,0.019039597,850
3000205000185,35000300004911,3000205000186,3000205000000,35,1.6302707,3000205000186,-1,3000205000184,3000205000185,-1,27,0.86065674,0.86065674,0.86065674,14538,46.786102,16.44897,17.720179,57961,5,1,1,72.5169,91.14206,-102.51564,30.547882,50.68925,0.08214342,0.2846288,0.08834789,9102084,3,4911,0.023969991,348
3000205000186,34000300006341,3000205000186,3000205000000,34,1.766336,-1,-1,3000205000185,3000205000186,-1,21,1.2049193,1.032788,1.2049193,14538,46.78444,16.354729,17.784077,57961,5,1,1,77.69933,93.77853,-99.964874,27.357815,49.64006,0.089472905,0.07438252,0.16911419,9102109,3,6341,0.018531071,865
3000205000187,56000300001095,3000205000189,3000205000000,56,0.17489761,3000205000188,-1,3000205000148,3000205000007,3000205000141,22,0.0,0.0,0.0,16054,47.112663,16.785807,16.106714,61442,5,1,1,-52.62866,-116.22043,-63.352856,29.145355,65.0395,-0.005207257,-0.17010179,-0.10069718,9643657,3,1095,0.010501315,36
3000205000188,55000300001039,3000205000189,3000205000000,55,0.20754863,3000205000189,-1,3000205000187,3000205000008,3000205000142,38,0.0,0.0,0.0,16054,47.13012,16.811972,16.127796,61442,5,1,1,-41.11785,-86.44209,-87.59861,37.42333,76.91796,0.13838355,0.029945161,-0.25764632,9643657,3,1039,0.017352978,252
3000205000189,54000300001059,3000205000189,3000205000000,54,0.24246909,-1,-1,3000205000188,3000205000009,-1,22,0.0,0.0,0.0,16054,47.14382,16.832619,16.156286,61442,5,1,1,-21.145376,-50.791824,-88.73431,35.879475,73.19057,0.10516499,8.1011756E-5,-0.03504414,9643657,3,1059,0.008691051,327
3000205000190,62000300001156,3000205000249,3000205000000,62,0.019932542,3000205000191,-1,3000205000000,3000205000001,3000205000281,181,0.0,0.0,0.0,16054,47.09129,16.90079,15.777343,61442,5,1,1,-132.12897,36.020836,-50.172318,55.9591,106.18049,0.27449656,0.44757143,-0.4398361,9352190,3,1156,0.033973277,976
3000205000191,61000300001181,3000205000249,3000205000000,61,0.041403063,3000205000192,-1,3000205000190,3000205000002,3000205000252,174,0.0,0.0,0.0,16054,47.1191,16.893545,15.79178,61442,5,1,1,-124.75868,49.145283,-58.75281,58.352192,109.90601,0.29036832,0.4393881,-0.3862879,9352184,3,1181,0.031183355,98
3000205000192,60000300001169,3000205000249,3000205000000,60,0.064493395,3000205000193,-1,3000205000191,3000205000003,3000205000286,177,0.0,0.0,0.0,16054,47.147842,16.8815,15.810927,61442,5,1,1,-117.16415,63.344784,-70.08555,58.17288,105.964096,0.32693636,0.52228147,-0.37030262,9352200,3,1169,0.029946689,257
3000205000193,59000300001682,3000205000249,3000205000000,59,0.08928783,3000205000194,-1,3000205000192,3000205000193,-1,194,24.44265,15.922149,21.172155,16054,47.170643,16.871574,15.841588,61442,5,1,1,-109.84212,78.27434,-84.70786,55.76352,108.02331,0.37561238,0.7456253,-0.61874014,9352104,3,1682,0.032990437,756
3000205000194,58000300001151,3000205000249,3000205000000,58,0.11588337,3000205000195,-1,3000205000193,3000205000005,3000205000147,173,0.0,0.0,0.0,16054,47.197227,16.85552,15.867342,61442,5,1,1,-95.89243,98.66938,-102.16126,55.305984,103.31515,0.39595023,0.42648223,-0.43607205,9352084,3,1151,0.03293287,242
3000205000195,57000300001080,3000205000249,3000205000000,57,0.14438343,3000205000196,-1,3000205000194,3000205000006,3000205000288,164,0.0,0.0,0.0,16054,47.213898,16.829823,15.89346,61442,5,1,1,-86.733315,115.22851,-120.406586,55.155857,109.1466,0.3702943,0.4270027,-0.44245413,9352152,3,1080,0.03142263,405
3000205000196,56000300001091,3000205000249,3000205000000,56,0.17489761,3000205000197,-1,3000205000195,3000205000007,3000205000289,171,0.0,0.0,0.0,16054,47.238785,16.79601,15.935087,61442,5,1,1,-77.19937,131.32545,-143.60611,51.935696,106.08648,0.4513156,0.3508334,-0.48204342,9352152,3,1091,0.0307785,218
3000205000197,55000300001036,3000205000228,3000205000000,55,0.20754863,3000205000198,3000205000229,3000205000196,3000205000008,3000205000290,113,0.0,0.0,0.0,16054,47.25354,16.758816,15.986287,61442,5,1,1,-49.209812,141.9364,-174.25717,55.02335,103.25009,0.17488357,0.08957704,-0.25761378,9100707,3,1036,0.021517977,35
3000205000198,54000300001053,3000205000228,3000205000000,54,0.24246909,3000205000199,-1,3000205000197,3000205000009,3000205000291,110,0.0,0.0,0.0,16054,47.265694,16.707678,16.050089,61442,5,1,1,-40.41369,147.10934,-195.66205,52.388134,100.591415,0.16985297,0.034715444,-0.14754094,9352152,3,1053,0.021510566,856
3000205000199,53000300001039,3000205000228,3000205000000,53,0.2798018,3000205000200,-1,3000205000198,3000205000010,3000205000292,104,0.0,0.0,0.0,16054,47.269207,16.665352,16.11868,61442,5,1,1,-18.934141,148.96959,-224.85565,50.23598,97.67221,-0.010562585,0.058646187,-0.085114084,9352152,3,1039,0.021482531,909
3000205000200,52000300001029,3000205000228,3000205000000,52,0.31970343,3000205000201,-1,3000205000199,3000205000011,3000205000293,110,0.0,0.0,0.0,16054,47.27006,16.617582,16.195469,61442,5,1,1,3.4071214,147.96182,-242.62253,53.898823,101.75886,0.0890637,0.22673199,-0.17007351,9100707,3,1029,0.020515367,506
3000205000201,51000300001037,3000205000228,3000205000000,51,0.36234027,3000205000202,-1,3000205000200,3000205000012,3000205000294,100,0.0,0.0,0.0,16054,47.270603,16.5608,16.282656,61440,5,1,1,26.705214,147.0319,-254.26521,53.0804,99.07859,0.0877606,0.13694537,-0.17326675,9100707,3,1037,0.01994681,580
3000205000202,50000300000999,3000205000228,3000205000000,50,0.40789944,3000205000203,-1,3000205000201,3000205000013,3000205000104,99,0.0,0.0,0.0,16054,47.25495,16.50935,16.38591,61440,5,1,1,41.396557,144.43185,-258.0065,53.145023,103.085075,0.027278643,0.06278152,-0.12768815,9100707,3,999,0.017864814,983
3000205000203,49000300001728,3000205000228,3000205000000,49,0.45657724,3000205000204,-1,3000205000202,3000205000203,3000205000235,142,11.963128,9.8975525,11.188538,16054,47.24532,16.457005,16.488724,61440,5,1,1,40.482723,137.49846,-259.58475,45.738953,95.09008,0.24261416,0.6485594,-0.42563203,9352126,3,1728,0.0361879,668
3000205000204,48000300001779,3000205000228,3000205000000,48,0.5085914,3000205000205,-1,3000205000203,3000205000204,3000205000236,136,10.069683,8.692633,9.467224,16054,47.22382,16.398956,16.583422,61440,5,1,1,43.31531,131.31676,-255.90047,42.679264,91.05691,0.5799231,0.3393876,-0.27593973,9352115,3,1779,0.032486808,40
3000205000205,47000300002323,3000205000228,3000205000000,47,0.5641766,3000205000206,-1,3000205000204,3000205000205,-1,110,9.553289,8.692633,9.209027,16054,47.187458,16.343271,16.699087,61444,5,1,1,46.46971,133.74106,-248.53983,49.707504,98.17409,0.058028612,-0.015864288,0.16115415,9352162,3,2323,0.02319949,184
3000205000206,46000300002474,3000205000228,3000205000000,46,0.6235901,3000205000207,-1,3000205000205,3000205000206,-1,101,9.209027,8.348371,8.778699,16054,47.17283,16.292267,16.811226,61444,5,1,1,40.672695,131.10378,-243.51242,54.46333,106.80285,-0.07595573,-0.0056300214,0.137991,9352085,3,2474,0.016890272,845
3000205000207,45000300002460,3000205000228,3000205000000,45,0.6871088,3000205000208,-1,3000205000206,3000205000207,-1,102,8.9508295,8.520501,8.864764,16054,47.156235,16.223185,16.926575,61444,5,1,1,36.863335,130.8635,-241.24217,48.49741,97.61293,-0.06373664,-0.04511065,0.056474388,9352162,3,2460,0.020503113,852
3000205000208,44000300002479,3000205000228,3000205000000,44,0.75503564,3000205000209,-1,3000205000207,3000205000208,-1,99,9.036896,8.520501,8.864764,16054,47.133392,16.16729,17.033278,61444,5,1,1,32.847824,128.38228,-235.6793,50.895847,95.37843,-0.05463739,-0.03807913,0.04690725,9100733,3,2479,0.02096393,2
3000205000209,43000300002404,3000205000228,3000205000000,43,0.8276991,3000205000210,-1,3000205000208,3000205000209,-1,102,8.864764,8.434436,8.606567,16054,47.128307,16.083345,17.152855,61444,5,1,1,31.889673,126.76544,-227.93275,51.28446,97.15293,0.012549839,-0.12279976,0.085754775,9352086,3,2404,0.02134567,31
3000205000210,42000300002566,3000205000228,3000205000000,42,0.9054624,3000205000211,-1,3000205000209,3000205000210,-1,88,8.262304,7.7459106,8.176239,16054,47.10078,16.043028,17.258753,61444,5,1,1,29.765541,129.3809,-227.25261,55.83264,101.744286,-0.009967668,-0.049712628,-0.009308451,9352085,3,2566,0.017171727,280
3000205000211,41000300002533,3000205000228,3000205000000,41,0.98870814,3000205000212,-1,3000205000210,3000205000211,-1,89,7.9180417,7.2295165,7.831976,16054,47.08575,15.966203,17.378109,61444,5,1,1,27.531927,126.536964,-223.51988,49.72558,96.027145,-0.001972413,-0.08539682,-0.029525947,9352086,3,2533,0.018913588,889
3000205000212,40000300002485,3000205000228,3000205000000,40,1.0778745,3000205000213,-1,3000205000211,3000205000212,-1,88,7.573779,7.4016476,7.573779,16054,47.06643,15.91415,17.491314,61444,5,1,1,24.992702,121.435135,-221.59732,49.52111,89.17129,0.017249491,-0.19206265,-0.0053645507,9100733,3,2485,0.02217511,608
3000205000213,39000300002263,3000205000228,3000205000000,39,1.173417,3000205000214,-1,3000205000212,3000205000213,-1,94,7.4016476,6.540991,7.4016476,16055,47.078117,15.8209,17.626657,61472,5,1,1,23.43597,117.259094,-216.74504,48.82837,94.160126,0.13102776,-0.22062658,-0.0446478,9352084,3,2263,0.021101395,73
3000205000214,38000300002348,3000205000228,3000205000000,38,1.2758462,3000205000215,-1,3000205000213,3000205000214,-1,94,7.2295165,6.799188,7.2295165,16055,47.069534,15.765275,17.747797,61472,5,1,1,16.935778,111.57696,-209.19524,48.608265,94.6581,0.031716786,-0.2453083,0.022164747,9352177,3,2348,0.021688594,478
3000205000215,37000300002179,3000205000228,3000205000000,37,1.3857181,3000205000216,-1,3000205000214,3000205000215,-1,92,6.885254,6.885254,6.885254,16055,47.052666,15.716956,17.863373,61472,5,1,2,8.7815485,107.166275,-201.60493,53.833324,100.60681,0.1000674,0.0385658,0.020100543,9352048,3,2179,0.018544745,23
3000205000216,36000300002067,3000205000228,3000205000000,36,1.5036365,3000205000217,-1,3000205000215,3000205000216,-1,100,7.2295165,6.7131224,7.4877133,16055,47.038837,15.665985,17.977625,61472,5,1,2,9.014258,100.795586,-198.15022,52.37061,98.81971,-0.034375098,0.0070879855,0.17206909,9352084,3,2067,0.020211818,23
3000205000217,35000300002324,3000205000228,3000205000000,35,1.6302707,3000205000218,-1,3000205000216,3000205000217,-1,90,7.3155823,6.7131224,7.4877133,15566,47.03468,15.620178,18.080582,54450,5,1,2,11.458466,92.73403,-188.83467,52.423805,98.48889,-0.10686216,-0.05229201,0.017118089,9352084,3,2324,0.019183232,467
3000205000218,34000300002257,3000205000228,3000205000000,34,1.766336,3000205000219,-1,3000205000217,3000205000218,-1,91,6.540991,6.1106625,6.540991,15566,47.022343,15.579709,18.164997,54450,5,1,2,9.110057,94.283134,-185.32434,50.591015,88.2402,0.0071858633,0.015415965,-0.0072337836,9352126,3,2257,0.022385985,141
3000205000219,33000300002155,3000205000228,3000205000000,33,1.9126327,3000205000220,-1,3000205000218,3000205000219,-1,92,7.2295165,6.7131224,7.3155823,15566,47.03873,15.469934,18.296247,54450,5,1,2,7.0380588,87.746346,-177.78137,54.929283,89.379875,-0.028506288,-0.001687044,-0.054183226,9352086,3,2155,0.023036106,451
3000205000220,32000300002151,3000205000228,3000205000000,32,2.0700274,3000205000221,-1,3000205000219,3000205000220,-1,87,6.971319,6.799188,7.659845,15566,47.0195,15.434293,18.383478,54450,5,1,2,6.404915,84.18641,-167.06808,63.038376,109.2763,-0.07452363,0.003322581,-0.028668419,9100630,3,2151,0.016836673,816
3000205000221,31000300002182,3000205000228,3000205000000,31,2.2394855,3000205000222,-1,3000205000220,3000205000221,-1,79,7.1434507,7.1434507,7.1434507,15566,47.02867,15.395818,18.472963,54450,5,1,2,4.1926026,78.21466,-161.64218,66.29901,109.331665,-0.061994623,-0.06610985,0.046845313,9100733,3,2182,0.013165096,412
3000205000222,30000300002212,3000205000228,3000205000000,30,2.422044,3000205000223,-1,3000205000221,3000205000222,-1,72,5.9385314,5.680334,6.024597,15566,47.00101,15.375866,18.571974,54454,5,1,2,2.8735654,77.56285,-156.93039,59.08835,95.74695,-0.058732353,-0.06932997,-0.017849253,9352115,3,2212,0.017676635,585
3000205000223,29000300001994,3000205000228,3000205000000,29,2.6188614,3000205000224,-1,3000205000222,3000205000223,-1,79,3.442627,2.9262328,3.5286925,15566,47.007736,15.319347,18.650547,54454,5,1,2,3.9294052,72.78729,-151.04079,49.21186,86.068924,-0.024396257,-0.09848225,0.052096814,9352115,3,1994,0.024289493,244
3000205000224,28000300001983,3000205000228,3000205000000,28,2.8311827,3000205000225,-1,3000205000223,3000205000224,-1,72,1.6352477,1.6352477,1.8934448,15566,47.003075,15.2780695,18.744965,54454,5,1,2,-1.2550422,75.52771,-142.2641,45.236603,77.11372,0.032386795,-0.01576149,0.09429587,9352183,3,1983,0.027949404,64
3000205000225,27000300002456,3000205000228,3000205000000,27,3.060419,3000205000226,-1,3000205000224,3000205000225,-1,50,2.4959044,2.4959044,2.4959044,15566,47.072342,15.151921,18.869007,54454,5,1,2,-15.222371,85.91341,-141.88577,44.190296,79.07981,-0.16277178,-0.030235933,0.15440074,9352085,3,2456,0.016270159,775
3000205000226,26000300003598,3000205000228,3000205000000,26,3.3080978,3000205000227,-1,3000205000225,3000205000226,-1,31,2.065576,2.065576,2.4098387,15566,47.07259,15.1111765,18.936182,54454,5,1,2,-20.711334,87.19496,-133.43268,44.71201,72.095,-0.07544278,0.008937606,0.14788945,9352190,3,3598,0.013224291,801
3000205000227,25000300002228,3000205000228,3000205000000,25,3.575905,3000205000228,-1,3000205000226,3000205000227,-1,47,1.3770508,1.3770508,1.4631164,15566,46.99832,15.156181,18.978367,54454,5,1,2,-11.225699,66.11465,-130.9472,44.73822,68.576065,-0.102929175,-0.02352251,0.05671664,9352189,3,2228,0.02571019,527
3000205000228,24000300004251,3000205000228,3000205000000,24,3.8656828,-1,-1,3000205000227,3000205000228,-1,21,0.86065674,0.86065674,1.2049193,15566,47.11575,14.974809,19.098215,54454,5,1,2,-14.790549,79.43185,-123.758995,41.614365,66.90373,-0.07748142,-0.03770463,0.017287072,9352094,3,4251,0.0117680235,973
3000205000229,55000300001038,3000205000249,3000205000000,55,0.20754863,3000205000230,-1,3000205000196,3000205000008,3000205000188,40,0.0,0.0,0.0,16054,47.29597,16.673243,15.948671,61442,5,1,1,-84.26208,173.19371,-182.50737,30.803822,54.124107,-0.3275879,0.024732586,0.21595533,9352097,3,1038,0.033639975,45
3000205000230,54000300001055,3000205000249,3000205000000,54,0.24246909,3000205000231,-1,3000205000229,3000205000009,3000205000143,32,0.0,0.0,0.0,16054,47.31415,16.616922,16.006166,61442,5,1,1,-65.007454,164.9175,-210.09396,32.549503,53.90017,-0.14418685,0.0168788,-0.0151326,9352097,3,1055,0.023862211,376
3000205000231,53000300001042,3000205000249,3000205000000,53,0.2798018,3000205000232,-1,3000205000230,3000205000010,3000205000144,34,0.0,0.0,0.0,16054,47.335945,16.563532,16.070297,61440,5,1,1,-32.424393,167.8675,-240.7073,35.292297,61.68627,-0.27305555,-0.021405373,0.099904604,9352065,3,1042,0.021934796,153
3000205000232,52000300001031,3000205000249,3000205000000,52,0.31970343,3000205000233,-1,3000205000231,3000205000011,3000205000260,52,0.0,0.0,0.0,16054,47.352192,16.501305,16.166683,61440,5,1,1,-23.209486,170.39053,-255.8111,41.425655,67.50104,-0.14829637,-0.101251006,0.2899012,9352065,3,1031,0.023650914,692
3000205000233,51000300001040,3000205000249,3000205000000,51,0.36234027,3000205000234,-1,3000205000232,3000205000012,3000205000103,44,0.0,0.0,0.0,16054,47.360626,16.453222,16.255686,61440,5,1,1,-8.168864,171.37906,-276.31644,41.25939,65.26715,-0.020919537,-0.1445648,0.19001716,9352065,3,1040,0.025190745,123
3000205000234,50000300001001,3000205000249,3000205000000,50,0.40789944,3000205000235,-1,3000205000233,3000205000013,3000205000295,63,0.0,0.0,0.0,16054,47.361565,16.390423,16.380077,61440,5,1,1,2.631493,161.1827,-280.14108,37.640747,63.55851,-0.3915031,-0.18590647,0.13673505,9352065,3,1001,0.030823067,738
3000205000235,49000300001729,3000205000249,3000205000000,49,0.45657724,3000205000236,-1,3000205000234,3000205000203,-1,44,0.0,0.0,0.0,16054,47.36847,16.336994,16.493635,61440,5,1,1,10.931752,169.70232,-287.98276,37.09932,60.15625,0.039780576,-0.08473038,0.1921578,9100780,3,1729,0.026838249,833
3000205000236,48000300001780,3000205000249,3000205000000,48,0.5085914,3000205000237,-1,3000205000235,3000205000204,-1,53,0.0,0.0,0.0,16054,47.364635,16.259483,16.629913,61444,5,1,1,10.978187,163.98273,-289.2793,34.153725,59.008007,0.044074535,0.004815667,0.2469232,9352077,3,1780,0.030556897,569
3000205000237,47000300002808,3000205000249,3000205000000,47,0.5641766,3000205000238,-1,3000205000236,3000205000237,-1,69,4.8196774,3.7008238,4.4754148,16054,47.343224,16.193487,16.755224,61444,5,1,1,10.687978,156.36177,-288.56396,33.388596,62.438972,-0.024189703,0.064880244,0.13013716,9100780,3,2808,0.037912782,689
3000205000238,46000300003219,3000205000249,3000205000000,46,0.6235901,3000205000239,-1,3000205000237,3000205000238,-1,59,3.7868896,3.5286925,3.7008238,16054,47.3475,16.122564,16.86968,61444,5,1,1,8.16165,147.50986,-284.90134,32.42979,59.64934,-0.2791888,-0.014217736,-0.073839396,9352090,3,3219,0.03188812,497
3000205000239,45000300003442,3000205000249,3000205000000,45,0.6871088,3000205000240,-1,3000205000238,3000205000239,-1,53,3.6147583,3.442627,3.6147583,16054,47.35532,16.060665,17.003592,61444,5,1,1,9.778326,148.26181,-279.52158,33.3678,59.52368,-0.2675345,0.027382968,-0.074885406,9352070,3,3442,0.030237943,909
3000205000240,44000300003392,3000205000249,3000205000000,44,0.75503564,3000205000241,-1,3000205000239,3000205000240,-1,53,3.5286925,3.3565612,3.5286925,16054,47.339848,15.9865055,17.122456,61444,5,1,1,10.672388,147.39136,-269.52728,33.999184,62.690193,-0.20165305,0.023574112,-0.050731853,9352076,3,3392,0.028494593,21
3000205000241,43000300003589,3000205000249,3000205000000,43,0.8276991,3000205000242,-1,3000205000240,3000205000241,-1,52,3.7868896,3.3565612,3.6147583,16054,47.33818,15.921862,17.242825,61444,5,1,1,10.188934,146.36218,-259.4834,33.54794,61.892185,-0.16938591,0.011364985,-0.036687054,9352076,3,3589,0.02864088,975
3000205000242,42000300003742,3000205000249,3000205000000,42,0.9054624,3000205000243,-1,3000205000241,3000205000242,-1,47,3.9590209,3.8729553,3.9590209,16054,47.341278,15.880139,17.378672,61444,5,1,1,6.3166966,144.19656,-260.0165,34.355213,63.505524,-0.30371162,0.09200017,0.084449664,9100780,3,3742,0.030442707,829
3000205000243,41000300003711,3000205000249,3000205000000,41,0.98870814,3000205000244,-1,3000205000242,3000205000243,-1,45,3.6147583,3.442627,3.5286925,16054,47.35123,15.789459,17.501575,61444,5,1,1,7.031793,142.67273,-246.61823,36.119232,63.915035,-0.15378284,0.09958842,0.0924176,9352074,3,3711,0.024559088,734
3000205000244,40000300003780,3000205000249,3000205000000,40,1.0778745,3000205000245,-1,3000205000243,3000205000244,-1,42,3.5286925,3.098364,3.442627,16055,47.3464,15.733783,17.637312,61472,5,1,1,6.77971,138.786,-236.77094,37.289738,67.133,-0.11967611,0.12672804,0.13148673,9352076,3,3780,0.019135011,572
3000205000245,39000300003798,3000205000249,3000205000000,39,1.173417,3000205000246,-1,3000205000244,3000205000245,-1,45,3.2704954,2.9262328,3.2704954,16055,47.33589,15.657406,17.760132,61472,5,1,1,9.492426,140.22404,-230.49263,34.874825,64.70634,-0.15780303,0.0861908,0.072012976,9352073,3,3798,0.025366979,107
3000205000246,38000300004297,3000205000249,3000205000000,38,1.2758462,3000205000247,-1,3000205000245,3000205000246,-1,37,2.6680357,2.3237731,2.6680357,15566,47.346756,15.561548,17.888021,54450,5,1,2,6.915072,134.80801,-223.1399,30.502466,58.742702,-0.1148366,-0.06271758,0.03683806,9352065,3,4297,0.024439849,466
3000205000247,37000300004394,3000205000249,3000205000000,37,1.3857181,3000205000248,-1,3000205000246,3000205000247,-1,36,1.1188537,0.6885254,1.1188537,15566,47.32727,15.497477,18.000254,54450,5,1,2,10.753675,137.56834,-216.50378,27.419016,56.093277,-0.039009772,-0.12720016,0.01620614,9352074,3,4394,0.029488742,179
3000205000248,36000300005332,3000205000249,3000205000000,36,1.5036365,3000205000249,-1,3000205000247,3000205000248,-1,25,0.0,0.0,0.516394,15566,47.321205,15.407208,18.111435,54450,5,1,2,17.44428,141.4259,-213.69025,24.276455,45.007156,-0.08029462,-0.12433823,-0.021541702,9352074,3,5332,0.030104496,840
3000205000249,34000300004221,3000205000249,3000205000000,34,1.766336,-1,-1,3000205000248,3000205000249,-1,30,0.86065674,0.6885254,0.86065674,15566,47.31099,15.2569275,18.356447,54450,5,1,2,-0.41609797,120.6358,-205.18715,31.072027,42.17553,0.34478375,-0.13182995,-0.5497326,9352073,3,4221,0.039698906,56
