haloID,subHaloID,lastProgenitorId,treeId,snapNum,redshift,firstProgenitorId,nextProgenitorId,descendantId,firstHaloInFOFgroupId,nextHaloInFOFgroupId,np,m_Mean200,m_Crit200,m_TopHat,phKey,x,y,z,zIndex,ix,iy,iz,velX,velY,velZ,velDisp,vMax,spinX,spinY,spinZ,mostBoundID,fileNr,subhaloIndex,halfmassRadius,random
6000108000000,63000600000414,6000108000121,6000108000000,63,0.0,6000108000001,-1,-1,6000108000000,-1,1053,99.83618,80.04108,90.36896,27985,14.732152,60.583324,57.07084,225017,1,6,6,-119.29582,-28.436344,-59.567997,106.38121,186.48901,0.8094499,0.4884871,1.1062009,15174209,6,414,0.05660235,857
6000108000001,62000600000404,6000108000081,6000108000000,62,0.019932542,6000108000002,6000108000082,6000108000000,6000108000001,6000108000082,1054,98.71732,78.49189,90.19682,27985,14.767125,60.574963,57.077724,225017,1,6,6,-124.58949,-21.58826,-61.777905,99.80245,181.48431,0.7587714,0.46360222,0.83003104,15176631,6,404,0.06429697,467
6000108000002,61000600000400,6000108000081,6000108000000,61,0.041403063,6000108000003,-1,6000108000001,6000108000002,6000108000083,1029,97.34027,75.73779,89.42223,27985,14.798023,60.570538,57.0907,225017,1,6,6,-123.86486,-19.978771,-64.81201,96.86097,178.16615,0.5883565,0.34793043,0.6366177,15173627,6,400,0.070638515,343
6000108000003,60000600000339,6000108000081,6000108000000,60,0.064493395,6000108000004,-1,6000108000002,6000108000003,6000108000084,993,96.65175,74.532875,88.47551,27985,14.821957,60.582615,57.109196,225017,1,6,6,-125.148735,-11.603416,-70.39222,91.75531,175.1352,0.13428062,0.0892536,0.21631701,15173627,6,339,0.06676404,553
6000108000004,59000600000399,6000108000081,6000108000000,59,0.08928783,6000108000005,-1,6000108000003,6000108000004,6000108000085,965,95.44683,67.131226,84.86075,27985,14.851849,60.579395,57.131336,225017,1,6,6,-124.61428,-15.729573,-70.609924,92.0054,175.96875,0.3429353,0.22173831,0.2741617,15174160,6,399,0.063657664,974
6000108000005,58000600000413,6000108000081,6000108000000,58,0.11588337,6000108000006,-1,6000108000004,6000108000005,6000108000086,954,91.05748,66.098434,75.82385,27985,14.894251,60.575253,57.143745,225017,1,6,6,-126.60734,-14.660644,-72.09019,92.038,176.38553,0.06793384,-0.040789947,0.15780476,15174160,6,413,0.06336221,182
6000108000006,57000600000411,6000108000081,6000108000000,57,0.14438343,6000108000007,-1,6000108000005,6000108000006,6000108000087,911,83.2255,65.92631,75.13533,27985,14.928559,60.582657,57.1609,225017,1,6,6,-126.83604,-13.994384,-74.32398,94.26698,179.68207,0.08986134,0.19026355,0.07955547,15174160,6,411,0.058072478,268
6000108000007,56000600000417,6000108000081,6000108000000,56,0.17489761,6000108000008,-1,6000108000006,6000108000007,6000108000088,909,80.2132,65.23778,74.01648,27985,14.966833,60.58343,57.181202,225017,1,6,6,-129.34787,-13.204297,-76.21034,94.89639,181.1654,0.08931962,0.14645025,-0.21249135,15174200,6,417,0.057938706,669
6000108000008,55000600000377,6000108000081,6000108000000,55,0.20754863,6000108000009,-1,6000108000007,6000108000008,6000108000089,881,78.06156,65.75417,73.58615,27985,15.008642,60.58322,57.20432,225017,1,6,6,-129.0979,-13.114332,-76.16314,94.08619,175.8831,0.20562942,0.18489976,-0.13305438,15173627,6,377,0.05504484,81
6000108000009,54000600000434,6000108000081,6000108000000,54,0.24246909,6000108000010,-1,6000108000008,6000108000009,-1,867,77.11484,65.84024,72.98369,27985,15.052814,60.58863,57.227535,225017,1,6,6,-130.35197,-11.633881,-78.11347,94.045784,177.45818,-0.09341827,-0.085192494,-0.08746698,15173717,6,434,0.055909142,673
6000108000010,53000600000390,6000108000081,6000108000000,53,0.2798018,6000108000011,-1,6000108000009,6000108000010,-1,850,77.02878,64.37712,71.52058,27985,15.092836,60.586166,57.2601,225017,1,6,6,-130.22798,-11.158658,-80.37108,97.445045,177.30078,-0.11347489,-0.120502114,-0.048609503,15173627,6,390,0.05295803,655
6000108000011,52000600000390,6000108000081,6000108000000,52,0.31970343,6000108000012,-1,6000108000010,6000108000011,-1,810,76.51238,62.483677,70.65992,27985,15.142015,60.59396,57.288853,225017,1,6,6,-131.30963,-9.676942,-80.32094,97.77071,180.79759,-0.21019773,0.011552175,0.16459067,15174193,6,390,0.04815333,815
6000108000012,51000600000389,6000108000081,6000108000000,51,0.36234027,6000108000013,-1,6000108000011,6000108000012,-1,827,74.10255,62.483677,69.88532,27985,15.191268,60.600937,57.316784,225017,1,6,6,-130.39145,-9.829655,-80.27916,98.83615,179.89241,-0.2016593,-0.13267629,0.046461035,15174193,6,389,0.048977263,473
6000108000013,50000600000373,6000108000081,6000108000000,50,0.40789944,6000108000014,-1,6000108000012,6000108000013,-1,833,71.52058,61.709087,68.07795,27985,15.233223,60.608162,57.35989,225017,1,6,6,-128.84483,-10.869338,-80.0913,98.27457,184.39322,-0.16366303,-0.16100577,0.16283669,15177429,6,373,0.050959393,570
6000108000014,49000600000401,6000108000081,6000108000000,49,0.45657724,6000108000015,-1,6000108000013,6000108000014,-1,757,70.57385,59.127117,66.01237,27985,15.275195,60.6148,57.392536,225017,1,6,6,-130.72649,-9.299585,-81.63014,94.54029,171.75883,-0.2193489,-0.2274508,0.20084721,15177429,6,401,0.04842614,151
6000108000015,48000600000389,6000108000081,6000108000000,48,0.5085914,6000108000016,-1,6000108000014,6000108000015,-1,813,69.1968,57.405804,63.516464,27985,15.338054,60.622868,57.428535,225017,1,6,6,-130.62715,-11.273495,-79.859566,95.509094,176.92879,-0.18659067,-0.21773551,0.01440693,15175764,6,389,0.052588157,985
6000108000016,47000600000397,6000108000081,6000108000000,47,0.5641766,6000108000017,-1,6000108000015,6000108000016,-1,817,70.143524,56.45908,67.21729,27985,15.390395,60.632626,57.456432,225017,1,6,6,-131.41045,-10.589263,-80.074425,93.78462,175.52133,-0.064081155,-0.04551638,0.046271197,15175764,6,397,0.054162797,505
6000108000017,46000600000420,6000108000081,6000108000000,46,0.6235901,6000108000018,-1,6000108000016,6000108000017,-1,799,70.143524,58.09433,67.21729,27985,15.432458,60.643806,57.4888,225017,1,6,6,-130.93753,-12.380614,-77.61364,95.130806,168.42517,0.006374221,0.044604078,-0.13388479,15175764,6,420,0.053289358,519
6000108000018,45000600000408,6000108000081,6000108000000,45,0.6871088,6000108000019,-1,6000108000017,6000108000018,-1,785,67.905815,62.655807,66.27057,27985,15.499339,60.641403,57.529076,225017,1,6,6,-131.17331,-14.716837,-75.04149,105.065025,179.41061,-0.11396884,-0.06907997,0.055316165,15176588,6,408,0.046291046,174
6000108000019,44000600000417,6000108000081,6000108000000,44,0.75503564,6000108000020,-1,6000108000018,6000108000019,-1,746,67.99188,62.827938,67.131226,27985,15.5756645,60.642292,57.558395,225017,1,6,6,-129.89487,-17.368938,-72.55654,112.446976,188.35684,-0.08759478,0.009338043,0.09886097,15175764,6,417,0.039591692,53
6000108000020,43000600000427,6000108000081,6000108000000,43,0.8276991,6000108000021,-1,6000108000019,6000108000020,-1,780,66.52876,61.536957,66.01237,25262,15.632954,60.643883,57.59685,228528,1,6,6,-128.98784,-16.202044,-72.878876,107.273964,182.42381,0.02292286,0.054461688,0.1500785,15175082,6,427,0.045044642,896
6000108000021,42000600000405,6000108000081,6000108000000,42,0.9054624,6000108000022,-1,6000108000020,6000108000021,-1,762,60.073837,54.823833,59.557446,25262,15.713715,60.651905,57.62246,228532,1,6,6,-129.23334,-17.367514,-75.21773,100.88762,175.28658,-0.048270453,-0.11127834,0.25006282,15175082,6,405,0.046768364,708
6000108000022,41000600000365,6000108000081,6000108000000,41,0.98870814,6000108000023,-1,6000108000021,6000108000022,-1,743,55.51236,50.69268,54.909897,25262,15.769946,60.66074,57.657986,228532,1,6,6,-132.29256,-14.194655,-75.14137,96.188705,173.20287,-0.18833269,-0.050319478,0.22787341,15174200,6,365,0.04604549,983
6000108000023,40000600000412,6000108000080,6000108000000,40,1.0778745,6000108000024,6000108000081,6000108000022,6000108000023,-1,645,51.811535,48.45497,51.725468,25262,15.867267,60.672882,57.6877,228532,1,6,6,-138.54927,-12.565681,-74.44452,98.6703,172.80637,-0.2318734,-0.17986305,0.3692656,15176588,6,412,0.041288093,386
6000108000024,39000600000363,6000108000080,6000108000000,39,1.173417,6000108000025,-1,6000108000023,6000108000024,-1,646,50.86481,46.647594,50.778748,25262,15.924511,60.687546,57.73051,228532,1,6,6,-134.57202,-13.608161,-74.53671,94.68672,168.38806,-0.41597664,-0.1512047,-0.009794889,15173337,6,363,0.042526647,445
6000108000025,38000600000332,6000108000080,6000108000000,38,1.2758462,6000108000026,-1,6000108000024,6000108000025,-1,673,55.68449,49.832024,55.68449,25262,15.990689,60.69469,57.78917,228532,1,6,6,-136.07014,-9.836103,-73.936806,99.64922,164.3241,-0.23942874,-0.24782258,-0.15159601,15174193,6,332,0.047410477,734
6000108000026,37000600000326,6000108000080,6000108000000,37,1.3857181,6000108000027,-1,6000108000025,6000108000026,-1,665,59.64351,57.491867,59.729576,25262,16.092108,60.6672,57.81278,228532,1,6,6,-133.24828,-10.834259,-77.52231,114.10989,182.75385,-0.21211776,-0.28765064,-0.3622624,15174168,6,326,0.03922131,358
6000108000027,36000600000311,6000108000061,6000108000000,36,1.5036365,6000108000028,6000108000062,6000108000026,6000108000027,6000108000062,609,58.954987,57.750065,59.127117,25262,16.19657,60.66415,57.86026,228532,1,6,6,-123.02692,-12.410133,-80.15212,130.46332,193.04745,-0.082202934,-0.16461758,-0.010910314,15176594,6,311,0.031230982,941
6000108000028,35000600000308,6000108000061,6000108000000,35,1.6302707,6000108000029,-1,6000108000027,6000108000028,-1,620,55.25416,53.963177,55.51236,25262,16.262154,60.70714,57.910694,228532,1,6,6,-124.91198,-7.526954,-75.87586,117.3274,184.69038,-0.11923417,-0.21790105,-0.19692521,15176588,6,308,0.035676237,819
6000108000029,34000600000320,6000108000054,6000108000000,34,1.766336,6000108000030,6000108000055,6000108000028,6000108000029,6000108000063,460,38.041027,34.94266,39.848404,25262,16.299746,60.727215,57.93688,228532,1,6,6,-123.114265,-11.474076,-47.949375,100.9779,154.50833,-0.24259923,0.6346086,0.017462755,15176590,6,320,0.03749826,229
6000108000030,33000600000339,6000108000054,6000108000000,33,1.9126327,6000108000031,-1,6000108000029,6000108000030,6000108000064,331,27.454948,26.85249,28.315605,25262,16.37953,60.73241,57.96852,228532,1,6,6,-92.58341,-9.6396265,-38.535824,96.14855,162.79822,-0.31991002,0.007449225,0.69479287,15174193,6,339,0.023768768,191
6000108000031,32000600000391,6000108000054,6000108000000,32,2.0700274,6000108000032,-1,6000108000030,6000108000031,-1,312,23.495928,22.291008,23.926256,25262,16.439665,60.712734,57.991665,228532,1,6,6,-95.37159,-3.7856965,-42.51127,88.689606,144.6459,-0.40548927,-0.015410549,0.72416276,15176588,6,391,0.029899037,74
6000108000032,31000600000376,6000108000047,6000108000000,31,2.2394855,6000108000033,6000108000048,6000108000031,6000108000032,6000108000048,270,19.450842,18.934448,20.397564,25262,16.49704,60.722237,58.01779,228532,1,6,6,-94.21508,22.122046,-41.557716,82.53775,139.44112,-0.5112205,-0.05616834,0.07198506,15176588,6,376,0.026702033,690
6000108000033,30000600000431,6000108000047,6000108000000,30,2.422044,6000108000034,-1,6000108000032,6000108000033,-1,229,18.245922,18.073792,18.762316,25262,16.554737,60.696358,58.04322,228532,1,6,6,-92.69963,22.447924,-44.02188,82.04399,140.59976,-0.23911574,-0.12731473,-0.0070224325,15176590,6,431,0.022832658,918
6000108000034,29000600000424,6000108000047,6000108000000,29,2.6188614,6000108000035,-1,6000108000033,6000108000034,-1,204,16.696741,16.180346,16.954937,25262,16.616737,60.684887,58.069656,228533,1,6,6,-89.80821,24.878078,-42.837772,90.46096,152.8555,-0.23650613,-0.051358804,-0.16182785,15174193,6,424,0.018407753,699
6000108000035,28000600000424,6000108000047,6000108000000,28,2.8311827,6000108000036,-1,6000108000034,6000108000035,-1,184,14.889361,14.889361,15.147558,25262,16.659262,60.6895,58.09788,228533,1,6,6,-82.97527,22.52304,-36.98753,83.47678,142.07233,-0.13893276,-0.021669738,-0.0633173,15174193,6,424,0.0184185,918
6000108000036,27000600000437,6000108000047,6000108000000,27,3.060419,6000108000037,-1,6000108000035,6000108000036,-1,161,10.93034,10.8442745,11.618866,25262,16.739075,60.70902,58.12235,228533,1,6,6,-83.282135,24.32412,-35.81537,79.05994,133.9421,-0.010764161,0.0055812327,-0.07104707,15174194,6,437,0.019080175,908
6000108000037,26000600000427,6000108000047,6000108000000,26,3.3080978,6000108000038,-1,6000108000036,6000108000037,-1,142,8.778699,8.606567,9.381158,25262,16.783514,60.70477,58.154854,228533,1,6,6,-81.17117,15.846976,-37.39906,74.25896,120.46719,0.048281163,-0.018266577,-0.10115121,15174192,6,427,0.019189438,22
6000108000038,25000600000395,6000108000047,6000108000000,25,3.575905,6000108000039,-1,6000108000037,6000108000038,-1,134,9.639355,9.639355,9.983618,25262,16.803793,60.650604,58.171593,228533,1,6,6,-79.85624,18.426714,-37.82814,75.423874,129.50536,0.042681273,0.00403142,-0.072858244,15174191,6,395,0.01626446,627
6000108000039,24000600000414,6000108000047,6000108000000,24,3.8656828,6000108000040,-1,6000108000038,6000108000039,-1,110,8.176239,8.004107,8.262304,25262,16.865053,60.62819,58.17948,228533,1,6,6,-81.352,8.583139,-40.87537,80.48127,131.37714,0.0140400585,-0.004750624,0.024110608,15173375,6,414,0.012917552,317
6000108000040,23000600000372,6000108000047,6000108000000,23,4.1794686,6000108000041,-1,6000108000039,6000108000040,-1,99,8.262304,8.176239,8.434436,25262,16.909033,60.644485,58.21454,228533,1,6,6,-86.701935,12.4533205,-40.701782,81.30564,138.4493,0.055990275,0.032740388,-0.06257115,15174192,6,372,0.01059789,589
6000108000041,22000600000367,6000108000047,6000108000000,22,4.5195556,6000108000042,-1,6000108000040,6000108000041,-1,85,6.4549255,6.4549255,6.540991,25262,16.975084,60.63701,58.242218,228533,1,6,6,-87.30965,11.2583685,-33.66568,77.26417,132.35544,0.16078845,0.0038293656,-0.096924365,15177425,6,367,0.010693518,216
6000108000042,21000600000358,6000108000047,6000108000000,21,4.888449,6000108000043,-1,6000108000041,6000108000042,-1,72,4.217218,4.131152,4.3893495,25262,17.026068,60.6743,58.250893,228533,1,6,6,-90.08184,11.989031,-37.637207,74.92026,118.555214,0.12186353,-0.05279123,0.04510247,15174193,6,358,0.010367086,762
6000108000043,20000600000260,6000108000047,6000108000000,20,5.2888336,6000108000044,-1,6000108000042,6000108000043,-1,71,2.4959044,2.4959044,2.4959044,25262,17.087862,60.71426,58.2764,228533,1,6,6,-84.49467,14.709482,-36.043564,62.3304,102.209526,0.15915577,-0.057862494,-0.004906774,15174191,6,260,0.013784536,1
6000108000044,19000600000444,6000108000047,6000108000000,19,5.7238646,6000108000045,-1,6000108000043,6000108000044,-1,39,2.5819702,2.5819702,2.6680357,25262,17.15554,60.67217,58.295937,228533,1,6,6,-91.87226,-8.353606,-30.72454,57.422096,101.08236,0.052981947,-0.02861283,-0.044140775,15177418,6,444,0.007571234,959
6000108000045,18000600000445,6000108000047,6000108000000,18,6.1968336,6000108000046,-1,6000108000044,6000108000045,-1,30,1.8934448,1.8934448,1.9795104,25262,17.184387,60.660797,58.313873,228533,1,6,6,-84.08328,3.9594667,-29.002295,55.553566,101.55814,0.08577564,0.004514422,-0.07917934,15177418,6,445,0.0060871197,674
6000108000046,17000600000332,6000108000047,6000108000000,17,6.7115865,6000108000047,-1,6000108000045,6000108000046,-1,29,2.3237731,2.3237731,2.3237731,25262,17.230225,60.6647,58.33099,228533,1,6,6,-82.83504,10.07038,-31.505909,60.148846,107.856865,0.024341311,-0.023232488,-0.026704315,15176597,6,332,0.0054846657,326
6000108000047,16000600000316,6000108000047,6000108000000,16,7.272188,-1,-1,6000108000046,6000108000047,-1,23,1.8073791,1.8073791,1.8073791,25262,17.280735,60.64999,58.33651,228533,1,6,6,-77.25147,6.519009,-26.721203,66.52685,119.26384,0.00937148,-0.004453073,-0.03239208,15177425,6,316,0.0034428325,893
6000108000048,31000600000377,6000108000054,6000108000000,31,2.2394855,6000108000049,-1,6000108000031,6000108000032,-1,41,0.0,0.0,0.0,25262,16.350845,60.878338,57.984905,228532,1,6,6,-86.792336,-125.08217,-29.557133,47.50977,75.754,-0.12174576,-0.06306378,0.08512373,15174267,6,377,0.01613183,561
6000108000049,30000600001406,6000108000054,6000108000000,30,2.422044,6000108000050,-1,6000108000048,6000108000049,-1,57,4.3893495,4.3032837,4.6475463,25262,16.435177,60.948162,57.98893,228532,1,6,6,-92.61234,-98.217766,-36.618263,52.96166,87.02873,-0.13006173,0.13142635,0.095305346,15174127,6,1406,0.014819257,84
6000108000050,29000600001611,6000108000054,6000108000000,29,2.6188614,6000108000051,-1,6000108000049,6000108000050,-1,45,3.6147583,3.5286925,3.7868896,25262,16.496593,61.02605,57.996292,228532,1,6,6,-104.990974,-94.829834,-42.530914,49.902397,78.6777,-0.06816308,0.0065109585,-0.0070280433,15174063,6,1611,0.01605863,326
6000108000051,28000600001834,6000108000054,6000108000000,28,2.8311827,6000108000052,-1,6000108000050,6000108000051,-1,39,3.7008238,3.7008238,3.7868896,25262,16.559875,61.05519,58.05238,228532,1,6,6,-107.37056,-89.146545,-45.592678,50.701534,84.51487,-0.03775532,0.03958393,0.0044879527,15174140,6,1834,0.011543118,182
6000108000052,27000600001733,6000108000054,6000108000000,27,3.060419,6000108000053,-1,6000108000051,6000108000052,-1,38,2.1516418,2.1516418,2.1516418,25262,16.600084,61.122585,58.09653,228532,1,6,6,-107.304794,-81.6971,-44.683937,43.474674,73.603676,-0.06310356,0.06044935,0.08321348,15174063,6,1733,0.01559064,941
6000108000053,26000600002517,6000108000054,6000108000000,26,3.3080978,6000108000054,-1,6000108000052,6000108000053,-1,25,1.2049193,1.2049193,1.3770508,25262,16.706064,61.112064,58.11765,228533,1,6,6,-99.002045,-64.28394,-49.16917,43.877598,65.795395,-0.024781454,-0.121263415,-0.013284325,15174063,6,2517,0.012848861,900
6000108000054,25000600002798,6000108000054,6000108000000,25,3.575905,-1,-1,6000108000053,6000108000054,-1,20,0.86065674,0.86065674,0.86065674,25262,16.737766,61.174885,58.14528,228533,1,6,6,-107.311646,-53.6379,-43.50667,40.774612,64.55837,0.08364318,-0.0558444,0.0034717668,15174127,6,2798,0.012601044,724
6000108000055,34000600001202,6000108000061,6000108000000,34,1.766336,6000108000056,-1,6000108000028,6000108000055,-1,88,7.831976,7.4877133,8.004107,25262,16.161905,60.666584,58.11308,228532,1,6,6,-73.29907,10.899035,-200.6566,61.6596,94.957016,0.033146057,-0.09367754,-0.1338162,15176836,6,1202,0.021784525,994
6000108000056,33000600001040,6000108000061,6000108000000,33,1.9126327,6000108000057,-1,6000108000055,6000108000056,-1,102,5.594269,5.4221373,5.9385314,25262,16.242361,60.64259,58.225803,228532,1,6,6,-80.514336,1.4240191,-171.83997,53.177273,88.08167,-0.09888543,-0.035684194,-0.09288474,15176337,6,1040,0.026230762,263
6000108000057,32000600001193,6000108000061,6000108000000,32,2.0700274,6000108000058,-1,6000108000056,6000108000057,-1,76,3.9590209,3.442627,4.8196774,25262,16.260733,60.676216,58.28127,228532,1,6,6,-87.034424,-4.10999,-155.69113,47.457714,80.81325,-0.016715571,-0.10942753,-0.23644929,15176552,6,1193,0.025661455,885
6000108000058,31000600001538,6000108000061,6000108000000,31,2.2394855,6000108000059,-1,6000108000057,6000108000058,-1,54,3.3565612,3.18443,3.5286925,25262,16.303488,60.684566,58.389824,228532,1,6,6,-71.209404,-5.3165693,-140.15778,42.30865,74.85732,0.082110316,-0.026142668,-0.117345594,15175773,6,1538,0.020200992,451
6000108000059,30000600001982,6000108000061,6000108000000,30,2.422044,6000108000060,-1,6000108000058,6000108000059,-1,39,2.4098387,2.4098387,2.5819702,25262,16.345613,60.698986,58.463257,228532,1,6,6,-77.99262,-10.285375,-126.56585,44.088818,74.3762,0.084899105,-0.04434193,-0.049026165,15175773,6,1982,0.015040786,491
6000108000060,29000600002522,6000108000061,6000108000000,29,2.6188614,6000108000061,-1,6000108000059,6000108000060,-1,30,2.065576,2.065576,2.065576,25262,16.392233,60.721302,58.52321,228532,1,6,6,-85.570854,-0.18185326,-125.992714,41.823982,70.6197,0.12714183,-0.0615547,-0.086874016,15176547,6,2522,0.013410658,235
6000108000061,27000600003105,6000108000061,6000108000000,27,3.060419,-1,-1,6000108000060,6000108000061,-1,21,0.86065674,0.86065674,0.86065674,25265,16.457119,60.750595,58.65566,228752,1,6,6,-82.01287,1.0617356,-99.289085,34.56582,55.526302,0.07836741,-0.12515055,-0.06491255,15176547,6,3105,0.014685267,77
6000108000062,36000600000312,6000108000080,6000108000000,36,1.5036365,6000108000063,-1,6000108000026,6000108000027,-1,27,0.0,0.0,0.0,25262,16.112993,60.69651,57.923515,228532,1,6,6,-237.83424,41.39877,-33.5265,65.943924,80.776665,-0.115341574,0.18959251,-0.21947615,15176647,6,312,0.0079419315,514
6000108000063,34000600000321,6000108000080,6000108000000,34,1.766336,6000108000064,-1,6000108000062,6000108000029,-1,30,0.0,0.0,0.0,25262,16.435543,60.6741,57.8669,228532,1,6,6,-278.30902,-20.184027,-18.429098,51.306263,73.28126,0.012792737,0.041665725,0.099553294,15177117,6,321,0.011827639,265
6000108000064,33000600000340,6000108000080,6000108000000,33,1.9126327,6000108000065,-1,6000108000063,6000108000030,-1,100,0.0,0.0,0.0,25262,16.60179,60.712154,57.885937,228533,1,6,6,-237.51154,-37.52145,-45.20693,62.889236,110.10901,0.04220377,-0.22079478,-0.0054078666,15173674,6,340,0.01756995,65
6000108000065,32000600001032,6000108000080,6000108000000,32,2.0700274,6000108000066,-1,6000108000064,6000108000065,-1,94,7.831976,7.659845,7.831976,25262,16.732956,60.725285,57.921913,228533,1,6,6,-217.44456,-37.852093,-55.29621,63.559906,113.125145,0.08586615,-0.21210591,0.074228585,15173674,6,1032,0.014154094,401
6000108000066,31000600000961,6000108000080,6000108000000,31,2.2394855,6000108000067,-1,6000108000065,6000108000066,-1,99,6.6270566,6.540991,6.6270566,25262,16.842266,60.762577,57.943916,228533,1,6,6,-197.31631,-39.127525,-56.752113,55.273094,97.49243,0.074913785,-0.2898275,0.041575022,15173717,6,961,0.022119476,877
6000108000067,30000600000876,6000108000080,6000108000000,30,2.422044,6000108000068,-1,6000108000066,6000108000067,-1,99,3.8729553,3.6147583,4.217218,25262,17.001476,60.792027,57.970985,228533,1,6,6,-186.40729,-38.314655,-52.681282,48.85739,87.92997,0.10168701,-0.23751813,0.04924953,15173716,6,876,0.02718211,405
6000108000068,29000600001398,6000108000074,6000108000000,29,2.6188614,6000108000069,6000108000075,6000108000067,6000108000068,-1,53,3.098364,2.9262328,3.18443,25262,17.117598,60.826477,58.001713,228533,1,6,6,-201.7616,-34.701214,-41.808266,45.059715,75.94749,-0.040943038,6.2007515E-4,0.01194711,15173717,6,1398,0.019765994,475
6000108000069,28000600001186,6000108000074,6000108000000,28,2.8311827,6000108000070,-1,6000108000068,6000108000069,-1,58,3.6147583,3.5286925,3.6147583,25262,17.242678,60.850517,58.010418,228533,1,6,6,-180.86159,-29.988832,-42.120277,47.940598,83.925026,0.03309105,0.0062363506,-0.018860899,15173717,6,1186,0.01620691,222
6000108000070,27000600001253,6000108000074,6000108000000,27,3.060419,6000108000071,-1,6000108000069,6000108000070,-1,55,4.217218,4.131152,4.217218,25262,17.37044,60.841007,58.04299,228533,1,6,6,-170.228,-28.114796,-45.340546,60.40793,98.60872,-0.020764373,0.06012056,-0.11939304,15173626,6,1253,0.011066767,661
6000108000071,26000600001087,6000108000074,6000108000000,26,3.3080978,6000108000072,-1,6000108000070,6000108000071,-1,56,4.217218,4.217218,4.217218,25262,17.477549,60.861565,58.051662,228533,1,6,6,-153.92316,-27.419636,-42.93865,57.70751,95.52352,0.011621266,-0.009712023,-0.06620271,15174104,6,1087,0.0117994165,894
6000108000072,25000600001032,6000108000074,6000108000000,25,3.575905,6000108000073,-1,6000108000071,6000108000072,-1,53,2.5819702,2.2377074,3.18443,25261,17.605467,60.884377,58.06164,228540,1,6,6,-148.24013,-31.31866,-39.378384,53.056316,85.10088,-0.024378046,-0.016729007,-0.07863247,15173621,6,1032,0.015945736,361
6000108000073,24000600000923,6000108000074,6000108000000,24,3.8656828,6000108000074,-1,6000108000072,6000108000073,-1,52,2.065576,2.065576,2.065576,25261,17.686432,60.90878,58.064655,228540,1,6,6,-142.11188,-27.424349,-36.534492,50.929966,82.09156,-0.021511212,0.070431635,-0.161609,15173675,6,923,0.01582173,147
6000108000074,23000600000766,6000108000074,6000108000000,23,4.1794686,-1,-1,6000108000073,6000108000074,-1,53,2.3237731,2.3237731,2.3237731,25261,17.742968,60.916306,58.10067,228540,1,6,6,-134.0631,-26.218397,-37.67895,50.39417,84.853584,-0.05665155,0.014261594,-0.08818224,15173621,6,766,0.013880121,90
6000108000075,29000600001678,6000108000080,6000108000000,29,2.6188614,6000108000076,-1,6000108000067,6000108000075,-1,40,2.6680357,2.4098387,2.840167,25262,16.980957,60.76991,58.0502,228533,1,6,6,-145.93578,-39.56642,-65.11862,48.149803,69.449005,0.002306595,-0.018879192,-0.14369856,15176601,6,1678,0.01758707,847
6000108000076,28000600001410,6000108000080,6000108000000,28,2.8311827,6000108000077,-1,6000108000075,6000108000076,-1,48,3.18443,3.18443,3.5286925,25262,17.06866,60.83282,58.04651,228533,1,6,6,-140.67632,-32.56091,-73.58847,52.704132,83.224594,0.002740915,-0.034752462,-0.16530555,15176604,6,1410,0.013681532,421
6000108000077,27000600001432,6000108000080,6000108000000,27,3.060419,6000108000078,-1,6000108000076,6000108000077,-1,45,2.9262328,2.840167,2.9262328,25262,17.13982,60.82499,58.085056,228533,1,6,6,-136.94086,-32.093937,-81.23683,53.488758,81.69838,0.03619949,-0.03167083,-0.13875148,15173368,6,1432,0.014242112,291
6000108000078,26000600001577,6000108000080,6000108000000,26,3.3080978,6000108000079,-1,6000108000077,6000108000078,-1,36,1.2909851,1.2909851,1.8073791,25262,17.214888,60.84049,58.09735,228533,1,6,6,-132.87556,-26.660128,-73.36817,45.37808,72.98105,0.028154671,-0.010285182,-0.094917536,15176648,6,1577,0.0160271,72
6000108000079,25000600001908,6000108000080,6000108000000,25,3.575905,6000108000080,-1,6000108000078,6000108000079,-1,28,0.516394,0.516394,0.516394,25262,17.30854,60.888485,58.08761,228533,1,6,6,-129.78738,-11.236943,-75.46499,38.43442,51.30442,0.015772708,-0.07424301,0.035481952,15176600,6,1908,0.023609772,322
6000108000080,24000600002054,6000108000080,6000108000000,24,3.8656828,-1,-1,6000108000079,6000108000080,-1,24,0.9467224,0.9467224,0.9467224,25262,17.372324,60.87387,58.122814,228533,1,6,6,-117.58283,-29.879608,-59.69559,41.921318,61.483974,0.05826995,0.006753782,0.068716586,15176600,6,2054,0.013765519,640
6000108000081,40000600002428,6000108000081,6000108000000,40,1.0778745,-1,-1,6000108000022,6000108000081,-1,20,0.516394,0.516394,0.516394,25262,15.652019,60.774902,57.7277,228532,1,6,6,-19.562077,-93.39828,-62.928967,26.485626,32.20508,-0.1538276,0.13836247,0.11941171,15176504,6,2428,0.053652316,928
6000108000082,62000600000405,6000108000121,6000108000000,62,0.019932542,6000108000083,-1,6000108000000,6000108000001,-1,25,0.0,0.0,0.0,27985,14.714906,60.58576,57.099953,225017,1,6,6,0.86466634,-254.44403,-22.730755,46.185146,76.992546,-0.035626914,0.059291363,-0.06502475,15174078,6,405,0.010296308,247
6000108000083,61000600000401,6000108000121,6000108000000,61,0.041403063,6000108000084,-1,6000108000082,6000108000002,-1,36,0.0,0.0,0.0,27985,14.72433,60.64326,57.096233,225017,1,6,6,-68.4329,-233.83823,10.69295,43.798023,77.15725,-0.18328336,0.022668859,0.0145355705,15174067,6,401,0.014468924,353
6000108000084,60000600000340,6000108000121,6000108000000,60,0.064493395,6000108000085,-1,6000108000083,6000108000003,-1,86,0.0,0.0,0.0,27985,14.744426,60.693073,57.0918,225017,1,6,6,-97.6598,-204.14171,9.923855,48.4059,90.79366,-0.03448756,0.08903616,-0.022203578,18650521,6,340,0.021588048,918
6000108000085,59000600000400,6000108000121,6000108000000,59,0.08928783,6000108000086,-1,6000108000084,6000108000004,-1,82,0.0,0.0,0.0,27985,14.76776,60.745163,57.091602,225017,1,6,6,-113.790825,-180.9391,8.822791,51.65402,91.98274,-0.0022028228,0.20722374,-0.017494593,18650521,6,400,0.018374117,94
6000108000086,58000600000414,6000108000121,6000108000000,58,0.11588337,6000108000087,-1,6000108000085,6000108000005,-1,87,0.0,0.0,0.0,27985,14.798952,60.789234,57.08708,225017,1,6,6,-122.40217,-161.93907,6.060851,52.626858,97.5708,-0.03456439,0.16072097,-0.1569967,18650521,6,414,0.017798623,920
6000108000087,57000600000412,6000108000121,6000108000000,57,0.14438343,6000108000088,-1,6000108000086,6000108000006,-1,92,0.0,0.0,0.0,27985,14.834492,60.827442,57.08366,225017,1,6,6,-127.65532,-149.94698,0.9966399,46.83071,89.135605,-0.060935646,0.10383988,-0.15777102,18650521,6,412,0.022553302,327
6000108000088,56000600000418,6000108000121,6000108000000,56,0.17489761,6000108000089,-1,6000108000087,6000108000007,-1,99,0.0,0.0,0.0,27985,14.871247,60.870445,57.09086,225017,1,6,6,-132.46503,-138.87485,-5.7319036,42.895992,83.05758,-0.070023626,0.096100025,-0.15763415,18650521,6,418,0.026999349,969
6000108000089,55000600000378,6000108000121,6000108000000,55,0.20754863,6000108000090,-1,6000108000088,6000108000008,-1,99,0.0,0.0,0.0,27985,14.9185,60.910877,57.087494,225017,1,6,6,-134.87283,-129.91246,-8.302634,40.760635,83.77653,-0.16510503,0.05034246,-0.16537149,15174067,6,378,0.028776748,494
6000108000090,54000600001079,6000108000121,6000108000000,54,0.24246909,6000108000091,-1,6000108000089,6000108000090,-1,107,9.295093,8.176239,8.778699,27985,14.953315,60.94813,57.08577,225017,1,6,6,-138.4941,-121.873695,-10.812953,41.77703,82.26403,-0.07474186,0.0807226,-0.18554397,15174112,6,1079,0.029961057,680
6000108000091,53000600001033,6000108000121,6000108000000,53,0.2798018,6000108000092,-1,6000108000090,6000108000091,-1,111,9.295093,7.9180417,8.778699,27985,14.992541,60.989296,57.09542,225017,1,6,6,-139.47704,-114.523094,-14.018436,44.525417,88.51512,-0.06626273,0.11445272,-0.15191667,15174112,6,1033,0.030330677,926
6000108000092,52000600001111,6000108000121,6000108000000,52,0.31970343,6000108000093,-1,6000108000091,6000108000092,-1,103,9.295093,7.7459106,8.520501,27985,15.039751,61.019844,57.107674,225017,1,6,6,-140.73264,-109.066895,-17.37529,46.88858,87.56235,-0.02506415,0.165044,-0.13649239,15174112,6,1111,0.026416404,502
6000108000093,51000600001168,6000108000121,6000108000000,51,0.36234027,6000108000094,-1,6000108000092,6000108000093,-1,97,9.381158,7.573779,8.778699,27985,15.089779,61.06061,57.113968,225017,1,6,6,-140.74422,-103.83405,-21.556715,48.9817,94.42771,-0.10643408,0.022625638,-0.1263102,15174112,6,1168,0.023230819,798
6000108000094,50000600001095,6000108000121,6000108000000,50,0.40789944,6000108000095,-1,6000108000093,6000108000094,-1,104,9.639355,7.9180417,8.778699,27985,15.1457205,61.104958,57.127296,225017,1,6,6,-142.3384,-99.99997,-24.402197,44.94854,83.73196,-0.074749015,0.11480884,-0.10349983,15174112,6,1095,0.030234048,202
6000108000095,49000600001135,6000108000121,6000108000000,49,0.45657724,6000108000096,-1,6000108000094,6000108000095,-1,107,9.639355,8.176239,9.381158,27985,15.210721,61.148003,57.131718,225017,1,6,6,-141.30548,-96.98199,-26.662395,44.56394,86.189926,-0.23222783,0.09999949,-0.16638619,15174112,6,1135,0.027616335,868
6000108000096,48000600001149,6000108000121,6000108000000,48,0.5085914,6000108000097,-1,6000108000095,6000108000096,-1,103,9.467224,8.262304,9.036896,27985,15.276975,61.177628,57.13518,225017,1,6,6,-144.16095,-92.86067,-28.459545,48.514954,92.031975,-0.065517046,0.090866424,-0.13484745,18650341,6,1149,0.022724574,548
6000108000097,47000600001150,6000108000121,6000108000000,47,0.5641766,6000108000098,-1,6000108000096,6000108000097,-1,103,9.381158,8.176239,9.209027,27985,15.336932,61.212765,57.160244,225017,1,6,6,-147.37155,-88.58669,-30.084343,49.904686,91.29302,-0.1957585,0.16071926,-0.14474557,18650342,6,1150,0.024862982,60
6000108000098,46000600001189,6000108000121,6000108000000,46,0.6235901,6000108000099,-1,6000108000097,6000108000098,-1,102,9.036896,8.090173,8.864764,27985,15.387627,61.253094,57.16951,225017,1,6,6,-144.33704,-85.32823,-30.655018,47.84293,83.42166,-0.18656906,0.13884154,-0.1628778,18650585,6,1189,0.028633682,991
6000108000099,45000600001235,6000108000121,6000108000000,45,0.6871088,6000108000100,-1,6000108000098,6000108000099,-1,98,8.520501,7.831976,8.520501,27985,15.462123,61.295944,57.192444,225017,1,6,6,-144.79034,-81.591705,-31.480946,49.755066,87.19598,-0.1365566,0.16575818,-0.13529706,18650585,6,1235,0.02544687,997
6000108000100,44000600001263,6000108000121,6000108000000,44,0.75503564,6000108000101,-1,6000108000099,6000108000100,-1,96,7.831976,7.4016476,7.831976,27985,15.538457,61.32733,57.2162,225017,1,6,6,-143.92685,-79.40958,-35.043324,49.897755,94.72563,-0.135212,0.15709874,-0.15130644,15174050,6,1263,0.022509657,430
6000108000101,43000600001372,6000108000121,6000108000000,43,0.8276991,6000108000102,-1,6000108000100,6000108000101,-1,86,7.573779,6.6270566,7.2295165,27985,15.6018715,61.369232,57.239616,225017,1,6,6,-141.23746,-75.97298,-38.719234,46.19369,85.80554,-0.19272797,0.19339438,-0.18470787,15174050,6,1372,0.022120344,409
6000108000102,42000600001405,6000108000121,6000108000000,42,0.9054624,6000108000103,-1,6000108000101,6000108000102,-1,81,6.885254,5.8524656,6.6270566,25262,15.673505,61.419983,57.245052,228528,1,6,6,-139.36653,-73.85732,-42.19622,44.41842,82.39326,-0.15801767,0.15757856,-0.12841636,15174050,6,1405,0.022756392,531
6000108000103,41000600001375,6000108000121,6000108000000,41,0.98870814,6000108000104,-1,6000108000102,6000108000103,-1,80,5.7664,5.3360715,5.7664,25262,15.727655,61.459854,57.27777,228528,1,6,6,-134.36337,-69.73676,-40.88783,44.790623,86.06597,-0.10468179,-0.022188932,-0.08845304,15174336,6,1375,0.024490127,652
6000108000104,40000600001371,6000108000121,6000108000000,40,1.0778745,6000108000105,-1,6000108000103,6000108000104,-1,80,6.540991,5.8524656,6.540991,25262,15.7961445,61.488632,57.306267,228528,1,6,6,-136.28394,-68.979385,-40.707996,47.545216,88.85983,-0.09689549,-0.02277055,-0.12722655,15174340,6,1371,0.021638986,39
6000108000105,39000600001481,6000108000121,6000108000000,39,1.173417,6000108000106,-1,6000108000104,6000108000105,-1,71,6.6270566,6.540991,6.6270566,25262,15.871391,61.5198,57.337368,228528,1,6,6,-127.20652,-70.06799,-40.321262,55.042572,90.54711,-0.088565834,-0.027992433,-0.20451987,15174340,6,1481,0.017536974,251
6000108000106,38000600001347,6000108000121,6000108000000,38,1.2758462,6000108000107,-1,6000108000105,6000108000106,-1,83,6.36886,5.8524656,6.36886,25262,15.959351,61.551685,57.35647,228530,1,6,6,-128.50612,-66.4405,-37.706432,50.56158,95.31427,-0.1253424,0.032745413,-0.093367815,15174112,6,1347,0.019481804,15
6000108000107,37000600001525,6000108000121,6000108000000,37,1.3857181,6000108000108,-1,6000108000106,6000108000107,-1,69,5.3360715,5.1639404,5.3360715,25262,16.03383,61.56771,57.386032,228530,1,6,6,-133.59392,-63.16371,-38.21354,49.28069,85.57309,-0.16740337,-0.005999135,-0.15497006,18650585,6,1525,0.01922496,124
6000108000108,36000600001346,6000108000121,6000108000000,36,1.5036365,6000108000109,-1,6000108000107,6000108000108,-1,78,5.594269,5.0778747,5.594269,25262,16.117502,61.59677,57.395878,228530,1,6,6,-130.73747,-61.137264,-39.88384,48.514526,92.24978,-0.07954392,0.031640742,-0.06222325,15174072,6,1346,0.024067009,697
6000108000109,35000600001473,6000108000121,6000108000000,35,1.6302707,6000108000110,-1,6000108000108,6000108000109,-1,68,5.8524656,5.508203,5.9385314,25262,16.189812,61.633587,57.40348,228530,1,6,6,-138.17162,-54.88166,-38.444763,50.453255,87.215675,-0.07271992,0.032031193,0.047596153,15174078,6,1473,0.017447053,939
6000108000110,34000600001517,6000108000121,6000108000000,34,1.766336,6000108000111,-1,6000108000109,6000108000110,-1,66,5.2500057,5.1639404,5.4221373,25262,16.278946,61.675877,57.4233,228530,1,6,6,-135.91304,-57.108425,-38.69991,52.310608,90.1153,-0.01496201,0.0033674291,0.1353336,15174336,6,1517,0.01624919,265
6000108000111,33000600001621,6000108000121,6000108000000,33,1.9126327,6000108000112,-1,6000108000110,6000108000111,-1,59,4.905743,4.905743,5.0778747,25262,16.357742,61.70125,57.45069,228530,1,6,6,-131.47414,-58.6558,-34.402725,55.71214,93.97579,0.03903105,0.016384562,0.12223476,15174078,6,1621,0.012944403,238
6000108000112,32000600001838,6000108000121,6000108000000,32,2.0700274,6000108000113,-1,6000108000111,6000108000112,-1,49,3.9590209,3.9590209,4.0450864,25262,16.406364,61.730087,57.488758,228530,1,6,6,-129.41801,-53.070095,-37.532265,50.490353,86.84423,0.011651602,-0.04210368,0.028862633,15174073,6,1838,0.013082807,170
6000108000113,31000600002537,6000108000121,6000108000000,31,2.2394855,6000108000114,-1,6000108000112,6000108000113,-1,33,2.4098387,2.4098387,2.6680357,25262,16.458002,61.74981,57.501472,228530,1,6,6,-118.158,-51.44539,-36.1115,39.11308,72.146965,-0.027269583,0.07982973,0.07274987,15174073,6,2537,0.0137604205,233
6000108000114,30000600002356,6000108000121,6000108000000,30,2.422044,6000108000115,-1,6000108000113,6000108000114,-1,34,2.4959044,2.4098387,2.4959044,25262,16.535263,61.784126,57.52945,228530,1,6,6,-106.69747,-45.466785,-39.954384,44.3438,78.836555,-0.04963726,-0.03931739,-0.073886536,15174050,6,2356,0.011256891,617
6000108000115,29000600002795,6000108000121,6000108000000,29,2.6188614,6000108000116,-1,6000108000114,6000108000115,-1,27,2.2377074,2.2377074,2.2377074,25262,16.589043,61.835297,57.553005,228530,1,6,6,-99.79895,-44.507946,-45.622314,42.277046,76.61402,0.0054102284,-0.031317584,-0.029262481,15174073,6,2795,0.011423275,396
6000108000116,28000600002566,6000108000121,6000108000000,28,2.8311827,6000108000117,-1,6000108000115,6000108000116,-1,26,1.8073791,1.8073791,1.8073791,25262,16.650928,61.87146,57.576916,228531,1,6,6,-95.43086,-44.424377,-41.60763,34.92735,67.44114,-0.0642127,-0.07108197,-0.010954243,15174050,6,2566,0.012794576,116
6000108000117,27000600002561,6000108000121,6000108000000,27,3.060419,6000108000118,-1,6000108000116,6000108000117,-1,26,1.7213135,1.6352477,1.8934448,25262,16.703444,61.90634,57.608166,228531,1,6,6,-94.625336,-50.925793,-31.783258,42.628464,79.73051,-0.011918218,0.016168546,-0.008938397,15174071,6,2561,0.011773695,978
6000108000118,26000600002608,6000108000121,6000108000000,26,3.3080978,6000108000119,-1,6000108000117,6000108000118,-1,24,1.8934448,1.8934448,1.8934448,25262,16.726206,61.915745,57.628887,228535,1,6,6,-91.71174,-47.379223,-30.492262,43.40711,75.03822,0.015766438,0.04524454,-0.03112514,15174071,6,2608,0.008545711,646
6000108000119,25000600002607,6000108000121,6000108000000,25,3.575905,6000108000120,-1,6000108000118,6000108000119,-1,22,1.7213135,1.7213135,1.7213135,25262,16.785446,61.936646,57.642693,228535,1,6,6,-82.312485,-45.15541,-31.393467,45.823708,86.70921,-0.04651781,0.035021625,-0.021443734,15174073,6,2607,0.0063769245,656
6000108000120,24000600002388,6000108000121,6000108000000,24,3.8656828,6000108000121,-1,6000108000119,6000108000120,-1,21,1.549182,1.549182,1.7213135,25262,16.827385,61.95993,57.65196,228535,1,6,6,-82.75942,-45.82203,-29.879032,41.5734,72.05095,-0.015842615,0.026019285,-0.012012119,15174072,6,2388,0.008732358,681
6000108000121,23000600002211,6000108000121,6000108000000,23,4.1794686,-1,-1,6000108000120,6000108000121,-1,20,1.4631164,1.4631164,1.4631164,25262,16.871746,61.996143,57.67079,228535,1,6,6,-80.94037,-41.42495,-28.405935,39.17864,73.10138,-0.021386381,2.9871135E-4,-0.012867392,15174339,6,2211,0.010293405,546
