haloID,subHaloID,lastProgenitorId,treeId,snapNum,redshift,firstProgenitorId,nextProgenitorId,descendantId,firstHaloInFOFgroupId,nextHaloInFOFgroupId,np,m_Mean200,m_Crit200,m_TopHat,phKey,x,y,z,zIndex,ix,iy,iz,velX,velY,velZ,velDisp,vMax,spinX,spinY,spinZ,mostBoundID,fileNr,subhaloIndex,halfmassRadius,random
6000105000000,63000600000409,6000105000136,6000105000000,63,0.0,6000105000001,-1,-1,6000105000000,-1,1062,97.25421,65.75417,83.91403,26975,7.4225783,36.399097,43.262714,199115,0,4,4,34.78608,-98.74188,-125.58624,88.11313,160.18175,0.031780258,-1.0610255,2.654087,16201399,6,409,0.08218189,279
6000105000001,62000600000410,6000105000122,6000105000000,62,0.019932542,6000105000002,6000105000123,6000105000000,6000105000001,6000105000123,1021,97.168144,64.97958,83.56976,26975,7.4174137,36.418606,43.28709,199115,0,4,4,33.561893,-101.99547,-127.0453,91.53489,164.63844,0.05652784,-0.8931904,2.1798894,16201399,6,410,0.074215755,61
6000105000002,61000600000406,6000105000122,6000105000000,61,0.041403063,6000105000003,-1,6000105000001,6000105000002,6000105000124,1016,95.44683,64.89352,81.245995,26975,7.4117174,36.435074,43.31068,199115,0,4,4,31.288496,-102.06137,-128.06699,90.93211,165.74179,0.049673576,-0.7063454,2.1873682,16201279,6,406,0.0719083,352
6000105000003,60000600000346,6000105000122,6000105000000,60,0.064493395,6000105000004,-1,6000105000002,6000105000003,6000105000125,995,94.155846,64.37712,80.64353,26975,7.4035754,36.45477,43.34291,199115,0,4,4,30.713152,-103.934166,-128.22124,88.889786,162.8379,0.17102872,-0.7535378,1.8772163,16201399,6,346,0.072441444,811
6000105000004,59000600000412,6000105000122,6000105000000,59,0.08928783,6000105000005,-1,6000105000003,6000105000004,-1,1006,91.83207,65.15171,80.04108,26975,7.387063,36.47654,43.369186,199115,0,4,4,28.99219,-101.66884,-128.1894,88.06991,157.31035,0.109392926,-0.73279005,2.0075564,16201430,6,412,0.077965595,901
6000105000005,58000600000420,6000105000119,6000105000000,58,0.11588337,6000105000006,6000105000120,6000105000004,6000105000005,6000105000120,953,89.5083,66.27057,78.83615,26975,7.3765883,36.502453,43.405155,199115,0,4,4,29.35583,-103.19069,-125.65703,87.50059,158.77649,0.043820564,-0.81952786,1.875474,16201430,6,420,0.08053913,350
6000105000006,57000600000413,6000105000119,6000105000000,57,0.14438343,6000105000007,-1,6000105000005,6000105000006,6000105000121,962,86.92633,65.23778,78.31976,26975,7.3685126,36.532833,43.439205,199115,0,4,4,28.244276,-105.19306,-126.48573,86.24005,154.67183,0.022995152,-0.81594145,1.8375587,16201430,6,413,0.079792716,571
6000105000007,56000600000425,6000105000101,6000105000000,56,0.17489761,6000105000008,6000105000102,6000105000006,6000105000007,6000105000122,891,84.172226,65.668106,76.68451,26975,7.3535237,36.564716,43.473007,199115,0,4,4,26.164623,-104.04705,-128.1896,88.68345,157.98064,0.37951243,-0.34944394,1.0600855,16201430,6,425,0.0714253,709
6000105000008,55000600000380,6000105000101,6000105000000,55,0.20754863,6000105000009,-1,6000105000007,6000105000008,6000105000130,924,80.7296,64.72138,74.27467,26975,7.3344307,36.590294,43.51563,199115,0,4,4,24.29669,-99.56787,-125.8209,89.10232,155.34486,0.24476583,-0.49011484,1.5227525,16201430,6,380,0.07415987,998
6000105000009,54000600000430,6000105000101,6000105000000,54,0.24246909,6000105000010,-1,6000105000008,6000105000009,-1,884,79.18042,65.15171,74.18861,26975,7.3260136,36.628582,43.55192,199115,0,4,4,22.45727,-100.85703,-126.220375,92.27068,159.2097,0.22331622,-0.1684504,1.2116644,16201430,6,430,0.06882899,302
6000105000010,53000600000388,6000105000069,6000105000000,53,0.2798018,6000105000011,6000105000070,6000105000009,6000105000010,6000105000070,812,76.94271,65.06565,73.24189,26975,7.3339295,36.666725,43.600067,199115,0,4,4,12.29635,-102.862785,-128.13974,94.06812,163.18141,0.45357364,-0.036369253,0.6869369,16093909,6,388,0.058442768,720
6000105000011,52000600000392,6000105000069,6000105000000,52,0.31970343,6000105000012,-1,6000105000010,6000105000011,6000105000071,767,75.651726,64.46319,70.91811,26975,7.338857,36.70773,43.64322,199115,0,4,4,7.8618226,-98.029785,-128.24821,93.991776,160.56288,0.13629168,-0.22494255,1.0155792,16093909,6,392,0.056306187,524
6000105000012,51000600000401,6000105000069,6000105000000,51,0.36234027,6000105000013,-1,6000105000011,6000105000012,6000105000072,766,73.75828,62.741875,69.713196,26975,7.3376203,36.73478,43.691193,199115,0,4,4,9.713577,-94.31247,-124.20577,91.06796,156.75937,0.12195011,-0.21153703,1.1577692,16201268,6,401,0.05826597,788
6000105000013,50000600000385,6000105000069,6000105000000,50,0.40789944,6000105000014,-1,6000105000012,6000105000013,6000105000073,742,72.81156,60.418102,68.76647,26975,7.3292236,36.76226,43.734592,199115,0,4,4,9.654399,-92.42391,-120.94138,88.532455,154.4234,0.16629341,0.059272893,0.8685382,16201358,6,385,0.05782417,581
6000105000014,49000600000395,6000105000069,6000105000000,49,0.45657724,6000105000015,-1,6000105000013,6000105000014,6000105000074,728,70.31565,52.67219,64.46319,26975,7.3342953,36.79054,43.77374,199115,0,4,4,7.1561003,-88.16991,-116.38078,88.199455,159.3743,0.46200618,0.028397627,0.5676971,16093865,6,395,0.058373403,617
6000105000015,48000600000409,6000105000069,6000105000000,48,0.5085914,6000105000016,-1,6000105000014,6000105000015,6000105000075,680,61.62302,52.327927,58.69679,26975,7.337644,36.823227,43.82225,199115,0,4,4,5.1242943,-84.49514,-112.98146,90.23809,160.29808,0.5486456,0.026595611,0.5995931,16093865,6,409,0.050447773,244
6000105000016,47000600000417,6000105000069,6000105000000,47,0.5641766,6000105000017,-1,6000105000015,6000105000016,6000105000076,678,60.6763,50.606613,56.45908,26975,7.3517327,36.858734,43.872204,199115,0,4,4,6.8266163,-85.03938,-112.325134,88.2998,159.6572,0.569845,0.15444714,0.436836,16201249,6,417,0.05304104,874
6000105000017,46000600000440,6000105000069,6000105000000,46,0.6235901,6000105000018,-1,6000105000016,6000105000017,6000105000077,653,57.491867,48.627106,55.340225,26975,7.3631144,36.888588,43.923794,199115,0,4,4,6.404864,-84.00802,-109.68804,89.02137,156.34311,0.71398956,0.19391896,0.5527125,16093865,6,440,0.051940706,767
6000105000018,45000600000448,6000105000069,6000105000000,45,0.6871088,6000105000019,-1,6000105000017,6000105000018,-1,657,56.28695,46.905792,52.93039,26975,7.355745,36.918995,43.977814,199119,0,4,4,2.6114273,-81.59275,-110.77104,88.038376,153.72092,0.60691696,0.014448565,0.4867086,16201432,6,448,0.05244925,41
6000105000019,44000600000457,6000105000069,6000105000000,44,0.75503564,6000105000020,-1,6000105000018,6000105000019,-1,612,55.942688,47.68038,54.909897,26975,7.3462543,36.97166,44.036167,199119,0,4,4,0.3258947,-79.929634,-107.45385,90.558464,154.89613,0.8283912,0.09054806,0.4244951,16201432,6,457,0.049432673,254
6000105000020,43000600000469,6000105000069,6000105000000,43,0.8276991,6000105000021,-1,6000105000019,6000105000020,-1,600,54.909897,48.196777,53.44678,26975,7.352248,37.003056,44.085808,199119,0,4,4,-0.108593985,-77.42848,-104.53202,90.28047,155.30945,0.692014,0.15335369,0.344687,16201432,6,469,0.046892557,518
6000105000021,42000600000451,6000105000069,6000105000000,42,0.9054624,6000105000022,-1,6000105000020,6000105000021,-1,608,54.221375,48.54104,52.93039,26975,7.348456,37.04232,44.14129,199119,0,4,4,0.5495636,-77.61252,-104.95106,90.05078,156.03737,0.80339015,0.23314403,0.39881077,16093843,6,451,0.047132608,73
6000105000022,41000600000410,6000105000069,6000105000000,41,0.98870814,6000105000023,-1,6000105000021,6000105000022,-1,608,53.44678,48.8853,52.93039,26975,7.356253,37.079655,44.1936,199119,0,4,4,-0.2472435,-76.44608,-104.38799,91.823494,156.41345,0.83844566,0.17514278,0.55853945,16201432,6,410,0.050574295,678
6000105000023,40000600000441,6000105000069,6000105000000,40,1.0778745,6000105000024,-1,6000105000022,6000105000023,-1,561,50.95088,48.54104,50.86481,26974,7.331272,37.134262,44.26212,199133,0,4,4,-2.8601687,-80.110054,-101.896194,97.77854,163.50793,0.78065556,0.09783486,0.6563465,16201361,6,441,0.040799122,109
6000105000024,39000600000417,6000105000069,6000105000000,39,1.173417,6000105000025,-1,6000105000023,6000105000024,-1,519,48.45497,46.475464,48.196777,26974,7.3439245,37.15612,44.290054,199133,0,4,4,-2.5583034,-79.95322,-98.03008,112.314964,178.4065,0.6014106,-0.06712969,0.8026438,16201309,6,417,0.030918991,467
6000105000025,38000600000399,6000105000068,6000105000000,38,1.2758462,6000105000026,6000105000069,6000105000024,6000105000025,6000105000069,450,40.53693,39.15988,40.53693,26974,7.296392,37.250713,44.38847,199133,0,4,4,0.48793522,-91.15264,-100.47311,95.55881,141.90723,0.5274701,-0.12998676,0.9693105,16201260,6,399,0.04468165,292
6000105000026,37000600000409,6000105000047,6000105000000,37,1.3857181,6000105000027,6000105000048,6000105000025,6000105000026,6000105000048,313,28.573803,26.85249,28.573803,26974,7.3504543,37.201466,44.367233,199133,0,4,4,-2.6735427,-36.399822,-74.98865,86.56106,138.93687,0.2288642,0.1508724,0.24540697,16201330,6,409,0.03144959,832
6000105000027,36000600000378,6000105000047,6000105000000,36,1.5036365,6000105000028,-1,6000105000026,6000105000027,6000105000049,313,24.098389,22.721336,24.184454,26974,7.3668547,37.22332,44.424732,199133,0,4,4,0.7396933,-44.865826,-79.00605,82.371704,137.72316,0.1619372,0.2919378,-0.00487898,16201358,6,378,0.031447485,816
6000105000028,35000600000515,6000105000047,6000105000000,35,1.6302707,6000105000029,-1,6000105000027,6000105000028,-1,270,19.536907,18.590185,19.536907,26974,7.380376,37.249172,44.4744,199133,0,4,4,-3.3351796,-40.133163,-81.234505,77.31388,126.74985,0.44368514,-0.046874125,-0.01754728,16201356,6,515,0.031859357,417
6000105000029,34000600000551,6000105000047,6000105000000,34,1.766336,6000105000030,-1,6000105000028,6000105000029,-1,227,15.750018,14.286901,16.352478,26974,7.3692293,37.290062,44.53549,199133,0,4,4,-13.448723,-35.540565,-83.635345,73.37445,122.14601,0.37040636,-0.061195858,-0.11975523,16201356,6,551,0.029723652,117
6000105000030,33000600000542,6000105000047,6000105000000,33,1.9126327,6000105000031,-1,6000105000029,6000105000030,-1,210,14.803295,14.372967,15.061493,26974,7.394955,37.326622,44.5779,199133,0,4,4,-3.081522,-50.658253,-73.42372,67.46804,118.929794,0.26265594,0.043336704,0.13529633,16201368,6,542,0.029276712,431
6000105000031,32000600000582,6000105000047,6000105000000,32,2.0700274,6000105000032,-1,6000105000030,6000105000031,-1,181,12.307391,12.13526,12.823785,26974,7.4005017,37.360157,44.627228,199133,0,4,4,-2.455527,-53.306507,-71.567314,66.010124,113.5114,0.030160112,0.033118654,0.29854062,16201368,6,582,0.02743856,198
6000105000032,31000600000667,6000105000047,6000105000000,31,2.2394855,6000105000033,-1,6000105000031,6000105000032,-1,156,12.221325,9.983618,12.995916,26974,7.3886833,37.392803,44.662636,199133,0,4,5,0.865896,-56.05626,-76.74644,72.9943,117.99221,0.014578655,0.009240823,0.22722511,16201368,6,667,0.024224253,854
6000105000033,30000600000738,6000105000047,6000105000000,30,2.422044,6000105000034,-1,6000105000032,6000105000033,-1,125,11.016406,10.8442745,11.016406,26974,7.364173,37.40896,44.692806,199133,0,4,5,-0.61697716,-54.811123,-79.25952,74.09786,124.908615,0.011972596,0.037920758,0.21794212,16201358,6,738,0.01728976,395
6000105000034,29000600000662,6000105000047,6000105000000,29,2.6188614,6000105000035,-1,6000105000033,6000105000034,-1,127,9.553289,8.864764,10.069683,26974,7.3693547,37.423004,44.717903,199133,0,4,5,1.5599163,-55.513054,-79.92607,67.48061,110.415375,-0.03508545,-0.015332323,0.19914179,16201358,6,662,0.023063088,131
6000105000035,28000600000560,6000105000047,6000105000000,28,2.8311827,6000105000036,-1,6000105000034,6000105000035,-1,139,7.057385,6.885254,7.1434507,26974,7.3500314,37.450695,44.7627,199133,0,4,5,5.262352,-48.782696,-76.67626,65.01976,106.60337,0.018190352,-0.14260313,0.4068725,16201146,6,560,0.024975808,579
6000105000036,27000600000750,6000105000044,6000105000000,27,3.060419,6000105000037,6000105000045,6000105000035,6000105000036,-1,92,6.540991,6.4549255,6.971319,26974,7.32051,37.48237,44.793003,199133,0,4,5,27.464794,-46.00165,-66.06533,72.77351,120.69529,0.40168127,0.19582474,0.0942186,16201358,6,750,0.013106242,143
6000105000037,26000600000621,6000105000044,6000105000000,26,3.3080978,6000105000038,-1,6000105000036,6000105000037,-1,92,7.1434507,7.1434507,7.4016476,26974,7.304925,37.49506,44.816498,199133,0,4,5,32.05868,-46.835693,-55.36714,68.50721,115.260544,0.27208212,-0.09619877,0.038553018,16201330,6,621,0.015349394,86
6000105000038,25000600000627,6000105000044,6000105000000,25,3.575905,6000105000039,-1,6000105000037,6000105000038,-1,81,4.8196774,4.8196774,5.594269,26974,7.273131,37.573032,44.8267,199133,0,4,5,20.716291,-40.538593,-44.7015,65.32742,96.759895,0.17195167,-0.033482634,-0.0103733605,16201363,6,627,0.017583,594
6000105000039,24000600000632,6000105000044,6000105000000,24,3.8656828,6000105000040,-1,6000105000038,6000105000039,-1,72,4.991809,4.991809,5.1639404,26974,7.3087945,37.52887,44.864925,199133,0,4,5,14.730808,-38.262882,-39.394096,67.684,108.07108,0.16732459,0.063252434,-0.0013468319,16201361,6,632,0.012653005,12
6000105000040,23000600000671,6000105000044,6000105000000,23,4.1794686,6000105000041,-1,6000105000039,6000105000040,-1,59,4.4754148,4.4754148,4.905743,26974,7.290155,37.595707,44.912136,199133,0,4,5,20.289434,-37.710712,-42.532585,62.162697,109.27273,0.20430766,0.027514042,-0.07879533,16201359,6,671,0.010857383,404
6000105000041,22000600000610,6000105000044,6000105000000,22,4.5195556,6000105000042,-1,6000105000040,6000105000041,-1,55,4.131152,4.131152,4.131152,26969,7.287435,37.58163,44.950073,199161,0,4,5,17.644793,-36.436024,-43.103264,69.959045,106.78208,0.12990892,0.02006302,0.012534617,16201330,6,610,0.009985202,616
6000105000042,21000600000704,6000105000044,6000105000000,21,4.888449,6000105000043,-1,6000105000041,6000105000042,-1,42,3.3565612,3.3565612,3.442627,26969,7.263448,37.616077,44.951523,199161,0,4,5,18.856997,-47.12812,-40.6181,63.46866,104.62961,0.12728444,-0.02348754,-0.0047364305,16201359,6,704,0.007881536,343
6000105000043,20000600000745,6000105000044,6000105000000,20,5.2888336,6000105000044,-1,6000105000042,6000105000043,-1,33,2.065576,2.065576,2.3237731,26969,7.2862935,37.643066,44.997055,199161,0,4,5,17.930456,-39.7452,-59.213066,49.313503,90.59135,-0.024338858,-0.10168795,-0.07411785,16201330,6,745,0.008387216,464
6000105000044,19000600000829,6000105000044,6000105000000,19,5.7238646,-1,-1,6000105000043,6000105000044,-1,25,1.549182,1.549182,1.549182,26969,7.2627563,37.650898,45.024033,199161,0,4,5,5.620146,-36.49262,-48.494778,44.35042,88.13594,2.0791516E-4,0.050790194,0.0739344,16201359,6,829,0.0072246664,966
6000105000045,27000600003033,6000105000047,6000105000000,27,3.060419,6000105000046,-1,6000105000035,6000105000045,-1,21,1.3770508,1.3770508,1.3770508,26969,7.496997,37.538223,44.983143,199161,0,4,5,-87.34133,-44.109,-140.59119,33.604893,67.15321,-0.006336711,-0.010209862,-0.17011179,16093921,6,3033,0.009530277,130
6000105000046,26000600002751,6000105000047,6000105000000,26,3.3080978,6000105000047,-1,6000105000045,6000105000046,-1,23,0.6885254,0.6885254,0.774591,26969,7.5537696,37.607456,45.02519,199161,0,4,5,-84.29232,-42.683475,-125.20128,35.832474,59.161224,-0.06780264,-0.0012990842,-0.15294416,16093916,6,2751,0.015346997,969
6000105000047,25000600001862,6000105000047,6000105000000,25,3.575905,-1,-1,6000105000046,6000105000047,-1,30,1.1188537,1.1188537,1.8073791,26969,7.592105,37.579163,45.12357,199161,0,4,5,-64.58609,-40.595753,-115.24577,44.308376,82.82025,-0.019055078,-0.25221533,-0.074688524,16094023,6,1862,0.014015259,919
6000105000048,37000600000410,6000105000068,6000105000000,37,1.3857181,6000105000049,-1,6000105000025,6000105000026,-1,141,0.0,0.0,0.0,26974,7.301316,37.369965,44.46372,199133,0,4,4,-12.995081,-167.29704,-131.84082,67.77382,129.87418,-0.005789688,0.31103596,0.17838207,16201251,6,410,0.018099286,623
6000105000049,36000600000379,6000105000068,6000105000000,36,1.5036365,6000105000050,-1,6000105000048,6000105000027,-1,140,0.0,0.0,0.0,26974,7.323529,37.450836,44.541298,199133,0,4,4,-17.151993,-145.91176,-119.46978,69.43577,127.839195,-0.10444391,0.28537503,0.12781806,16093907,6,379,0.01766468,889
6000105000050,35000600000739,6000105000068,6000105000000,35,1.6302707,6000105000051,-1,6000105000049,6000105000050,-1,159,13.856573,13.684442,13.856573,26974,7.332361,37.53537,44.60675,199133,0,4,4,-12.656973,-126.38801,-111.58887,68.711975,126.2622,-0.21456626,0.5492984,0.24029462,16093907,6,739,0.02123636,815
6000105000051,34000600000740,6000105000068,6000105000000,34,1.766336,6000105000052,-1,6000105000050,6000105000051,-1,153,14.545098,14.028705,15.147558,26974,7.338593,37.590717,44.66804,199133,0,4,5,-18.432833,-119.582535,-108.440384,69.69884,125.89112,-0.12290826,0.38849014,0.25602013,16093849,6,740,0.018939666,160
6000105000052,33000600000718,6000105000068,6000105000000,33,1.9126327,6000105000053,-1,6000105000051,6000105000052,-1,164,14.286901,13.426245,14.545098,26974,7.3448195,37.653706,44.729958,199133,0,4,5,-17.309046,-110.73039,-96.64732,67.997314,127.04653,-0.25411898,0.40464905,0.30090702,16093849,6,718,0.021484235,337
6000105000053,32000600000699,6000105000068,6000105000000,32,2.0700274,6000105000054,-1,6000105000052,6000105000053,-1,154,13.770508,13.168048,14.11477,26974,7.3491106,37.71672,44.78653,199133,0,4,5,-15.566279,-104.60723,-92.39165,73.33189,131.91374,-0.28907737,0.49140772,0.35168162,16201315,6,699,0.017741611,279
6000105000054,31000600000698,6000105000068,6000105000000,31,2.2394855,6000105000055,-1,6000105000053,6000105000054,-1,151,12.73772,12.73772,13.168048,26974,7.36104,37.774143,44.83602,199133,0,4,5,-15.793272,-98.11207,-86.94399,66.49076,119.91176,-0.23591895,0.4446359,0.39388442,16093909,6,698,0.020936985,699
6000105000055,30000600000698,6000105000068,6000105000000,30,2.422044,6000105000056,-1,6000105000054,6000105000055,-1,133,10.93034,10.327881,11.016406,26974,7.3564777,37.815685,44.864365,199133,0,4,5,-23.39891,-95.06772,-81.860954,71.15213,128.52754,-0.15385891,0.33064547,0.378087,16093909,6,698,0.016047856,36
6000105000056,29000600000610,6000105000068,6000105000000,29,2.6188614,6000105000057,-1,6000105000055,6000105000056,-1,138,9.381158,9.381158,9.639355,26974,7.3616366,37.86742,44.914066,199133,0,4,5,-19.096632,-85.304634,-73.9022,70.364494,125.42335,-0.21761638,0.4849656,0.41052076,16201234,6,610,0.019146219,403
6000105000057,28000600000580,6000105000068,6000105000000,28,2.8311827,6000105000058,-1,6000105000056,6000105000057,-1,137,10.155749,10.155749,10.413946,26969,7.3932953,37.927116,44.96414,199161,0,4,5,-9.836511,-85.4528,-65.22443,71.72523,121.53378,-0.21286447,0.45043728,0.17177051,16201311,6,580,0.018438406,430
6000105000058,27000600000597,6000105000068,6000105000000,27,3.060419,6000105000059,-1,6000105000057,6000105000058,-1,114,8.778699,8.606567,9.209027,26969,7.4151998,37.990715,44.98854,199161,0,4,5,-21.215366,-81.445496,-71.59471,75.142555,127.42579,0.02866805,0.17003754,0.15369327,16093909,6,597,0.014344526,682
6000105000059,26000600000519,6000105000068,6000105000000,26,3.3080978,6000105000060,-1,6000105000058,6000105000059,-1,113,8.262304,8.090173,8.348371,26969,7.4433913,38.042763,45.046844,199161,0,4,5,-18.744682,-72.82017,-66.52997,73.82885,129.73059,-0.23024432,0.39147115,0.04853231,16201259,6,519,0.012722337,437
6000105000060,25000600000578,6000105000068,6000105000000,25,3.575905,6000105000061,-1,6000105000059,6000105000060,-1,87,6.4549255,6.4549255,6.7131224,26969,7.463672,38.109966,45.089962,199163,0,4,5,-23.860733,-71.74,-80.17957,66.10525,119.38621,0.098313496,0.07219239,-0.0034707473,16201258,6,578,0.012701527,302
6000105000061,24000600000475,6000105000068,6000105000000,24,3.8656828,6000105000062,-1,6000105000060,6000105000061,-1,92,5.0778747,5.0778747,5.0778747,26969,7.4779515,38.157475,45.146126,199163,0,4,5,-19.601965,-69.97129,-78.31066,63.279217,111.49569,0.21579987,-0.04108758,2.4993546E-4,16201236,6,475,0.015105576,419
6000105000062,23000600000519,6000105000068,6000105000000,23,4.1794686,6000105000063,-1,6000105000061,6000105000062,-1,71,4.991809,4.991809,5.508203,26969,7.485613,38.18931,45.1711,199163,0,4,5,-14.341977,-67.603165,-73.88454,60.716896,107.121086,0.19842403,-0.03503814,0.14220643,16201253,6,519,0.0131003745,365
6000105000063,22000600000430,6000105000068,6000105000000,22,4.5195556,6000105000064,-1,6000105000062,6000105000063,-1,72,4.131152,4.131152,4.905743,26969,7.488429,38.233627,45.19241,199163,0,4,5,-10.692307,-61.96475,-68.8894,64.633354,111.2871,0.13600005,-0.061525214,0.15803629,16201237,6,430,0.011749193,774
6000105000064,21000600000316,6000105000068,6000105000000,21,4.888449,6000105000065,-1,6000105000063,6000105000064,-1,77,4.5614805,4.5614805,4.991809,26969,7.4854703,38.255554,45.21612,199163,0,4,5,-11.810656,-59.248413,-60.023422,69.94597,112.77324,0.043634996,-0.010239095,0.010422872,16093909,6,316,0.011780438,734
6000105000065,20000600000287,6000105000068,6000105000000,20,5.2888336,6000105000066,-1,6000105000064,6000105000065,-1,67,4.3893495,4.3893495,4.5614805,26969,7.4655433,38.25774,45.251354,199163,0,4,5,-9.760883,-63.601364,-51.763184,69.323784,113.93309,-0.01596278,-0.008280096,0.04065019,16201236,6,287,0.010289844,318
6000105000066,19000600000294,6000105000068,6000105000000,19,5.7238646,6000105000067,-1,6000105000065,6000105000066,-1,54,4.4754148,4.4754148,4.4754148,26969,7.489395,38.306053,45.29557,199163,0,4,5,-3.102444,-52.89454,-48.633717,81.58894,140.2029,0.0024007002,-0.015172935,0.02592133,16201236,6,294,0.00606501,696
6000105000067,18000600000244,6000105000068,6000105000000,18,6.1968336,6000105000068,-1,6000105000066,6000105000067,-1,47,3.9590209,3.9590209,3.9590209,26969,7.4922976,38.34351,45.322113,199163,0,4,5,-7.519496,-51.232502,-47.012917,77.22484,127.68586,0.05629458,-0.08952151,0.07278754,16201268,6,244,0.0061817053,743
6000105000068,17000600000344,6000105000068,6000105000000,17,6.7115865,-1,-1,6000105000067,6000105000068,-1,28,1.3770508,1.3770508,1.4631164,26969,7.4630866,38.364834,45.347862,199163,0,4,5,-15.423533,-59.653427,-57.355568,55.28126,87.23221,0.016166076,-0.06031108,0.04205442,16201218,6,344,0.007749571,596
6000105000069,38000600000400,6000105000069,6000105000000,38,1.2758462,-1,-1,6000105000024,6000105000025,-1,48,0.0,0.0,0.0,26974,7.329142,37.20399,44.342194,199133,0,4,4,-29.298067,7.1599264,-44.741234,59.899128,95.3186,0.0035591458,0.03278759,-0.0850314,16201361,6,400,0.011237704,878
6000105000070,53000600000389,6000105000101,6000105000000,53,0.2798018,6000105000071,-1,6000105000009,6000105000010,-1,31,0.0,0.0,0.0,26975,7.4103956,36.604214,43.615875,199115,0,4,4,150.93968,-72.33336,-70.15598,36.61763,69.53405,0.04970136,0.08888332,0.0031712116,16093897,6,389,0.012980021,574
6000105000071,52000600000393,6000105000101,6000105000000,52,0.31970343,6000105000072,-1,6000105000070,6000105000011,-1,28,0.0,0.0,0.0,26975,7.343762,36.647167,43.630825,199115,0,4,4,214.99818,-152.3413,-44.10024,49.01567,89.99223,0.018889831,0.03732937,0.009846601,16201233,6,393,0.008968112,460
6000105000072,51000600000402,6000105000101,6000105000000,51,0.36234027,6000105000073,-1,6000105000071,6000105000012,-1,25,0.0,0.0,0.0,26975,7.270178,36.72486,43.657204,199115,0,4,4,172.79564,-255.34138,-101.95041,39.456905,73.60282,0.11531005,0.036174748,0.03144809,16093897,6,402,0.011212567,473
6000105000073,50000600000386,6000105000101,6000105000000,50,0.40789944,6000105000074,-1,6000105000072,6000105000013,-1,45,0.0,0.0,0.0,26975,7.2172017,36.82215,43.704502,199115,0,4,4,98.9484,-249.7533,-142.35349,50.68695,88.90295,0.07405865,-0.0072103045,-0.09988356,16201233,6,386,0.010771234,76
6000105000074,49000600000396,6000105000101,6000105000000,49,0.45657724,6000105000075,-1,6000105000073,6000105000014,-1,60,0.0,0.0,0.0,26975,7.1934204,36.911766,43.772785,199115,0,4,4,55.33413,-230.98663,-158.65132,41.876587,79.543335,0.16828744,0.099168606,-0.010563576,16201233,6,396,0.02040491,320
6000105000075,48000600000410,6000105000101,6000105000000,48,0.5085914,6000105000076,-1,6000105000074,6000105000015,-1,62,0.0,0.0,0.0,26975,7.181543,37.005043,43.837425,199115,0,4,4,29.191168,-219.27332,-161.84528,38.780983,77.519844,0.2373455,0.056172382,-0.080839865,16093896,6,410,0.024706732,184
6000105000076,47000600000418,6000105000101,6000105000000,47,0.5641766,6000105000077,-1,6000105000075,6000105000016,-1,68,0.0,0.0,0.0,26975,7.1562495,37.099815,43.889782,199115,0,4,4,8.23618,-205.08409,-163.61478,42.327003,86.051575,0.24879892,0.13271506,-0.11529252,16093934,6,418,0.020657785,328
6000105000077,46000600000441,6000105000101,6000105000000,46,0.6235901,6000105000078,-1,6000105000076,6000105000017,-1,58,0.0,0.0,0.0,26974,7.163568,37.188347,43.980286,199133,0,4,4,-8.234325,-186.81766,-161.42093,40.748833,82.16794,0.14596185,0.03796833,-0.034227576,16093889,6,441,0.017312037,818
6000105000078,45000600001491,6000105000101,6000105000000,45,0.6871088,6000105000079,-1,6000105000077,6000105000078,-1,69,5.7664,5.2500057,5.594269,26974,7.170379,37.278637,44.05524,199133,0,4,4,-16.875937,-176.44458,-159.1413,41.987797,83.75243,0.24743955,0.273612,-0.062047176,16147744,6,1491,0.020591501,853
6000105000079,44000600001428,6000105000101,6000105000000,44,0.75503564,6000105000080,-1,6000105000078,6000105000079,-1,70,6.1106625,5.594269,5.9385314,26974,7.186909,37.35872,44.132236,199133,0,4,4,-23.616306,-163.76283,-155.82397,42.649334,87.70775,0.22274837,0.23418465,-0.061512433,16093933,6,1428,0.020385547,651
6000105000080,43000600001537,6000105000101,6000105000000,43,0.8276991,6000105000081,-1,6000105000079,6000105000080,-1,68,6.024597,5.2500057,5.7664,26974,7.213451,37.425846,44.20728,199133,0,4,4,-32.9216,-154.49918,-153.27238,45.14025,85.12581,0.1711231,0.34099367,-0.23975614,16093928,6,1537,0.017877856,973
6000105000081,42000600001554,6000105000101,6000105000000,42,0.9054624,6000105000082,-1,6000105000080,6000105000081,-1,66,5.8524656,5.594269,5.7664,26974,7.2227497,37.508884,44.297512,199133,0,4,4,-37.074387,-149.01736,-153.88075,45.849106,89.20539,0.18719491,0.3340489,-0.23039657,16147744,6,1554,0.017150497,347
6000105000082,41000600001555,6000105000101,6000105000000,41,0.98870814,6000105000083,-1,6000105000081,6000105000082,-1,65,5.508203,5.2500057,5.4221373,26974,7.2324715,37.575005,44.378613,199133,0,4,4,-39.804867,-141.49654,-152.39157,44.952724,82.36569,0.19685647,0.36248767,-0.23201817,16093933,6,1555,0.01886725,614
6000105000083,40000600001601,6000105000101,6000105000000,40,1.0778745,6000105000084,-1,6000105000082,6000105000083,-1,63,4.733612,4.5614805,4.6475463,26974,7.255989,37.65768,44.470806,199133,0,4,4,-41.996273,-136.6714,-147.54816,41.531532,79.86187,0.10968373,0.3386167,-0.2508218,16093933,6,1601,0.018701563,582
6000105000084,39000600001625,6000105000101,6000105000000,39,1.173417,6000105000085,-1,6000105000083,6000105000084,-1,63,4.8196774,4.5614805,4.8196774,26974,7.271686,37.738163,44.530487,199133,0,4,4,-44.549408,-128.15178,-142.27003,43.97926,86.30649,0.14823936,0.41103148,-0.31560075,16093927,6,1625,0.01714064,520
6000105000085,38000600001960,6000105000101,6000105000000,38,1.2758462,6000105000086,-1,6000105000084,6000105000085,-1,51,4.4754148,4.4754148,4.4754148,26974,7.297409,37.80926,44.603325,199133,0,4,4,-39.87991,-126.83478,-134.83824,48.343727,92.951324,0.022168014,-0.017564714,-0.09981347,16147494,6,1960,0.011385714,971
6000105000086,37000600001827,6000105000101,6000105000000,37,1.3857181,6000105000087,-1,6000105000085,6000105000086,-1,53,4.3032837,4.3032837,4.3032837,26974,7.312999,37.872654,44.66232,199133,0,4,5,-39.44884,-123.35674,-130.48993,40.10329,84.22947,-9.387201E-4,-0.020249594,-0.057516895,16093934,6,1827,0.014086578,122
6000105000087,36000600001824,6000105000101,6000105000000,36,1.5036365,6000105000088,-1,6000105000086,6000105000087,-1,53,4.3032837,4.131152,4.3032837,26974,7.3303866,37.947945,44.738945,199133,0,4,5,-40.46906,-118.82735,-128.46497,41.28767,85.91324,0.016693527,-0.025861537,-0.06438326,16093934,6,1824,0.013622856,684
6000105000088,35000600001752,6000105000101,6000105000000,35,1.6302707,6000105000089,-1,6000105000087,6000105000088,-1,55,4.4754148,4.4754148,4.4754148,26974,7.3559937,38.016754,44.821354,199133,0,4,5,-40.63659,-112.031876,-123.50635,45.966496,86.166954,0.03723961,-0.071541816,-0.09433249,16093934,6,1752,0.014632629,725
6000105000089,34000600001758,6000105000101,6000105000000,34,1.766336,6000105000090,-1,6000105000088,6000105000089,-1,54,4.217218,4.131152,4.217218,26974,7.373632,38.06177,44.872673,199133,0,4,5,-42.67288,-105.62602,-121.69546,48.197414,86.50033,0.115749195,-0.08568404,-0.10733203,16093927,6,1758,0.015526406,330
6000105000090,33000600001867,6000105000101,6000105000000,33,1.9126327,6000105000091,-1,6000105000089,6000105000090,-1,50,4.6475463,4.5614805,4.6475463,26969,7.398255,38.13355,44.952316,199163,0,4,5,-41.755806,-98.83917,-119.411766,52.393314,94.99575,0.06408224,-0.042933103,-0.12099655,16093934,6,1867,0.011478013,548
6000105000091,32000600001688,6000105000101,6000105000000,32,2.0700274,6000105000092,-1,6000105000090,6000105000091,-1,54,4.217218,4.131152,4.217218,26969,7.4410434,38.202282,45.03871,199163,0,4,5,-45.615128,-96.225746,-109.693924,50.89861,87.07782,0.045358356,0.0034385235,-0.12019163,16093889,6,1688,0.014533795,458
6000105000092,31000600001618,6000105000101,6000105000000,31,2.2394855,6000105000093,-1,6000105000091,6000105000092,-1,52,4.5614805,4.5614805,4.6475463,26969,7.4535694,38.227142,45.08026,199163,0,4,5,-48.977577,-90.30428,-103.842636,46.059242,84.106026,0.0753339,-0.0338424,-0.055204906,16147495,6,1618,0.01523393,274
6000105000093,30000600001482,6000105000101,6000105000000,30,2.422044,6000105000094,-1,6000105000092,6000105000093,-1,54,4.217218,4.217218,4.3032837,26969,7.482857,38.282833,45.12815,199163,0,4,5,-50.42025,-89.49625,-99.10234,47.688595,87.20618,0.030724164,0.018959248,-0.019912723,16147495,6,1482,0.016022608,290
6000105000094,29000600001458,6000105000101,6000105000000,29,2.6188614,6000105000095,-1,6000105000093,6000105000094,-1,52,3.7008238,3.6147583,3.7008238,26969,7.5167165,38.318295,45.19348,199163,0,4,5,-50.346844,-84.98517,-94.63695,47.45464,83.267876,0.05912975,-0.006740396,-0.027578536,16093891,6,1458,0.01605969,902
6000105000095,28000600001503,6000105000101,6000105000000,28,2.8311827,6000105000096,-1,6000105000094,6000105000095,-1,47,3.3565612,3.3565612,3.442627,26969,7.5531583,38.384228,45.26152,199163,0,4,5,-52.237568,-74.47004,-89.42875,46.79358,88.169106,0.042555064,-0.030833105,-0.022590812,16093891,6,1503,0.013131067,899
6000105000096,27000600001842,6000105000101,6000105000000,27,3.060419,6000105000097,-1,6000105000095,6000105000096,-1,37,2.4098387,2.4098387,2.840167,26969,7.588247,38.434177,45.325233,199163,0,4,5,-57.137184,-74.12799,-84.89967,53.909904,91.43167,0.043965243,-0.07763401,-0.019274244,16093932,6,1842,0.009365357,669
6000105000097,26000600001518,6000105000101,6000105000000,26,3.3080978,6000105000098,-1,6000105000096,6000105000097,-1,40,2.4098387,2.4098387,2.4098387,26969,7.6231675,38.44091,45.35945,199163,0,4,5,-55.040844,-70.005615,-78.13826,42.746857,80.39712,0.03394374,0.028009586,-0.0073127495,16147501,6,1518,0.014245734,946
6000105000098,25000600001570,6000105000101,6000105000000,25,3.575905,6000105000099,-1,6000105000097,6000105000098,-1,33,1.3770508,1.3770508,1.549182,26969,7.6505666,38.448486,45.38529,199163,0,4,5,-59.437336,-63.81807,-70.279594,41.193386,66.812294,0.024147496,-0.07758233,0.023083733,16093891,6,1570,0.014379828,951
6000105000099,23000600002042,6000105000101,6000105000000,23,4.1794686,6000105000100,-1,6000105000098,6000105000099,-1,20,0.9467224,0.9467224,1.1188537,26969,7.66528,38.537212,45.436417,199163,0,4,5,-53.510277,-46.030876,-62.196827,40.57858,66.47422,0.010261213,-0.04797596,0.011023719,16093934,6,2042,0.009331164,193
6000105000100,22000600001772,6000105000101,6000105000000,22,4.5195556,6000105000101,-1,6000105000099,6000105000100,-1,20,1.3770508,1.2909851,1.3770508,26969,7.7073874,38.558002,45.466103,199163,0,4,5,-58.77239,-43.215317,-60.989723,37.005455,71.141815,-0.023342393,-0.034481224,0.0540504,16147495,6,1772,0.009939832,20
6000105000101,21000600001608,6000105000101,6000105000000,21,4.888449,-1,-1,6000105000100,6000105000101,-1,20,0.9467224,0.9467224,0.9467224,26969,7.7587867,38.537037,45.52708,199163,0,4,5,-56.21942,-50.619987,-61.937294,44.179955,67.44606,0.027066875,-0.023051718,0.0028469681,16147501,6,1608,0.009173865,724
6000105000102,56000600002421,6000105000119,6000105000000,56,0.17489761,6000105000103,-1,6000105000006,6000105000102,-1,31,2.3237731,1.6352477,1.9795104,26975,7.334401,36.831078,43.493248,199115,0,4,4,-58.590576,-183.61673,-191.71829,23.909864,43.84814,-0.1523778,-0.18667951,0.4669295,17122410,6,2421,0.03313444,480
6000105000103,55000600002699,6000105000119,6000105000000,55,0.20754863,6000105000104,-1,6000105000102,6000105000103,-1,28,2.4098387,1.3770508,1.7213135,26975,7.3617554,36.88732,43.553204,199115,0,4,4,-66.03587,-173.37094,-191.86029,23.102964,46.30065,-0.04160277,-0.06469162,0.39994514,17122410,6,2699,0.030558912,711
6000105000104,54000600002195,6000105000119,6000105000000,54,0.24246909,6000105000105,-1,6000105000103,6000105000104,-1,32,2.9262328,1.4631164,1.8073791,26975,7.386954,36.947556,43.61634,199115,0,4,4,-70.61103,-159.37071,-194.5355,23.352055,46.005196,-0.081032194,0.07208188,0.5363681,17122410,6,2195,0.045313362,542
6000105000105,53000600002141,6000105000119,6000105000000,53,0.2798018,6000105000106,-1,6000105000104,6000105000105,-1,33,2.9262328,1.7213135,2.2377074,26975,7.411916,36.997868,43.68671,199115,0,4,4,-72.43932,-149.38159,-192.0782,23.227163,47.221992,-0.16437037,0.005455341,0.37062702,16093955,6,2141,0.043689996,374
6000105000106,52000600002169,6000105000119,6000105000000,52,0.31970343,6000105000107,-1,6000105000105,6000105000106,-1,33,2.6680357,1.9795104,2.4959044,26975,7.441083,37.05205,43.74074,199115,0,4,4,-74.05687,-139.12961,-192.51492,23.263092,53.440872,-0.13681944,0.03255348,0.32132402,16093955,6,2169,0.03637771,520
6000105000107,51000600002185,6000105000119,6000105000000,51,0.36234027,6000105000108,-1,6000105000106,6000105000107,-1,32,2.3237731,1.2049193,2.2377074,26975,7.4679904,37.098465,43.81372,199115,0,4,4,-73.987976,-128.12929,-190.67328,24.997461,54.83036,-0.14771122,0.027777279,0.31946823,16093955,6,2185,0.038381718,436
6000105000108,50000600002448,6000105000119,6000105000000,50,0.40789944,6000105000109,-1,6000105000107,6000105000108,-1,31,1.8934448,1.2909851,1.7213135,26974,7.4913025,37.148376,43.87374,199129,0,4,4,-72.71486,-118.17577,-189.66258,23.665886,46.50071,-0.18286912,0.11490665,0.34703648,16093955,6,2448,0.03687694,631
6000105000109,49000600003006,6000105000119,6000105000000,49,0.45657724,6000105000110,-1,6000105000108,6000105000109,-1,26,2.1516418,1.7213135,1.8934448,26974,7.5262885,37.194576,43.96099,199133,0,4,4,-69.84045,-108.30784,-186.42067,24.26569,49.828327,-0.09009358,0.016749043,0.08227788,16093955,6,3006,0.0208711,973
6000105000110,48000600002562,6000105000119,6000105000000,48,0.5085914,6000105000111,-1,6000105000109,6000105000110,-1,33,2.1516418,1.7213135,2.1516418,26974,7.552861,37.240784,44.043133,199133,0,4,4,-68.866356,-105.95299,-181.63754,27.33067,54.157352,-0.16782224,0.034070857,0.28964093,16093955,6,2562,0.026805576,291
6000105000111,47000600002767,6000105000119,6000105000000,47,0.5641766,6000105000112,-1,6000105000110,6000105000111,-1,32,2.3237731,2.065576,2.2377074,26974,7.5773826,37.27515,44.118656,199133,0,4,4,-65.770676,-99.695786,-178.89938,30.652657,54.983967,-0.12133278,0.05224557,0.29903045,16093569,6,2767,0.027364247,351
6000105000112,46000600002782,6000105000119,6000105000000,46,0.6235901,6000105000113,-1,6000105000111,6000105000112,-1,31,2.4959044,2.2377074,2.3237731,26974,7.5984955,37.3243,44.20169,199133,0,4,4,-63.84503,-92.78657,-175.31473,31.70089,58.170124,-0.09724275,0.05494654,0.18838291,16093569,6,2782,0.019254353,846
6000105000113,45000600002594,6000105000119,6000105000000,45,0.6871088,6000105000114,-1,6000105000112,6000105000113,-1,35,2.5819702,2.2377074,2.4959044,26974,7.6334624,37.37446,44.282806,199133,0,4,4,-61.61831,-88.90509,-172.4573,30.703968,57.618687,-0.038838554,0.049018998,0.21027607,16093987,6,2594,0.023749338,185
6000105000114,44000600002851,6000105000119,6000105000000,44,0.75503564,6000105000115,-1,6000105000113,6000105000114,-1,32,2.4098387,1.8934448,2.4098387,26974,7.649432,37.43324,44.346684,199133,0,4,4,-59.17477,-82.52135,-168.5682,30.734539,52.47628,-0.08120216,-0.037036907,0.1809905,17122787,6,2851,0.02793602,78
6000105000115,43000600002944,6000105000119,6000105000000,43,0.8276991,6000105000116,-1,6000105000114,6000105000115,-1,31,2.1516418,1.8934448,2.065576,26974,7.6739063,37.447826,44.449028,199133,0,4,4,-58.634598,-77.049126,-163.34976,31.89253,56.386024,-9.746228E-4,0.06910224,0.08214337,16093987,6,2944,0.018743856,429
6000105000116,42000600003290,6000105000119,6000105000000,42,0.9054624,6000105000117,-1,6000105000115,6000105000116,-1,27,2.065576,1.9795104,2.065576,26974,7.688623,37.4759,44.516365,199133,0,4,4,-58.899773,-72.867004,-164.79298,33.376743,55.588505,0.052929845,0.12615684,0.083795086,16093578,6,3290,0.020432865,416
6000105000117,41000600003695,6000105000119,6000105000000,41,0.98870814,6000105000118,-1,6000105000116,6000105000117,-1,23,1.8934448,1.2909851,1.8934448,26974,7.7605886,37.529743,44.59871,199133,0,4,4,-56.38592,-69.87569,-154.9369,29.674103,50.159256,0.083750695,0.05645575,0.029514797,16093955,6,3695,0.022400351,553
6000105000118,40000600003741,6000105000119,6000105000000,40,1.0778745,6000105000119,-1,6000105000117,6000105000118,-1,23,1.2049193,0.86065674,1.2049193,26974,7.7636533,37.534122,44.700348,199133,0,4,5,-54.886223,-66.489044,-152.21735,28.12546,46.775997,0.08659834,0.05070911,0.0246524,16093957,6,3741,0.025712758,348
6000105000119,39000600004120,6000105000119,6000105000000,39,1.173417,-1,-1,6000105000118,6000105000119,-1,20,0.86065674,0.6885254,0.86065674,26974,7.7902374,37.557545,44.787647,199133,0,4,5,-51.18782,-64.96355,-153.32802,24.859602,40.432392,0.035018686,0.007883121,-0.04226673,16093957,6,4120,0.025981635,843
6000105000120,58000600000421,6000105000122,6000105000000,58,0.11588337,6000105000121,-1,6000105000004,6000105000005,-1,37,0.0,0.0,0.0,26975,7.4668236,36.5529,43.444595,199115,0,4,4,-62.229374,-54.026283,-155.10548,38.052124,69.64103,-0.045113318,0.09661759,0.19006138,16093897,6,421,0.01672319,738
6000105000121,57000600000414,6000105000122,6000105000000,57,0.14438343,6000105000122,-1,6000105000120,6000105000006,-1,29,0.0,0.0,0.0,26975,7.479165,36.563477,43.482876,199115,0,4,4,-35.50311,-31.430122,-143.73491,40.825912,77.121796,-0.11039173,0.10421934,0.098395,16201233,6,414,0.01097332,792
6000105000122,56000600000426,6000105000122,6000105000000,56,0.17489761,-1,-1,6000105000121,6000105000007,-1,28,0.0,0.0,0.0,26975,7.4810686,36.57377,43.517086,199115,0,4,4,0.7413894,-28.04604,-124.89257,32.253143,66.080154,-0.04090068,0.029167548,0.07701639,16093897,6,426,0.0154382475,59
6000105000123,62000600000411,6000105000136,6000105000000,62,0.019932542,6000105000124,-1,6000105000000,6000105000001,-1,24,0.0,0.0,0.0,26975,7.598211,36.29297,43.22756,199115,0,4,4,50.495975,36.36376,-67.17494,24.190489,42.88902,-0.14949045,0.05179873,-0.044566188,16204377,6,411,0.03043199,611
6000105000124,61000600000407,6000105000136,6000105000000,61,0.041403063,6000105000125,-1,6000105000123,6000105000002,-1,24,0.0,0.0,0.0,26975,7.5736527,36.29268,43.25139,199115,0,4,4,61.29172,31.105059,-69.74214,25.067427,45.04542,-0.15119697,0.05883637,-0.069003984,16204377,6,407,0.024766164,283
6000105000125,60000600000347,6000105000136,6000105000000,60,0.064493395,6000105000126,-1,6000105000124,6000105000003,-1,30,0.0,0.0,0.0,26975,7.5654016,36.294113,43.26121,199115,0,4,4,73.13187,26.30689,-70.295586,26.330946,49.621857,-0.19416994,0.10734585,-0.103813305,16204377,6,347,0.030028764,690
6000105000126,59000600002370,6000105000136,6000105000000,59,0.08928783,6000105000127,-1,6000105000125,6000105000126,-1,32,3.18443,2.4098387,2.840167,26975,7.5470624,36.297955,43.27166,199115,0,4,4,84.3696,17.287672,-73.27029,27.278622,47.828182,-0.17069182,0.09789723,-0.17434505,16204353,6,2370,0.027939934,644
6000105000127,58000600002298,6000105000136,6000105000000,58,0.11588337,6000105000128,-1,6000105000126,6000105000127,-1,31,2.840167,2.1516418,2.5819702,26975,7.532437,36.276566,43.278652,199115,0,4,4,88.66251,6.515718,-77.331795,25.679537,46.121357,-0.11841637,0.008028357,-0.08984845,16204416,6,2298,0.02882295,803
6000105000128,57000600002187,6000105000136,6000105000000,57,0.14438343,6000105000129,-1,6000105000127,6000105000128,-1,34,3.0122986,1.8073791,2.4098387,26975,7.477383,36.285378,43.32238,199115,0,4,4,95.348335,1.4477867,-80.156586,26.430956,45.690315,-0.20266107,0.12001784,-0.19066918,16204353,6,2187,0.037508503,555
6000105000129,56000600002480,6000105000136,6000105000000,56,0.17489761,6000105000130,-1,6000105000128,6000105000129,-1,32,2.7541015,1.8073791,2.7541015,26975,7.4575157,36.27384,43.346523,199115,0,4,4,96.149574,-7.4759765,-84.31945,26.486282,45.97472,-0.1723347,0.021207213,-0.18549629,16204416,6,2480,0.031443555,417
6000105000130,55000600000381,6000105000136,6000105000000,55,0.20754863,6000105000131,-1,6000105000129,6000105000008,-1,26,0.0,0.0,0.0,26975,7.4459534,36.304672,43.353527,199115,0,4,4,101.53244,-12.874641,-86.83831,24.195547,44.71763,-0.265035,-0.057583675,-0.13441952,16204416,6,381,0.030041207,615
6000105000131,54000600002523,6000105000136,6000105000000,54,0.24246909,6000105000132,-1,6000105000130,6000105000131,-1,32,2.840167,1.1188537,2.2377074,26975,7.4106183,36.316013,43.384018,199115,0,4,4,101.88216,-23.06294,-93.32383,26.511166,44.560535,-0.3308734,0.06673021,-0.17648573,16204416,6,2523,0.038857106,198
6000105000132,53000600002448,6000105000136,6000105000000,53,0.2798018,6000105000133,-1,6000105000131,6000105000132,-1,33,2.3237731,1.549182,1.8934448,26975,7.368947,36.274414,43.42223,199115,0,4,4,103.015045,-29.802557,-94.426155,25.593752,42.94292,-0.37241814,0.11677628,-0.15823996,16204386,6,2448,0.03489943,256
6000105000133,52000600002634,6000105000136,6000105000000,52,0.31970343,6000105000134,-1,6000105000132,6000105000133,-1,31,0.9467224,0.0,0.774591,26975,7.3602014,36.263355,43.447906,199115,0,4,4,101.64707,-35.83779,-97.254524,25.58136,36.6472,-0.383292,0.035756037,-0.095562026,16203876,6,2634,0.05045541,424
6000105000134,51000600003221,6000105000136,6000105000000,51,0.36234027,6000105000135,-1,6000105000133,6000105000134,-1,24,2.1516418,1.549182,1.8073791,26975,7.3009424,36.334183,43.48908,199115,0,4,4,111.54464,-41.878166,-99.370026,22.619974,42.791237,-0.24501064,-0.0063856784,0.0024505437,16201468,6,3221,0.029487686,160
6000105000135,50000600002803,6000105000136,6000105000000,50,0.40789944,6000105000136,-1,6000105000134,6000105000135,-1,28,1.8073791,1.032788,1.549182,26975,7.26281,36.355534,43.528217,199115,0,4,4,109.82093,-47.93193,-97.173874,21.33204,42.525707,-0.15066032,0.030424306,-0.034482755,16201468,6,2803,0.036241006,893
6000105000136,49000600003007,6000105000136,6000105000000,49,0.45657724,-1,-1,6000105000135,6000105000136,-1,25,1.4631164,0.9467224,1.2909851,26975,7.2139063,36.37026,43.56721,199115,0,4,4,109.18507,-53.58747,-101.81781,20.726597,40.03756,-0.0846572,-0.105208986,-0.060141742,16204377,6,3007,0.033350557,245
