haloID,subHaloID,lastProgenitorId,treeId,snapNum,redshift,firstProgenitorId,nextProgenitorId,descendantId,firstHaloInFOFgroupId,nextHaloInFOFgroupId,np,m_Mean200,m_Crit200,m_TopHat,phKey,x,y,z,zIndex,ix,iy,iz,velX,velY,velZ,velDisp,vMax,spinX,spinY,spinZ,mostBoundID,fileNr,subhaloIndex,halfmassRadius,random
1000030000000,63000100000309,1000030000232,1000030000000,63,0.0,1000030000001,-1,-1,1000030000000,1000030000264,4190,481.27924,290.47165,395.9021,6263,16.651209,33.711533,23.822409,88081,1,3,2,-101.47651,-38.60681,-93.81771,132.48936,219.94774,5.682633,8.112919,2.3212607,3758974,1,309,0.16642399,695
1000030000001,62000100000298,1000030000232,1000030000000,62,0.019932542,1000030000002,-1,1000030000000,1000030000001,1000030000265,4075,459.67676,282.8118,387.03732,6263,16.675003,33.721497,23.849503,88081,1,3,2,-101.436386,-34.56745,-96.99721,130.98116,219.72328,5.4659595,7.0871196,1.896568,3758974,1,298,0.16408817,274
1000030000002,61000100000309,1000030000232,1000030000000,61,0.041403063,1000030000003,-1,1000030000001,1000030000002,1000030000266,3918,444.95953,251.2257,368.36108,6263,16.701084,33.726818,23.874672,88081,1,3,2,-94.41823,-28.573473,-95.9163,130.26973,223.42421,5.640981,6.658049,0.8404292,3758974,1,309,0.16122471,710
1000030000003,60000100000303,1000030000232,1000030000000,60,0.064493395,1000030000004,-1,1000030000002,1000030000003,1000030000267,3407,420.689,224.54533,361.5619,6263,16.721401,33.740437,23.899778,88081,1,3,2,-103.4698,-40.582825,-100.04782,131.3079,221.14473,5.276843,4.7048492,2.326975,3758974,1,303,0.14220697,289
1000030000004,59000100000255,1000030000232,1000030000000,59,0.08928783,1000030000005,-1,1000030000003,1000030000004,1000030000268,3380,401.32422,208.1068,347.61923,6263,16.73785,33.75228,23.925968,88081,1,3,2,-98.330574,-37.82875,-101.09723,127.70868,217.50473,5.614266,5.122322,1.6243378,3758974,1,255,0.14100236,36
1000030000005,58000100000260,1000030000232,1000030000000,58,0.11588337,1000030000006,-1,1000030000004,1000030000005,1000030000269,3106,387.29553,199.50023,327.99628,6263,16.76459,33.76318,23.943491,88081,1,3,2,-88.80252,-35.646545,-96.91847,126.0795,218.72783,4.7650485,4.1328373,1.1717966,3758974,1,260,0.13009268,681
1000030000006,57000100000248,1000030000230,1000030000000,57,0.14438343,1000030000007,1000030000231,1000030000005,1000030000006,1000030000270,3018,369.3078,187.88136,265.94293,6263,16.788242,33.774155,23.973276,88081,1,3,2,-83.70549,-35.602455,-94.84493,126.068535,221.61061,4.033061,4.31046,-0.0027633805,3758974,1,248,0.1270807,47
1000030000007,56000100000312,1000030000230,1000030000000,56,0.17489761,1000030000008,-1,1000030000006,1000030000007,1000030000594,2827,334.9676,179.87726,232.97977,6263,16.805414,33.78794,24.00292,88081,1,3,2,-81.46691,-31.858236,-96.30208,125.05113,219.32932,2.7391257,3.3814645,-0.124834314,3758974,1,312,0.11467675,521
1000030000008,55000100000260,1000030000230,1000030000000,55,0.20754863,1000030000009,-1,1000030000007,1000030000008,1000030000272,2662,260.1765,174.79938,215.76663,6263,16.82386,33.798153,24.024778,88081,1,3,2,-78.97934,-35.241024,-94.069405,124.713844,221.40524,2.0481396,3.0536,-0.35970914,3759329,1,260,0.10811755,718
1000030000009,54000100000324,1000030000203,1000030000000,54,0.24246909,1000030000010,1000030000204,1000030000008,1000030000009,1000030000596,2506,233.32404,170.84036,200.10269,6263,16.843992,33.809788,24.054659,88081,1,3,2,-75.05503,-33.370216,-101.376526,124.30366,216.7438,1.5008861,2.9895294,-0.2476459,3758899,1,324,0.10094762,24
1000030000010,53000100000347,1000030000176,1000030000000,53,0.2798018,1000030000011,1000030000177,1000030000009,1000030000010,1000030000597,2408,217.22975,167.91412,193.64777,6263,16.869635,33.819992,24.082369,88081,1,3,2,-67.98873,-36.488403,-97.1633,123.00908,216.51776,0.9117696,3.127091,-0.5564675,3758899,1,347,0.097031526,613
1000030000011,52000100000405,1000030000176,1000030000000,52,0.31970343,1000030000012,-1,1000030000010,1000030000011,1000030000723,2226,209.82811,160.85674,185.47153,6263,16.890972,33.837402,24.114912,88081,1,3,2,-66.13388,-36.874607,-97.76056,124.02521,218.58249,0.370599,2.9633543,-1.4055641,3761445,1,405,0.08689537,984
1000030000012,51000100000410,1000030000176,1000030000000,51,0.36234027,1000030000013,-1,1000030000011,1000030000012,1000030000245,2147,203.88957,154.83214,182.11496,6263,16.92887,33.84677,24.154852,88081,1,3,2,-63.6023,-37.626514,-99.11059,126.55147,221.24548,0.44654104,3.0188408,-1.4778155,3759329,1,410,0.08569742,848
1000030000013,50000100000408,1000030000176,1000030000000,50,0.40789944,1000030000014,-1,1000030000012,1000030000013,1000030000246,2079,190.72153,150.1846,174.62724,6263,16.95387,33.86599,24.192589,88081,1,3,2,-61.419014,-35.96911,-102.14363,123.88042,215.78807,0.26972312,3.0202863,-1.409598,3759303,1,408,0.086140685,541
1000030000014,49000100000391,1000030000129,1000030000000,49,0.45657724,1000030000015,1000030000130,1000030000013,1000030000014,1000030000154,2079,183.66414,145.02066,173.16412,6263,16.986652,33.877197,24.234327,88081,1,3,2,-57.766335,-30.261814,-115.28949,123.393074,216.2961,2.297967,2.65184,-0.5497668,3756972,1,391,0.089473866,639
1000030000015,48000100000414,1000030000129,1000030000000,48,0.5085914,1000030000016,-1,1000030000014,1000030000015,1000030000131,1916,180.13545,146.74197,169.37724,6263,17.01214,33.89057,24.274687,88081,1,3,2,-56.570602,-34.96125,-109.040344,121.3989,210.98018,-0.061528053,2.7869265,-1.6156305,3757078,1,414,0.08102266,650
1000030000016,47000100000383,1000030000129,1000030000000,47,0.5641766,1000030000017,-1,1000030000015,1000030000016,1000030000248,1877,172.81987,145.27885,164.81577,6263,17.03041,33.9143,24.31347,88081,1,3,2,-51.55827,-34.64708,-107.358444,127.75045,215.1953,-0.03985372,2.9183342,-1.6838896,3761224,1,383,0.07620499,189
1000030000017,46000100000397,1000030000129,1000030000000,46,0.6235901,1000030000018,-1,1000030000016,1000030000017,1000030000133,1684,164.4715,141.06163,156.72559,6263,17.06342,33.92715,24.369545,88081,1,3,2,-43.13828,-35.96257,-108.96707,130.11522,217.10114,0.1682746,2.6213005,-1.719509,3761443,1,397,0.06816078,669
1000030000018,45000100000377,1000030000114,1000030000000,45,0.6871088,1000030000019,1000030000115,1000030000017,1000030000018,1000030000134,1840,155.4346,138.56573,151.21738,6263,17.077812,33.95519,24.431854,88085,1,3,2,-41.320652,-28.025312,-121.00315,131.95232,222.9041,1.640189,2.7328186,-0.8735515,3758999,1,377,0.07038819,964
1000030000019,44000100000408,1000030000098,1000030000000,44,0.75503564,1000030000020,1000030000099,1000030000018,1000030000019,1000030000135,1585,145.36491,129.78703,141.75017,6263,17.088345,33.972,24.489935,88085,1,3,2,-34.506184,-23.228176,-109.74186,126.56662,212.68689,-0.30660275,2.263593,-1.5613964,3758980,1,408,0.06598926,777
1000030000020,43000100000383,1000030000096,1000030000000,43,0.8276991,1000030000021,1000030000097,1000030000019,1000030000020,1000030000158,1411,136.1559,117.39358,132.11081,6263,17.093449,33.983746,24.546762,88085,1,3,2,-26.35115,-19.253967,-108.67058,128.1775,218.69933,-0.37258628,2.0983248,-1.0762082,3758782,1,383,0.05863632,932
1000030000021,42000100000374,1000030000096,1000030000000,42,0.9054624,1000030000022,-1,1000030000020,1000030000021,1000030000159,1418,124.45096,112.5739,122.98785,6263,17.09247,33.977867,24.605528,88085,1,3,2,-27.017702,-16.354887,-106.2352,123.83987,208.53004,-0.08879166,1.994812,-1.209282,3759425,1,374,0.06203942,544
1000030000022,41000100000392,1000030000096,1000030000000,41,0.98870814,1000030000023,-1,1000030000021,1000030000022,1000030000138,1351,118.598495,106.37717,116.36079,6263,17.096413,33.971786,24.648912,88085,1,3,2,-28.294416,-8.908216,-98.67479,122.042595,206.85103,0.030904396,1.6321217,-0.6024793,3758782,1,392,0.05963221,266
1000030000023,40000100000340,1000030000096,1000030000000,40,1.0778745,1000030000024,-1,1000030000022,1000030000023,1000030000161,1366,110.68045,100.95503,109.303406,6263,17.095737,33.97379,24.689264,88085,1,3,2,-31.249277,-10.21363,-97.390495,123.37135,208.68417,0.17644702,2.0749824,-0.8770447,3756996,1,340,0.058793575,851
1000030000024,39000100000364,1000030000096,1000030000000,39,1.173417,1000030000025,-1,1000030000023,1000030000024,1000030000162,1327,109.389465,97.94273,108.78701,6263,17.128658,33.9883,24.715641,88085,1,3,2,-31.384317,-6.3053274,-93.553375,125.58787,213.23921,0.45001954,2.0189192,-1.2377264,3761230,1,364,0.05684077,259
1000030000025,38000100000319,1000030000096,1000030000000,38,1.2758462,1000030000026,-1,1000030000024,1000030000025,1000030000141,1248,108.270615,97.94273,108.270615,6263,17.163656,34.009655,24.769318,88085,1,3,2,-32.284374,-2.283327,-87.24166,125.934326,206.72156,0.5636551,1.5687865,-0.89542156,3756996,1,319,0.055792954,675
1000030000026,37000100000327,1000030000096,1000030000000,37,1.3857181,1000030000027,-1,1000030000025,1000030000026,-1,1331,105.17225,98.45913,105.258316,6263,17.18891,34.04194,24.819017,88085,1,3,2,-36.617878,-1.4302714,-83.45253,123.253075,202.50395,0.05964416,1.7635936,-0.78381777,3759436,1,327,0.060557928,123
1000030000027,36000100000299,1000030000096,1000030000000,36,1.5036365,1000030000028,-1,1000030000026,1000030000027,-1,1288,98.286995,88.7337,99.92224,6263,17.239826,34.057903,24.877317,88085,1,3,2,-39.57196,-3.154122,-86.01643,128.80328,208.40889,0.09375932,1.9355934,-0.640693,3759436,1,299,0.05873137,567
1000030000028,35000100000299,1000030000096,1000030000000,35,1.6302707,1000030000029,-1,1000030000027,1000030000028,-1,1324,100.43864,93.72552,102.24602,6263,17.250105,34.06282,24.90983,88085,1,3,2,-40.48431,-6.8255115,-84.26528,132.78563,213.58134,0.017828608,1.8749605,-0.6454941,3756989,1,299,0.054630585,730
1000030000029,34000100000280,1000030000090,1000030000000,34,1.766336,1000030000030,1000030000091,1000030000028,1000030000029,-1,1246,104.139465,100.43864,104.914055,6263,17.263412,34.040638,24.941984,88085,1,3,2,-46.012314,-7.43358,-76.04722,139.19531,224.68028,-0.67178917,2.3479078,-1.0184355,3756934,1,280,0.04747027,6
1000030000030,33000100000279,1000030000090,1000030000000,33,1.9126327,1000030000031,-1,1000030000029,1000030000030,-1,1136,96.393555,93.467316,97.42634,6263,17.291586,34.0372,24.982492,88085,1,3,2,-45.73179,-3.9618807,-65.49077,142.75142,228.52298,-0.46843246,1.9360429,-1.2288733,3756962,1,279,0.04070138,833
1000030000031,32000100000283,1000030000073,1000030000000,32,2.0700274,1000030000032,1000030000074,1000030000030,1000030000031,1000030000074,976,84.34436,81.07386,86.66813,6263,17.328184,34.049904,25.044895,88085,1,3,2,-38.634827,-3.4379654,-74.06384,138.91505,209.67526,-0.1703752,1.8719529,-1.0678929,3759436,1,283,0.04448287,448
1000030000032,31000100000263,1000030000056,1000030000000,31,2.2394855,1000030000033,1000030000057,1000030000031,1000030000032,1000030000063,799,65.668106,61.27876,71.17631,6263,17.325914,34.063133,25.066334,88085,1,3,2,-35.412632,-20.643728,-56.598198,125.19129,190.83363,-0.722823,1.4062994,-0.71485,3756944,1,263,0.04179872,356
1000030000033,30000100000241,1000030000056,1000030000000,30,2.422044,1000030000034,-1,1000030000032,1000030000033,1000030000064,651,50.778748,48.45497,52.93039,6263,17.355745,34.06324,25.0617,88085,1,3,2,-47.09803,-18.583809,-38.44202,121.04492,191.68057,-0.75717473,1.090124,-0.2760884,3759396,1,241,0.035786383,771
1000030000034,29000100000261,1000030000056,1000030000000,29,2.6188614,1000030000035,-1,1000030000033,1000030000034,1000030000077,548,40.96726,39.59021,43.032837,6263,17.395771,34.089085,25.070444,88085,1,3,2,-55.16302,-25.10032,-43.167313,116.20579,188.86566,-0.2708038,1.1498489,-0.33876893,3759431,1,261,0.028977398,2
1000030000035,28000100000241,1000030000056,1000030000000,28,2.8311827,1000030000036,-1,1000030000034,1000030000035,1000030000078,436,31.930365,31.586102,32.877087,6263,17.436628,34.15435,25.086761,88085,1,3,2,-65.25435,-17.180134,-20.269325,114.054794,176.13986,0.10816447,0.33723986,0.13217042,3756996,1,241,0.027520703,820
1000030000036,27000100000322,1000030000056,1000030000000,27,3.060419,1000030000037,-1,1000030000035,1000030000036,-1,323,29.348394,29.26233,29.692657,6263,17.475655,34.135956,25.073193,88085,1,3,2,-51.87155,-29.015652,-27.164392,129.83699,201.82506,-0.0029513363,0.026310468,0.27870822,3756981,1,322,0.015577358,870
1000030000037,26000100000285,1000030000056,1000030000000,26,3.3080978,1000030000038,-1,1000030000036,1000030000037,-1,291,26.25003,25.733635,26.25003,6263,17.486935,34.137226,25.07217,88085,1,3,2,-48.981388,-30.850304,-23.399931,113.25614,180.6676,0.023386655,-0.053843495,0.31399623,3756984,1,285,0.019538343,759
1000030000038,25000100000223,1000030000056,1000030000000,25,3.575905,1000030000039,-1,1000030000037,1000030000038,-1,300,16.180346,15.2336235,17.557398,6263,17.519634,34.19582,25.101719,88087,1,3,2,-46.076256,-25.297707,-25.998472,87.54174,151.26556,0.052435618,-0.12579632,0.32145244,3756971,1,223,0.026157934,331
1000030000039,24000100000219,1000030000048,1000030000000,24,3.8656828,1000030000040,1000030000049,1000030000038,1000030000039,1000030000050,193,8.606567,8.434436,9.381158,6263,17.567968,34.253586,25.082787,88087,1,3,2,-69.4478,-45.339657,-17.996567,77.70894,127.88559,-0.042497393,-0.22081828,0.112499915,3756983,1,219,0.022465996,441
1000030000040,23000100000243,1000030000047,1000030000000,23,4.1794686,1000030000041,1000030000048,1000030000039,1000030000040,-1,198,6.540991,6.4549255,6.971319,6256,17.623209,34.292454,25.07695,88094,1,3,2,-32.872334,-19.282753,-7.7412004,77.59478,120.11534,0.24461488,-0.24691817,0.22529867,3756986,1,243,0.027896712,92
1000030000041,22000100000536,1000030000047,1000030000000,22,4.5195556,1000030000042,-1,1000030000040,1000030000041,-1,75,5.2500057,5.2500057,5.3360715,6256,17.638285,34.36087,25.03017,88094,1,3,2,-53.80003,-54.612816,0.99135166,70.30133,117.70963,-0.012901315,-0.21348336,-0.12187994,3761414,1,536,0.010932491,892
1000030000042,21000100000682,1000030000047,1000030000000,21,4.888449,1000030000043,-1,1000030000041,1000030000042,-1,52,3.6147583,3.6147583,3.7008238,6256,17.646873,34.425896,25.012665,88094,1,3,2,-36.538345,-63.15703,7.451061,70.15769,105.05597,-0.0919572,-0.035109088,0.044199836,3756981,1,682,0.009551234,687
1000030000043,20000100000795,1000030000047,1000030000000,20,5.2888336,1000030000044,-1,1000030000042,1000030000043,-1,35,3.18443,3.18443,3.18443,6256,17.6574,34.45508,25.023214,88094,1,3,2,-18.727203,-65.27683,8.799007,67.21568,119.304985,-0.0050664977,0.041579537,0.05850549,3756971,1,795,0.0059150057,271
1000030000044,19000100000539,1000030000047,1000030000000,19,5.7238646,1000030000045,-1,1000030000043,1000030000044,-1,40,3.18443,3.18443,3.3565612,6256,17.695942,34.488388,25.015066,88094,1,3,2,-16.719843,-51.994762,4.317758,63.200405,109.22872,-0.016980227,0.073842004,0.07211249,3756971,1,539,0.008594409,497
1000030000045,18000100000392,1000030000047,1000030000000,18,6.1968336,1000030000046,-1,1000030000044,1000030000045,-1,40,2.4098387,2.4098387,2.5819702,6256,17.702065,34.466984,25.04583,88094,1,3,2,-19.479462,-45.968998,-0.27486825,63.513382,104.12666,0.0204864,0.008556357,0.051835243,3756943,1,392,0.0077337963,288
1000030000046,17000100000416,1000030000047,1000030000000,17,6.7115865,1000030000047,-1,1000030000045,1000030000046,-1,29,1.549182,1.549182,1.6352477,6256,17.698559,34.463787,25.047382,88094,1,3,2,-25.75337,-28.866255,-7.095888,60.051216,100.80794,0.07686516,-0.0022066978,0.0675223,3756989,1,416,0.006713335,501
1000030000047,16000100000422,1000030000047,1000030000000,16,7.272188,-1,-1,1000030000046,1000030000047,-1,22,1.1188537,1.1188537,1.2909851,6256,17.70039,34.475502,25.04615,88094,1,3,2,-19.9306,-23.12164,-2.8833525,54.130146,87.930664,0.029132687,-0.05300275,0.029056769,3756983,1,422,0.006414643,511
1000030000048,23000100001854,1000030000048,1000030000000,23,4.1794686,-1,-1,1000030000039,1000030000048,-1,29,2.1516418,2.1516418,2.2377074,6256,17.749533,34.332424,25.250568,88094,1,3,2,-115.590775,-43.074055,-81.9333,48.107502,79.23152,0.12773645,0.09293103,2.2375245E-4,3758786,1,1854,0.010895607,25
1000030000049,24000100002661,1000030000049,1000030000000,24,3.8656828,-1,1000030000050,1000030000038,1000030000049,-1,23,1.4631164,1.4631164,1.4631164,6263,17.504717,34.209118,25.28485,88087,1,3,2,-8.824765,-30.477585,-126.77737,46.915165,74.090454,-0.021843472,-0.064442225,0.08746917,3759351,1,2661,0.009186837,365
1000030000050,24000100000220,1000030000056,1000030000000,24,3.8656828,1000030000051,-1,1000030000038,1000030000039,-1,54,0.0,0.0,0.0,6263,17.460754,33.971973,25.067959,88085,1,3,2,23.693113,53.143,-11.413541,63.689384,109.23888,-0.030702176,0.032660775,-0.0033979127,3761229,1,220,0.0096750045,302
1000030000051,22000100000691,1000030000056,1000030000000,22,4.5195556,1000030000052,-1,1000030000050,1000030000051,-1,61,3.8729553,3.7868896,4.131152,6263,17.44388,33.934666,25.086447,88085,1,3,2,-1.5646532,26.659714,-18.839512,65.99658,107.87366,0.01845066,0.0105177695,0.21677679,3761198,1,691,0.01100542,781
1000030000052,21000100000704,1000030000056,1000030000000,21,4.888449,1000030000053,-1,1000030000051,1000030000052,-1,51,4.3032837,4.3032837,4.3032837,6263,17.416943,33.921703,25.086847,88085,1,3,2,14.788266,13.191552,-22.021338,75.96725,124.75179,0.014567438,-0.030314656,0.006468299,3757173,1,704,0.006256615,288
1000030000053,20000100000550,1000030000056,1000030000000,20,5.2888336,1000030000054,-1,1000030000052,1000030000053,-1,50,4.3032837,4.3032837,4.3032837,6263,17.426422,33.93657,25.114365,88085,1,3,2,9.561534,7.595122,-21.932547,65.12505,114.63986,-0.0062733265,-0.019188002,-0.021325078,3757173,1,550,0.007970853,985
1000030000054,19000100000397,1000030000056,1000030000000,19,5.7238646,1000030000055,-1,1000030000053,1000030000054,-1,50,2.7541015,2.6680357,3.0122986,6263,17.424904,33.9511,25.12895,88085,1,3,2,7.4507356,3.8199992,-18.374266,62.959644,107.16759,0.08569087,-0.06823547,0.077639766,3757178,1,397,0.008920398,407
1000030000055,18000100000837,1000030000056,1000030000000,18,6.1968336,1000030000056,-1,1000030000054,1000030000055,-1,24,1.6352477,1.6352477,1.6352477,6263,17.432709,33.941486,25.126966,88085,1,3,2,5.6608872,-6.585467,-12.831192,49.28299,97.74423,0.009455261,-0.009376693,-0.040990934,3757173,1,837,0.0061055846,525
1000030000056,17000100000633,1000030000056,1000030000000,17,6.7115865,-1,-1,1000030000055,1000030000056,-1,22,1.549182,1.549182,1.6352477,6263,17.429464,33.94681,25.121101,88085,1,3,2,-9.057971,-6.1960306,-10.671548,49.963936,95.55589,0.0011717407,0.035592414,-0.031313103,3758971,1,633,0.005032027,70
1000030000057,31000100002423,1000030000060,1000030000000,31,2.2394855,1000030000058,1000030000061,1000030000031,1000030000057,-1,36,3.0122986,2.9262328,3.098364,6263,17.275326,34.087242,25.383736,88085,1,3,2,100.601685,-45.652924,-260.1942,43.384777,81.42504,-0.062155247,0.060375463,-6.473533E-4,3734615,1,2423,0.012127596,634
1000030000058,30000100002751,1000030000060,1000030000000,30,2.422044,1000030000059,-1,1000030000057,1000030000058,-1,33,2.840167,2.840167,3.0122986,6260,17.208767,34.123734,25.542627,88113,1,3,2,86.84223,-47.17374,-228.5027,46.77134,79.76664,-0.08348864,0.0025113435,0.011307277,3734992,1,2751,0.0108915325,748
1000030000059,29000100002666,1000030000060,1000030000000,29,2.6188614,1000030000060,-1,1000030000058,1000030000059,-1,33,1.7213135,1.7213135,2.065576,6260,17.138308,34.142754,25.688719,88113,1,3,2,81.56264,-42.52382,-212.41669,40.25664,66.82343,-0.1809835,-0.03624196,-0.022388063,3734610,1,2666,0.015883118,343
1000030000060,28000100003146,1000030000060,1000030000000,28,2.8311827,-1,-1,1000030000059,1000030000060,-1,25,1.8073791,1.6352477,1.9795104,6260,17.106329,34.16174,25.801357,88113,1,3,2,75.62356,-28.165598,-203.43576,36.236065,66.13088,-0.12757659,-0.02846482,-0.06955412,3734610,1,3146,0.011002835,476
1000030000061,31000100002249,1000030000062,1000030000000,31,2.2394855,1000030000062,1000030000063,1000030000031,1000030000061,-1,31,2.6680357,2.5819702,2.7541015,6263,17.518658,34.24787,25.330261,88087,1,3,2,-98.09115,-6.662937,-243.18921,41.795876,61.247578,-0.11008485,0.24576639,0.13082057,3759140,1,2249,0.017455306,266
1000030000062,30000100002827,1000030000062,1000030000000,30,2.422044,-1,-1,1000030000061,1000030000062,-1,27,1.032788,0.516394,1.3770508,6260,17.556715,34.224617,25.479568,88115,1,3,2,-68.38697,-0.17331201,-221.97467,39.697113,55.940063,-0.14252591,0.20343058,0.13504656,3735190,1,2827,0.021014728,367
1000030000063,31000100000264,1000030000073,1000030000000,31,2.2394855,1000030000064,-1,1000030000031,1000030000032,1000030000075,67,0.0,0.0,0.0,6263,17.267967,33.86696,24.9503,88085,1,3,2,-73.075455,197.59033,-94.40121,63.423023,102.7071,-0.048808534,-0.16045314,-0.17347625,3758944,1,264,0.014258099,528
1000030000064,30000100000242,1000030000073,1000030000000,30,2.422044,1000030000065,-1,1000030000063,1000030000033,1000030000076,78,0.0,0.0,0.0,6263,17.322405,33.762085,24.994577,88085,1,3,2,-88.328896,143.54778,-128.3474,60.63428,104.17219,-0.1806205,-0.06422965,-0.18155609,3759170,1,242,0.015605014,772
1000030000065,29000100000828,1000030000073,1000030000000,29,2.6188614,1000030000066,-1,1000030000064,1000030000065,-1,94,7.4016476,7.1434507,7.4016476,6263,17.358387,33.685997,25.070093,88085,1,3,2,-93.71195,103.41712,-115.44401,58.150803,101.89619,-0.031975213,-0.15898491,-0.14960141,3758272,1,828,0.017111782,985
1000030000066,28000100001029,1000030000073,1000030000000,28,2.8311827,1000030000067,-1,1000030000065,1000030000066,-1,89,4.3893495,4.3893495,4.5614805,6263,17.414122,33.596905,25.136148,88085,1,3,2,-86.26782,82.98604,-113.23127,53.59561,91.125626,-0.15927039,-0.12229766,-0.28867334,3758920,1,1029,0.02064372,970
1000030000067,27000100000963,1000030000073,1000030000000,27,3.060419,1000030000068,-1,1000030000066,1000030000067,-1,89,3.3565612,3.2704954,3.442627,6263,17.456617,33.529186,25.21503,88085,1,3,2,-92.10144,63.823044,-109.54236,56.41365,98.98955,-0.05500363,-0.046303514,-0.26642528,3758944,1,963,0.026414936,899
1000030000068,26000100001302,1000030000073,1000030000000,26,3.3080978,1000030000069,-1,1000030000067,1000030000068,-1,56,3.18443,3.18443,3.442627,6263,17.526947,33.484943,25.27432,88085,1,3,2,-93.84772,71.67818,-98.66239,59.163113,92.48717,-0.04446761,-0.025836907,-0.053838372,3758944,1,1302,0.013689166,210
1000030000069,25000100001185,1000030000073,1000030000000,25,3.575905,1000030000070,-1,1000030000068,1000030000069,-1,56,3.9590209,3.9590209,4.6475463,6256,17.578203,33.482594,25.327732,88092,1,3,2,-93.12334,62.924213,-92.147484,59.121197,93.70681,0.03552,-0.04182389,-0.10790615,3758014,1,1185,0.0139364675,40
1000030000070,24000100001270,1000030000073,1000030000000,24,3.8656828,1000030000071,-1,1000030000069,1000030000070,-1,46,3.9590209,3.9590209,4.0450864,6256,17.603157,33.47827,25.389507,88092,1,3,2,-83.36848,46.403698,-89.155,64.32966,99.39708,-0.14793715,0.08057403,-0.13918522,3758310,1,1270,0.009488897,256
1000030000071,23000100001597,1000030000073,1000030000000,23,4.1794686,1000030000072,-1,1000030000070,1000030000071,-1,34,2.840167,2.840167,2.840167,6259,17.633461,33.472427,25.452213,88120,1,3,2,-61.683514,38.430206,-103.453186,62.656933,101.61339,-0.024550278,0.11199962,-0.020059388,3758312,1,1597,0.0070251958,939
1000030000072,22000100001577,1000030000073,1000030000000,22,4.5195556,1000030000073,-1,1000030000071,1000030000072,-1,30,2.2377074,2.2377074,2.2377074,6259,17.67716,33.44277,25.528048,88120,1,3,2,-52.441124,29.774275,-93.50491,53.395752,93.38722,-0.010431941,0.06692019,-0.06505186,3758944,1,1577,0.006790707,207
1000030000073,21000100001724,1000030000073,1000030000000,21,4.888449,-1,-1,1000030000072,1000030000073,-1,24,1.1188537,1.1188537,1.1188537,6259,17.693453,33.409775,25.609716,88120,1,3,2,-56.860023,20.271511,-100.24401,39.49294,69.59162,0.004093367,0.11139888,-0.046325777,3758944,1,1724,0.011699378,326
1000030000074,32000100000284,1000030000090,1000030000000,32,2.0700274,1000030000075,-1,1000030000030,1000030000031,-1,44,0.0,0.0,0.0,6263,17.277803,33.99926,24.968178,88085,1,3,2,-173.69968,-102.2117,-3.8529363,70.96523,111.397026,-0.10022466,0.13169043,-0.040149655,3759337,1,284,0.0071162675,826
1000030000075,31000100000265,1000030000090,1000030000000,31,2.2394855,1000030000076,-1,1000030000074,1000030000032,-1,25,0.0,0.0,0.0,6263,17.388287,34.056778,25.015066,88085,1,3,2,-179.6418,-110.6065,-138.92729,68.4706,104.204285,0.0044128667,0.07142848,0.031453304,3759329,1,265,0.005783297,235
1000030000076,30000100000243,1000030000090,1000030000000,30,2.422044,1000030000077,-1,1000030000075,1000030000033,-1,51,0.0,0.0,0.0,6263,17.451492,34.114914,25.119116,88085,1,3,2,-23.351562,-102.12011,-223.99944,58.121727,99.95174,0.07268971,0.036045305,-0.054356147,3759292,1,243,0.010744743,208
1000030000077,29000100000262,1000030000090,1000030000000,29,2.6188614,1000030000078,-1,1000030000076,1000030000034,-1,49,0.0,0.0,0.0,6263,17.442944,34.184887,25.232965,88087,1,3,2,56.525116,-91.636406,-190.73769,64.37346,102.71183,0.016458923,0.020107603,-0.1174501,3759292,1,262,0.010276474,138
1000030000078,28000100000242,1000030000090,1000030000000,28,2.8311827,1000030000079,-1,1000030000077,1000030000035,-1,116,0.0,0.0,0.0,6263,17.407951,34.22737,25.349941,88087,1,3,2,63.31327,-71.609436,-147.85248,73.68156,122.982925,-0.11902159,-0.2239597,0.11926135,3759337,1,242,0.016665071,151
1000030000079,27000100000682,1000030000090,1000030000000,27,3.060419,1000030000080,-1,1000030000078,1000030000079,-1,135,11.5328,11.5328,11.5328,6260,17.37103,34.257565,25.444717,88115,1,3,2,64.461845,-57.286285,-130.7248,78.8743,128.32642,-0.0028746405,-0.13838789,0.023747046,3759335,1,682,0.016576184,857
1000030000080,26000100000669,1000030000090,1000030000000,26,3.3080978,1000030000081,-1,1000030000079,1000030000080,-1,117,10.155749,10.155749,10.413946,6260,17.324678,34.304527,25.506382,88115,1,3,2,56.683876,-51.219746,-119.948746,89.56702,149.99542,0.03256129,-0.10655524,6.347807E-4,3759326,1,669,0.011165522,981
1000030000081,25000100000634,1000030000090,1000030000000,25,3.575905,1000030000082,-1,1000030000080,1000030000081,-1,108,8.004107,7.9180417,8.520501,6260,17.294043,34.362694,25.603443,88115,1,3,2,50.32415,-50.060974,-113.19623,81.022545,131.71815,0.0055807177,-0.0898591,-0.02429367,3759337,1,634,0.012392676,548
1000030000082,24000100000532,1000030000087,1000030000000,24,3.8656828,1000030000083,1000030000088,1000030000081,1000030000082,1000030000088,30,4.8196774,4.733612,4.991809,6260,17.282442,34.315804,25.59525,88115,1,3,2,31.709288,-19.310226,-60.143826,43.20809,84.91635,0.0952778,0.02162004,-0.037887715,3759371,1,532,0.009083115,687
1000030000083,23000100001177,1000030000087,1000030000000,23,4.1794686,1000030000084,-1,1000030000082,1000030000083,-1,45,3.442627,3.442627,3.6147583,6260,17.279911,34.330685,25.605873,88115,1,3,2,43.6109,-23.101318,-63.274895,56.11278,101.19849,0.021543229,-0.01887044,-0.012624423,3759355,1,1177,0.009807767,39
1000030000084,22000100001135,1000030000087,1000030000000,22,4.5195556,1000030000085,-1,1000030000083,1000030000084,-1,40,3.442627,3.442627,3.442627,6260,17.251266,34.356216,25.642359,88115,1,3,2,37.67711,-25.433363,-59.536034,61.146454,100.58317,0.09642209,0.038483463,0.013936787,3759384,1,1135,0.00788568,351
1000030000085,21000100000999,1000030000087,1000030000000,21,4.888449,1000030000086,-1,1000030000084,1000030000085,-1,38,2.840167,2.840167,2.840167,6260,17.261013,34.36658,25.656473,88115,1,3,2,30.274473,-23.513216,-66.524864,56.348457,95.67562,0.060218833,-0.083079755,0.033645317,3759386,1,999,0.01018738,442
1000030000086,20000100001106,1000030000087,1000030000000,20,5.2888336,1000030000087,-1,1000030000085,1000030000086,-1,29,2.1516418,2.1516418,2.1516418,6260,17.217579,34.37311,25.707987,88115,1,3,2,31.713331,-24.885546,-51.125534,52.52092,91.49739,0.09987266,0.020327475,0.010383308,3759386,1,1106,0.007499151,205
1000030000087,19000100000910,1000030000087,1000030000000,19,5.7238646,-1,-1,1000030000086,1000030000087,-1,28,1.6352477,1.6352477,1.8934448,6260,17.211416,34.354088,25.705996,88115,1,3,2,31.247873,-28.151602,-58.48973,47.890114,89.40643,0.09400529,0.028787958,0.009129953,3759365,1,910,0.0074418294,633
1000030000088,24000100000531,1000030000090,1000030000000,24,3.8656828,1000030000089,-1,1000030000081,1000030000082,-1,74,0.0,0.0,0.0,6260,17.242218,34.400723,25.645456,88115,1,3,2,49.917244,-54.026073,-131.78026,66.26043,98.25564,0.03224966,-0.10850833,0.04056166,3759337,1,531,0.015258993,239
1000030000089,23000100001550,1000030000090,1000030000000,23,4.1794686,1000030000090,-1,1000030000088,1000030000089,-1,33,2.5819702,2.4959044,2.5819702,6260,17.247446,34.43823,25.740519,88115,1,3,2,38.78533,-55.42432,-137.8889,56.482872,101.70654,0.2084172,-0.09515867,-0.13237831,3759294,1,1550,0.007772846,924
1000030000090,22000100001337,1000030000090,1000030000000,22,4.5195556,-1,-1,1000030000089,1000030000090,-1,35,1.2049193,1.2049193,1.2909851,6260,17.235554,34.48633,25.834013,88115,1,3,2,38.608936,-45.206112,-128.07237,46.067764,79.56903,0.19425182,-0.08725123,-0.13794148,3759331,1,1337,0.013357884,963
1000030000091,34000100001856,1000030000096,1000030000000,34,1.766336,1000030000092,-1,1000030000028,1000030000091,-1,59,1.1188537,1.032788,1.3770508,6263,17.094471,33.78451,25.255299,88085,1,3,2,48.420853,56.39568,-240.96474,39.95092,60.53593,-0.19192472,-0.44472206,0.2662921,3759217,1,1856,0.036653843,284
1000030000092,33000100003125,1000030000095,1000030000000,33,1.9126327,1000030000093,1000030000096,1000030000091,1000030000092,-1,29,1.4631164,1.4631164,1.4631164,6263,17.027538,33.734734,25.251144,88085,1,3,2,67.1026,38.935604,-189.63205,31.883673,60.75601,-0.003804349,0.056718405,-0.058765307,3735093,1,3125,0.015584673,880
1000030000093,32000100003910,1000030000095,1000030000000,32,2.0700274,1000030000094,-1,1000030000092,1000030000093,-1,23,1.8073791,1.7213135,1.8934448,6263,16.98254,33.69953,25.37611,88085,1,3,2,55.035385,27.976797,-176.34793,37.3124,63.52855,0.011189959,-0.03760725,-0.04941648,3759217,1,3910,0.012792678,739
1000030000094,31000100003849,1000030000095,1000030000000,31,2.2394855,1000030000095,-1,1000030000093,1000030000094,-1,23,1.7213135,1.7213135,1.8073791,6260,16.969782,33.68358,25.45575,88113,1,3,2,44.453754,21.658993,-168.37035,38.26447,61.457333,-0.0024555263,-0.11968081,-0.122237325,3759213,1,3849,0.014115022,979
1000030000095,29000100004010,1000030000095,1000030000000,29,2.6188614,-1,-1,1000030000094,1000030000095,-1,20,1.2049193,1.1188537,1.2909851,6260,16.885252,33.644363,25.66413,88113,1,3,2,30.45055,19.890846,-158.409,34.561836,60.348557,0.076873764,-0.10978863,0.018891511,3759217,1,4010,0.013886245,959
1000030000096,33000100004080,1000030000096,1000030000000,33,1.9126327,-1,-1,1000030000091,1000030000096,-1,21,0.6885254,0.6885254,0.6885254,6260,17.158972,33.753387,25.409386,88113,1,3,2,0.79751426,43.088932,-250.87463,27.436,42.80632,-0.047368925,-0.098680414,0.26786703,3735045,1,4080,0.02368807,369
1000030000097,43000100002683,1000030000098,1000030000000,43,0.8276991,1000030000098,-1,1000030000019,1000030000097,-1,20,2.4098387,1.4631164,2.1516418,6263,17.015364,33.60299,24.505968,88085,1,3,2,-26.836071,134.78026,-15.364102,20.058098,43.192368,0.0764833,-0.10701073,-0.044012092,3759512,1,2683,0.028085522,853
1000030000098,41000100003652,1000030000098,1000030000000,41,0.98870814,-1,-1,1000030000097,1000030000098,-1,20,0.9467224,0.774591,0.774591,6263,17.02513,33.51689,24.504877,88085,1,3,2,-20.552313,85.83649,-20.419441,20.47847,43.126465,-0.06344325,-0.04947422,-0.11110686,3761250,1,3652,0.027094247,688
1000030000099,44000100001203,1000030000114,1000030000000,44,0.75503564,1000030000100,-1,1000030000018,1000030000099,1000030000251,41,4.131152,3.5286925,4.0450864,6263,16.992569,33.60795,24.730114,88085,1,3,2,42.07707,-97.52161,-302.53854,37.24236,89.36442,0.014193445,0.051542576,-0.0058185873,3732080,1,1203,0.016378693,631
1000030000100,43000100002120,1000030000114,1000030000000,43,0.8276991,1000030000101,-1,1000030000099,1000030000100,-1,45,3.7868896,3.5286925,3.7868896,6263,16.965702,33.669518,24.870916,88085,1,3,2,48.249496,-109.861015,-293.1412,46.768623,91.840866,-0.10131296,0.06042202,-0.02139348,3732080,1,2120,0.011331456,194
1000030000101,42000100002231,1000030000114,1000030000000,42,0.9054624,1000030000102,-1,1000030000100,1000030000101,-1,45,4.131152,3.6147583,4.131152,6263,16.940077,33.724186,25.027,88085,1,3,2,49.658302,-125.675415,-287.03323,38.395092,73.97454,0.03456376,0.0632279,0.079702534,3732132,1,2231,0.015790032,610
1000030000102,41000100002097,1000030000114,1000030000000,41,0.98870814,1000030000103,-1,1000030000101,1000030000102,-1,50,4.131152,3.7008238,4.131152,6263,16.908821,33.8004,25.16991,88085,1,3,2,48.07482,-130.86684,-276.5969,38.273464,88.26024,0.031759936,0.01632431,-0.020007726,3732085,1,2097,0.02048502,846
1000030000103,40000100002101,1000030000114,1000030000000,40,1.0778745,1000030000104,-1,1000030000102,1000030000103,-1,49,3.7868896,3.2704954,3.7008238,6263,16.892395,33.881153,25.303703,88085,1,3,2,44.81548,-133.91673,-270.25055,32.56996,63.81608,0.056999493,0.07174849,-0.009622594,3732079,1,2101,0.025060434,841
1000030000104,39000100002190,1000030000114,1000030000000,39,1.173417,1000030000105,-1,1000030000103,1000030000104,-1,50,3.2704954,2.2377074,3.18443,6260,16.85745,33.96559,25.452276,88113,1,3,2,41.119305,-130.25896,-265.40002,34.997368,63.38637,0.07880287,0.09603576,0.028271755,3732085,1,2190,0.030380776,15
1000030000105,38000100002313,1000030000114,1000030000000,38,1.2758462,1000030000106,-1,1000030000104,1000030000105,-1,45,3.8729553,3.6147583,3.8729553,6260,16.839176,34.021145,25.586195,88113,1,3,2,36.84915,-127.74739,-254.66727,39.532887,77.416374,0.11036399,0.015358572,-0.0010251139,3732080,1,2313,0.020914594,463
1000030000106,37000100002382,1000030000114,1000030000000,37,1.3857181,1000030000107,-1,1000030000105,1000030000106,-1,43,3.8729553,3.7008238,3.9590209,6260,16.825552,34.07214,25.728838,88113,1,3,2,36.27069,-126.28321,-252.3871,47.46065,82.511246,0.11517797,0.048137918,-0.044895038,3734716,1,2382,0.013571583,52
1000030000107,36000100002213,1000030000114,1000030000000,36,1.5036365,1000030000108,-1,1000030000106,1000030000107,-1,47,3.3565612,3.18443,3.3565612,6260,16.783817,34.118855,25.878532,88113,1,3,2,36.84845,-121.42911,-247.57823,43.417175,71.28869,0.0736662,0.038891524,-0.123162,3732025,1,2213,0.019997811,372
1000030000108,35000100002217,1000030000114,1000030000000,35,1.6302707,1000030000109,-1,1000030000107,1000030000108,-1,48,3.7008238,3.5286925,3.7008238,6260,16.768656,34.21142,26.007345,88115,1,3,2,35.59612,-110.74045,-237.0077,35.948742,71.329735,0.02971962,0.075386405,0.007981985,3732132,1,2217,0.022890382,939
1000030000109,34000100002558,1000030000114,1000030000000,34,1.766336,1000030000110,-1,1000030000108,1000030000109,-1,40,3.0122986,2.4098387,3.0122986,6260,16.739096,34.257866,26.17022,88115,1,3,2,32.062428,-109.12459,-234.66034,34.434128,66.35406,0.049825784,0.17476697,0.03227315,3732132,1,2558,0.019440552,292
1000030000110,33000100002668,1000030000114,1000030000000,33,1.9126327,1000030000111,-1,1000030000109,1000030000110,-1,36,3.0122986,3.0122986,3.3565612,6260,16.730808,34.328514,26.27187,88115,1,3,2,34.80825,-107.25324,-230.727,34.712746,66.87709,0.05992758,0.08650298,0.0072256946,3732132,1,2668,0.017880943,819
1000030000111,32000100002416,1000030000114,1000030000000,32,2.0700274,1000030000112,-1,1000030000110,1000030000111,-1,41,3.6147583,3.5286925,3.6147583,6260,16.753521,34.394073,26.40317,88119,1,3,2,30.214693,-99.02735,-227.76875,44.283493,75.1909,0.13237953,0.09416204,0.058828425,3732084,1,2416,0.019327754,612
1000030000112,31000100002369,1000030000114,1000030000000,31,2.2394855,1000030000113,-1,1000030000111,1000030000112,-1,41,3.442627,3.442627,3.5286925,6260,16.69381,34.460392,26.544031,88119,1,3,2,31.090576,-98.72232,-224.89175,52.06017,87.762596,0.10260097,0.087989785,0.07022744,3732081,1,2369,0.011036031,816
1000030000113,30000100002273,1000030000114,1000030000000,30,2.422044,1000030000114,-1,1000030000112,1000030000113,-1,41,3.3565612,3.3565612,3.3565612,6260,16.69268,34.501205,26.660368,88119,1,3,2,33.620045,-92.6722,-220.08002,51.252293,86.98639,0.09757892,0.02231697,0.015826013,3732081,1,2273,0.01102053,943
1000030000114,29000100002190,1000030000114,1000030000000,29,2.6188614,-1,-1,1000030000113,1000030000114,-1,41,1.6352477,1.6352477,1.7213135,6260,16.712917,34.56855,26.754377,88119,1,3,2,33.472572,-88.54911,-216.16443,43.383698,64.245766,0.1382334,-0.007748004,-0.0017572972,3732076,1,2190,0.020282853,167
1000030000115,45000100000379,1000030000129,1000030000000,45,0.6871088,1000030000116,-1,1000030000017,1000030000018,1000030000250,26,0.0,0.0,0.0,6263,16.975933,34.143066,24.394228,88081,1,3,2,52.08679,-228.33731,9.642998,33.93423,63.92141,0.13326189,-0.058804113,0.13959195,3763657,1,379,0.015994105,932
1000030000116,44000100002827,1000030000129,1000030000000,44,0.75503564,1000030000117,-1,1000030000115,1000030000116,-1,29,2.840167,2.4098387,2.6680357,6263,16.951647,34.236923,24.396397,88083,1,3,2,21.594038,-180.81389,1.4748526,32.48077,60.670757,-0.0262847,-0.11409677,0.07694997,3756914,1,2827,0.01594077,874
1000030000117,43000100002808,1000030000129,1000030000000,43,0.8276991,1000030000118,-1,1000030000116,1000030000117,-1,30,2.840167,2.1516418,2.840167,6263,16.961119,34.32964,24.38458,88083,1,3,2,3.0793192,-150.65385,-2.552953,28.38036,57.054985,-0.0063940855,-0.18609543,0.016190896,3763643,1,2808,0.021633271,917
1000030000118,42000100002511,1000030000129,1000030000000,42,0.9054624,1000030000119,-1,1000030000117,1000030000118,-1,31,2.9262328,2.4959044,2.9262328,6263,16.950102,34.397137,24.40587,88083,1,3,2,-12.290096,-131.82875,-10.056273,25.496567,52.523113,-0.06914538,-0.1849396,-0.015730837,3763643,1,2511,0.0224394,903
1000030000119,41000100002573,1000030000129,1000030000000,41,0.98870814,1000030000120,-1,1000030000118,1000030000119,-1,31,2.2377074,1.549182,2.2377074,6263,16.95408,34.448196,24.429564,88087,1,3,2,-25.48437,-116.78071,-14.827437,23.918509,50.27181,-0.07279168,-0.21410206,-0.06415107,3756910,1,2573,0.027706,375
1000030000120,40000100002810,1000030000129,1000030000000,40,1.0778745,1000030000121,-1,1000030000119,1000030000120,-1,28,1.8934448,1.2049193,1.8934448,6263,16.982935,34.531456,24.41738,88087,1,3,2,-34.72525,-104.22625,-17.411077,26.354136,53.47971,-0.08086671,-0.20877026,-0.14520416,3763655,1,2810,0.027606403,882
1000030000121,38000100003339,1000030000129,1000030000000,38,1.2758462,1000030000122,-1,1000030000120,1000030000121,-1,29,1.549182,1.4631164,1.549182,6263,17.03502,34.62856,24.441605,88087,1,3,2,-55.746944,-80.29318,-14.341423,25.29447,53.191105,-0.0882692,-0.15735988,-0.101542264,3763655,1,3339,0.020058122,970
1000030000122,37000100003394,1000030000129,1000030000000,37,1.3857181,1000030000123,-1,1000030000121,1000030000122,-1,28,1.8934448,1.7213135,1.8934448,6263,17.054335,34.681007,24.445723,88087,1,3,2,-63.062874,-72.956764,-12.164319,26.644825,53.987007,-0.04291733,-0.16942923,-0.07593659,3763655,1,3394,0.023310136,930
1000030000123,36000100003411,1000030000129,1000030000000,36,1.5036365,1000030000124,-1,1000030000122,1000030000123,-1,28,1.549182,1.549182,1.6352477,6263,17.107464,34.68397,24.452066,88087,1,3,2,-70.30543,-66.17415,-6.99789,28.148247,55.680508,-0.019327167,-0.14778626,-0.06158104,3763643,1,3411,0.019368472,533
1000030000124,35000100002994,1000030000129,1000030000000,35,1.6302707,1000030000125,-1,1000030000123,1000030000124,-1,29,1.2909851,1.2049193,1.2909851,6263,17.171526,34.703316,24.465483,88087,1,3,2,-75.5304,-59.183163,0.22823086,30.510801,55.729507,-0.0066129398,-0.17251448,-0.043254238,3756919,1,2994,0.022799684,673
1000030000125,34000100002769,1000030000129,1000030000000,34,1.766336,1000030000126,-1,1000030000124,1000030000125,-1,28,2.1516418,1.9795104,2.1516418,6263,17.199635,34.76891,24.456818,88087,1,3,2,-79.9036,-53.85499,10.659342,31.401918,57.942005,0.027382901,-0.16270004,-0.07436251,3761457,1,2769,0.01872614,410
1000030000126,33000100002186,1000030000129,1000030000000,33,1.9126327,1000030000127,-1,1000030000125,1000030000126,-1,34,2.5819702,2.4959044,2.5819702,6263,17.221464,34.81049,24.440084,88087,1,3,2,-78.48654,-43.992683,11.326412,35.379143,66.083405,-0.078784086,-0.1529252,-0.03131817,3763643,1,2186,0.018573988,409
1000030000127,32000100002755,1000030000129,1000030000000,32,2.0700274,1000030000128,-1,1000030000126,1000030000127,-1,28,2.1516418,2.1516418,2.1516418,6263,17.244646,34.83665,24.438898,88087,1,3,2,-71.49453,-42.60189,15.899272,35.20305,62.01847,0.048420552,-0.2167425,-0.016536282,3763643,1,2755,0.01794912,817
1000030000128,31000100003068,1000030000129,1000030000000,31,2.2394855,1000030000129,-1,1000030000127,1000030000128,-1,29,1.8934448,1.549182,1.8934448,6263,17.289553,34.869118,24.421532,88087,1,3,2,-63.524982,-26.55991,16.027557,38.848087,59.906918,-0.10061806,-0.17329179,-0.029961316,3763649,1,3068,0.016046349,190
1000030000129,30000100003082,1000030000129,1000030000000,30,2.422044,-1,-1,1000030000128,1000030000129,-1,29,1.3770508,1.3770508,1.3770508,6263,17.327621,34.884262,24.406088,88083,1,3,2,-59.91182,-26.134644,15.304159,37.042713,61.451336,-0.09547673,-0.1681121,-0.030116268,3763643,1,3082,0.016521472,742
1000030000130,49000100000393,1000030000153,1000030000000,49,0.45657724,1000030000131,1000030000154,1000030000013,1000030000014,-1,26,0.0,0.0,0.0,6263,16.809578,33.874165,24.25013,88081,1,3,2,44.125397,48.46459,86.475,34.838192,63.1538,-0.1584782,0.006021537,-0.14836013,3731611,1,393,0.016941328,170
1000030000131,48000100000415,1000030000153,1000030000000,48,0.5085914,1000030000132,-1,1000030000130,1000030000015,-1,37,0.0,0.0,0.0,6263,16.804155,33.848454,24.224466,88081,1,3,2,-23.949345,29.252867,80.11822,32.5786,64.58356,-0.11774355,0.06353636,-0.22567663,3734630,1,415,0.019405369,28
1000030000132,47000100000385,1000030000153,1000030000000,47,0.5641766,1000030000133,-1,1000030000131,1000030000016,1000030000155,32,0.0,0.0,0.0,6263,16.82676,33.855606,24.173391,88081,1,3,2,-80.21889,16.45791,58.14585,33.2865,58.04175,-0.053584665,0.031127982,-0.08958127,3734632,1,385,0.020172324,694
1000030000133,46000100000398,1000030000153,1000030000000,46,0.6235901,1000030000134,-1,1000030000132,1000030000017,1000030000156,52,0.0,0.0,0.0,6263,16.872236,33.843372,24.173866,88081,1,3,2,-123.41806,0.54149693,15.826108,33.876266,65.652695,0.03170151,-0.10927041,-0.052006226,3732034,1,398,0.027666615,877
1000030000134,45000100000378,1000030000153,1000030000000,45,0.6871088,1000030000135,-1,1000030000133,1000030000018,1000030000115,48,0.0,0.0,0.0,6263,16.931936,33.836277,24.17695,88081,1,3,2,-149.50279,-12.723572,-21.92367,34.046677,63.881325,0.055377208,-0.08445851,-0.08286526,3734682,1,378,0.023839658,287
1000030000135,44000100000409,1000030000153,1000030000000,44,0.75503564,1000030000136,-1,1000030000134,1000030000019,1000030000157,53,0.0,0.0,0.0,6263,16.989964,33.832718,24.167942,88081,1,3,2,-178.74463,-31.79152,-62.550346,37.656837,67.26172,-0.08793474,0.022472672,-0.29851446,3734682,1,409,0.024568735,235
1000030000136,43000100000385,1000030000153,1000030000000,43,0.8276991,1000030000137,-1,1000030000135,1000030000020,-1,50,0.0,0.0,0.0,6263,17.09503,33.86962,24.234009,88081,1,3,2,-188.32872,-51.81348,-111.08378,38.879845,71.62497,-0.05454125,-0.07891154,-0.21279776,3734631,1,385,0.0216603,983
1000030000137,42000100000376,1000030000153,1000030000000,42,0.9054624,1000030000138,-1,1000030000136,1000030000021,-1,46,0.0,0.0,0.0,6263,17.1951,33.888733,24.296001,88081,1,3,2,-189.53792,-75.59546,-161.85306,38.967457,73.24374,0.0059192367,0.021770814,-0.1543834,3734682,1,376,0.019656383,665
1000030000138,41000100000393,1000030000153,1000030000000,41,0.98870814,1000030000139,-1,1000030000137,1000030000022,-1,56,0.0,0.0,0.0,6263,17.271671,33.940536,24.398611,88081,1,3,2,-166.47363,-101.72083,-215.11472,43.596077,75.80408,-0.11008015,-0.01639851,-0.22181028,3734982,1,393,0.019864067,854
1000030000139,40000100000342,1000030000153,1000030000000,40,1.0778745,1000030000140,-1,1000030000138,1000030000023,-1,47,0.0,0.0,0.0,6263,17.34738,34.005276,24.515322,88085,1,3,2,-127.6042,-125.44527,-267.97742,42.372993,75.30236,-7.028915E-4,0.11093997,-0.1629316,3731557,1,342,0.02027345,705
1000030000140,39000100000366,1000030000153,1000030000000,39,1.173417,1000030000141,-1,1000030000139,1000030000024,-1,50,0.0,0.0,0.0,6263,17.423439,34.08136,24.69213,88085,1,3,2,-64.73272,-144.10548,-307.66165,47.00235,78.8214,-0.020638067,0.13385074,-0.09086979,3734601,1,366,0.01724954,205
1000030000141,38000100000320,1000030000153,1000030000000,38,1.2758462,1000030000142,-1,1000030000140,1000030000025,-1,67,0.0,0.0,0.0,6263,17.422838,34.1626,24.877562,88085,1,3,2,4.9828343,-133.53519,-340.45343,51.97981,86.99682,0.04667351,0.09128056,-0.026818687,3734982,1,320,0.017372368,971
1000030000142,37000100001266,1000030000153,1000030000000,37,1.3857181,1000030000143,-1,1000030000141,1000030000142,-1,88,9.209027,8.348371,9.209027,6263,17.405802,34.216022,25.051455,88087,1,3,2,49.0619,-113.80456,-318.88403,51.242188,90.68632,-0.09799993,-0.1179756,0.017618503,3734630,1,1266,0.02057995,231
1000030000143,36000100001325,1000030000153,1000030000000,36,1.5036365,1000030000144,-1,1000030000142,1000030000143,-1,89,7.659845,7.057385,7.659845,6263,17.35043,34.294815,25.230188,88087,1,3,2,68.81626,-99.02103,-296.63544,51.54645,84.410774,-0.030236144,-0.15199783,0.13234162,3731986,1,1325,0.02614992,434
1000030000144,35000100001436,1000030000153,1000030000000,35,1.6302707,1000030000145,-1,1000030000143,1000030000144,-1,86,6.540991,5.9385314,6.540991,6263,17.325964,34.333416,25.372559,88087,1,3,2,69.88037,-91.53889,-271.44458,53.36445,87.32419,-0.09855729,-0.08060904,0.07381753,3731557,1,1436,0.02273584,271
1000030000145,34000100001445,1000030000153,1000030000000,34,1.766336,1000030000146,-1,1000030000144,1000030000145,-1,83,5.8524656,5.508203,6.1106625,6260,17.303345,34.37523,25.50275,88115,1,3,2,71.261345,-89.03784,-256.27917,50.85062,86.027885,-0.0336386,-0.05384358,0.04398324,3734625,1,1445,0.022199428,950
1000030000146,33000100001697,1000030000153,1000030000000,33,1.9126327,1000030000147,-1,1000030000145,1000030000146,-1,61,4.905743,4.905743,4.991809,6260,17.276596,34.430344,25.639492,88115,1,3,2,70.326004,-73.38576,-232.81505,48.659927,79.79658,-0.13967423,0.12807389,0.01895938,3734625,1,1697,0.01858889,440
1000030000147,32000100001762,1000030000153,1000030000000,32,2.0700274,1000030000148,-1,1000030000146,1000030000147,-1,60,4.131152,3.9590209,4.131152,6260,17.244526,34.473465,25.779087,88115,1,3,2,63.485466,-73.98467,-224.16397,47.728786,79.907684,-0.15669325,0.14632992,0.107989855,3732034,1,1762,0.019369822,749
1000030000148,31000100001869,1000030000153,1000030000000,31,2.2394855,1000030000149,-1,1000030000147,1000030000148,-1,55,2.9262328,2.7541015,3.18443,6260,17.187979,34.518047,25.912226,88115,1,3,2,60.880898,-71.946594,-213.64511,41.912395,80.14009,-0.031798325,0.09952887,-0.103503734,3732034,1,1869,0.017050838,38
1000030000149,30000100002059,1000030000153,1000030000000,30,2.422044,1000030000150,-1,1000030000148,1000030000149,-1,46,2.9262328,2.9262328,3.0122986,6260,17.134628,34.563946,26.039192,88115,1,3,2,69.38277,-62.90154,-212.26277,42.253902,74.9013,-0.0046283593,0.04889851,-0.0927489,3732034,1,2059,0.01695007,90
1000030000150,29000100002271,1000030000153,1000030000000,29,2.6188614,1000030000151,-1,1000030000149,1000030000150,-1,39,2.5819702,2.3237731,2.9262328,6260,17.098383,34.57615,26.148603,88115,1,3,2,69.18287,-62.788857,-211.61357,45.909004,74.98679,0.10276868,-0.018027743,-0.11678207,3734601,1,2271,0.014753153,534
1000030000151,28000100002338,1000030000153,1000030000000,28,2.8311827,1000030000152,-1,1000030000150,1000030000151,-1,35,2.4098387,2.4098387,2.9262328,6260,17.053238,34.60843,26.27267,88115,1,3,2,63.989986,-63.007557,-200.96306,43.193394,74.9686,-0.041762162,-0.018150603,-0.11948143,3734625,1,2338,0.013219252,432
1000030000152,27000100002860,1000030000153,1000030000000,27,3.060419,1000030000153,-1,1000030000151,1000030000152,-1,27,1.9795104,1.9795104,1.9795104,6260,17.026182,34.63579,26.394264,88119,1,3,2,61.46169,-47.964367,-189.21176,49.756165,84.32997,0.0061628227,0.008054657,-0.12785374,3734625,1,2860,0.007476108,866
1000030000153,26000100002894,1000030000153,1000030000000,26,3.3080978,-1,-1,1000030000152,1000030000153,-1,25,1.2909851,1.2909851,1.3770508,6260,16.999872,34.64621,26.496416,88119,1,3,2,56.21628,-49.21144,-175.80971,41.7053,68.67465,-0.0076019964,0.034093738,-0.079723485,3734625,1,2894,0.010202822,83
1000030000154,49000100000392,1000030000176,1000030000000,49,0.45657724,1000030000155,-1,1000030000013,1000030000014,1000030000130,29,0.0,0.0,0.0,6263,16.837332,33.96729,24.318394,88081,1,3,2,31.717104,-49.22413,-148.22397,32.226616,65.68556,0.062860794,0.076328225,-0.0928736,3762696,1,392,0.013790783,869
1000030000155,47000100000386,1000030000176,1000030000000,47,0.5641766,1000030000156,-1,1000030000154,1000030000016,-1,28,0.0,0.0,0.0,6263,16.857294,33.962006,24.41214,88081,1,3,2,-79.893776,36.656124,-67.91478,34.279613,67.71436,-0.003885548,-0.13864087,-0.037055697,3762696,1,386,0.015271962,588
1000030000156,46000100000399,1000030000176,1000030000000,46,0.6235901,1000030000157,-1,1000030000155,1000030000017,-1,37,0.0,0.0,0.0,6263,16.90352,33.940807,24.423546,88085,1,3,2,-166.54825,75.80253,1.2553031,53.201553,90.5055,-0.029952511,-0.11178498,0.014266227,3762696,1,399,0.009343126,430
1000030000157,44000100000410,1000030000176,1000030000000,44,0.75503564,1000030000158,-1,1000030000156,1000030000019,-1,35,0.0,0.0,0.0,6263,17.208147,33.946632,24.444191,88085,1,3,2,-326.70074,-110.59897,-118.9768,54.322914,89.07113,-0.008068053,-0.070155025,0.02719786,3762724,1,410,0.009475244,733
1000030000158,43000100000384,1000030000176,1000030000000,43,0.8276991,1000030000159,-1,1000030000157,1000030000020,1000030000136,79,0.0,0.0,0.0,6263,17.3422,33.99612,24.508947,88085,1,3,2,-237.86407,-125.87694,-141.79004,50.125034,90.58466,-0.004519713,0.29207397,0.06799982,3762724,1,384,0.019596552,135
1000030000159,42000100000375,1000030000176,1000030000000,42,0.9054624,1000030000160,-1,1000030000158,1000030000021,1000030000137,106,0.0,0.0,0.0,6263,17.44856,34.06322,24.583197,88085,1,3,2,-187.40614,-124.78227,-146.9794,52.540077,94.478485,0.25364557,0.56011814,0.10350585,3762724,1,375,0.02392402,805
1000030000160,41000100001277,1000030000176,1000030000000,41,0.98870814,1000030000161,-1,1000030000159,1000030000160,-1,108,10.069683,9.553289,9.8975525,6263,17.538841,34.132465,24.655153,88085,1,3,2,-150.02673,-127.59026,-148.04515,55.44024,94.49052,0.32789266,0.557199,0.12272875,3762697,1,1277,0.02288234,458
1000030000161,40000100000341,1000030000176,1000030000000,40,1.0778745,1000030000162,-1,1000030000160,1000030000023,1000030000139,102,0.0,0.0,0.0,6256,17.6046,34.195244,24.705719,88094,1,3,2,-120.52073,-121.43851,-140.3857,51.60129,94.30316,0.100060076,0.24482904,0.2614164,3762733,1,341,0.023065586,876
1000030000162,39000100000365,1000030000176,1000030000000,39,1.173417,1000030000163,-1,1000030000161,1000030000024,1000030000140,90,0.0,0.0,0.0,6256,17.648092,34.243855,24.77192,88094,1,3,2,-90.49484,-118.79065,-137.21446,45.450623,84.30547,-0.11671779,0.17627788,0.10027638,3762724,1,365,0.026981018,340
1000030000163,38000100001315,1000030000176,1000030000000,38,1.2758462,1000030000164,-1,1000030000162,1000030000163,-1,92,8.090173,6.36886,8.090173,6256,17.703175,34.31988,24.845959,88094,1,3,2,-58.80725,-115.131966,-138.65796,44.270844,85.845,0.038903035,0.09356999,0.12598972,3731623,1,1315,0.025031708,309
1000030000164,37000100001367,1000030000176,1000030000000,37,1.3857181,1000030000165,-1,1000030000163,1000030000164,-1,86,7.659845,6.4549255,7.659845,6256,17.73105,34.394638,24.920444,88094,1,3,2,-34.368557,-117.317,-139.79103,45.785767,85.88282,0.022518398,0.03562196,0.17724073,3762696,1,1367,0.02372338,562
1000030000165,36000100001182,1000030000176,1000030000000,36,1.5036365,1000030000166,-1,1000030000164,1000030000165,-1,101,8.004107,6.36886,8.004107,6256,17.752037,34.446007,24.99685,88094,1,3,2,-12.798557,-115.40961,-150.69514,45.512558,84.020325,0.088740595,0.27383938,0.24282715,3762696,1,1182,0.027718995,977
1000030000166,35000100001145,1000030000176,1000030000000,35,1.6302707,1000030000167,-1,1000030000165,1000030000166,-1,119,7.659845,7.2295165,7.9180417,6256,17.725119,34.512703,25.096395,88094,1,3,2,9.435623,-117.73912,-153.29329,54.77794,93.00393,0.5289333,0.15122603,0.1896541,3762323,1,1145,0.029352257,799
1000030000167,34000100001123,1000030000176,1000030000000,34,1.766336,1000030000168,-1,1000030000166,1000030000167,-1,113,10.241815,9.122961,10.241815,6256,17.716717,34.567047,25.204231,88094,1,3,2,28.184153,-115.45718,-157.38646,64.10484,99.6079,0.11242038,0.27552053,0.14935234,3762696,1,1123,0.023355966,346
1000030000168,33000100001026,1000030000176,1000030000000,33,1.9126327,1000030000169,-1,1000030000167,1000030000168,-1,115,9.639355,8.606567,9.725421,6256,17.694725,34.637688,25.32567,88094,1,3,2,46.60608,-111.01571,-159.48866,64.971016,98.11533,0.021344168,0.2819153,0.18567105,3731622,1,1026,0.024187407,354
1000030000169,32000100001111,1000030000176,1000030000000,32,2.0700274,1000030000170,-1,1000030000168,1000030000169,-1,99,6.799188,6.282794,6.885254,6259,17.702497,34.69975,25.42823,88122,1,3,2,58.89363,-98.15264,-173.4189,58.286125,99.31515,0.056518387,0.058036756,0.20525917,3762734,1,1111,0.01890123,508
1000030000170,31000100001659,1000030000176,1000030000000,31,2.2394855,1000030000171,-1,1000030000169,1000030000170,-1,63,4.8196774,4.3893495,5.0778747,6259,17.66858,34.781296,25.530079,88122,1,3,2,54.381096,-94.021935,-177.13885,55.545307,91.213104,-0.052226778,0.22600675,0.114803284,3762696,1,1659,0.014254998,45
1000030000171,30000100001740,1000030000176,1000030000000,30,2.422044,1000030000172,-1,1000030000170,1000030000171,-1,56,3.8729553,3.7868896,4.0450864,6259,17.652554,34.830616,25.6247,88122,1,3,2,54.09809,-83.157234,-172.04323,48.205437,83.44588,-0.16327436,0.17010835,0.03063094,3731623,1,1740,0.017559469,609
1000030000172,29000100002453,1000030000176,1000030000000,29,2.6188614,1000030000173,-1,1000030000171,1000030000172,-1,36,2.4959044,2.4098387,2.4959044,6259,17.641731,34.89508,25.705463,88122,1,3,2,40.381454,-87.94228,-181.84074,40.66297,76.48037,-0.00621195,0.037807968,0.021841487,3762735,1,2453,0.013618681,624
1000030000173,28000100002224,1000030000176,1000030000000,28,2.8311827,1000030000174,-1,1000030000172,1000030000173,-1,38,1.2909851,1.2909851,1.3770508,6260,17.57262,34.94328,25.829363,88115,1,3,2,44.22899,-80.3757,-164.53642,42.834106,68.40488,-0.03125182,-0.052104846,-0.06941571,3762734,1,2224,0.021580668,958
1000030000174,27000100002257,1000030000176,1000030000000,27,3.060419,1000030000175,-1,1000030000173,1000030000174,-1,33,1.3770508,1.3770508,1.3770508,6259,17.629688,35.02638,25.885487,88122,1,3,2,49.894115,-76.357635,-164.73833,39.299835,64.63584,-0.011057131,0.016996238,-0.16565055,3762696,1,2257,0.016638001,958
1000030000175,25000100002115,1000030000176,1000030000000,25,3.575905,1000030000176,-1,1000030000174,1000030000175,-1,30,0.86065674,0.86065674,0.86065674,6260,17.484713,35.031612,26.07249,88115,1,3,2,48.1051,-58.769268,-149.30748,38.451733,60.360214,-0.07692198,0.04088327,-0.16921729,3762733,1,2115,0.024558088,160
1000030000176,23000100002538,1000030000176,1000030000000,23,4.1794686,-1,-1,1000030000175,1000030000176,-1,21,1.2909851,1.2909851,1.2909851,6265,17.498497,35.16712,26.258286,88225,1,3,2,49.492123,-56.98938,-151.80975,38.63503,68.11097,0.00399719,-0.12529096,-0.14304014,3731586,1,2538,0.010085523,817
1000030000177,53000100000355,1000030000203,1000030000000,53,0.2798018,1000030000178,-1,1000030000009,1000030000010,-1,20,0.0,0.0,0.0,6263,17.055405,34.20391,23.97149,88083,1,3,2,-134.8984,-178.56183,-140.59648,32.086617,63.85441,-0.038214564,-0.18567596,-0.03302972,3758635,1,355,0.011033021,774
1000030000178,52000100000408,1000030000203,1000030000000,52,0.31970343,1000030000179,-1,1000030000177,1000030000011,1000030000206,31,0.0,0.0,0.0,6263,17.097862,34.266617,24.027529,88083,1,3,2,-133.71046,-155.5396,-162.57527,28.54899,59.881508,-0.11975337,-0.06895225,-0.05207277,3754939,1,408,0.016515983,486
1000030000179,51000100002388,1000030000203,1000030000000,51,0.36234027,1000030000180,-1,1000030000178,1000030000179,-1,33,3.2704954,2.4959044,2.840167,6263,17.147179,34.31401,24.093292,88083,1,3,2,-124.8133,-139.67172,-185.99284,28.603619,63.745277,-0.22186357,-0.17876746,-0.11181283,3758630,1,2388,0.018945623,443
1000030000180,50000100002628,1000030000203,1000030000000,50,0.40789944,1000030000181,-1,1000030000179,1000030000180,-1,31,2.5819702,2.4959044,2.5819702,6263,17.202297,34.370964,24.173258,88083,1,3,2,-117.11737,-124.93841,-199.83813,27.270597,58.643234,-0.22770569,-0.20605192,-0.0725422,3754934,1,2628,0.01812326,151
1000030000181,49000100002814,1000030000203,1000030000000,49,0.45657724,1000030000182,-1,1000030000180,1000030000181,-1,29,2.6680357,2.3237731,2.6680357,6263,17.251543,34.413097,24.25812,88083,1,3,2,-109.4049,-110.33271,-206.66858,30.089306,58.905582,-0.050691586,-0.070965126,-0.02664533,3754934,1,2814,0.018434664,686
1000030000182,48000100002606,1000030000203,1000030000000,48,0.5085914,1000030000183,-1,1000030000181,1000030000182,-1,32,2.7541015,2.5819702,2.7541015,6263,17.291777,34.459206,24.334908,88083,1,3,2,-100.16712,-99.678635,-214.00165,30.548956,62.52486,0.008225986,-0.11705041,0.0025498187,3758635,1,2606,0.019272532,400
1000030000183,47000100002905,1000030000203,1000030000000,47,0.5641766,1000030000184,-1,1000030000182,1000030000183,-1,29,2.840167,2.4959044,2.840167,6263,17.33096,34.509182,24.426794,88087,1,3,2,-91.81847,-88.945755,-218.31735,30.779263,61.748116,-0.05055389,-0.068128854,-0.019234,3754934,1,2905,0.016608568,547
1000030000184,46000100003016,1000030000203,1000030000000,46,0.6235901,1000030000185,-1,1000030000183,1000030000184,-1,28,2.840167,2.3237731,2.6680357,6263,17.362583,34.541294,24.529228,88087,1,3,2,-80.77408,-78.83178,-216.91241,27.697247,57.790565,-0.11426072,-0.11816479,0.014370693,3758630,1,3016,0.018306725,910
1000030000185,45000100002972,1000030000203,1000030000000,45,0.6871088,1000030000186,-1,1000030000184,1000030000185,-1,29,2.5819702,2.3237731,2.5819702,6263,17.393604,34.58038,24.614988,88087,1,3,2,-74.78823,-69.76553,-216.48328,29.393478,69.33239,-0.09975224,-0.09923819,-0.039089058,3758630,1,2972,0.016069513,695
1000030000186,44000100003093,1000030000203,1000030000000,44,0.75503564,1000030000187,-1,1000030000185,1000030000186,-1,28,2.4098387,2.1516418,2.4098387,6263,17.41805,34.612305,24.720247,88087,1,3,2,-70.17208,-58.657604,-210.71786,28.688435,55.44055,-0.05466486,-0.12437139,-0.004128104,3758630,1,3093,0.018421527,211
1000030000187,43000100003001,1000030000203,1000030000000,43,0.8276991,1000030000188,-1,1000030000186,1000030000187,-1,30,1.9795104,1.9795104,1.9795104,6263,17.456453,34.642986,24.825916,88087,1,3,2,-69.489204,-47.172073,-203.9134,29.591772,58.62761,-0.07921856,-0.22343424,-0.010767672,3758743,1,3001,0.01723001,680
1000030000188,42000100003294,1000030000203,1000030000000,42,0.9054624,1000030000189,-1,1000030000187,1000030000188,-1,28,2.065576,1.9795104,1.9795104,6263,17.497517,34.653038,24.921974,88087,1,3,2,-70.05521,-42.050354,-203.60411,31.62044,63.025383,-0.115201406,-0.046621226,-0.16747838,3758743,1,3294,0.01718325,818
1000030000189,41000100003138,1000030000203,1000030000000,41,0.98870814,1000030000190,-1,1000030000188,1000030000189,-1,31,2.065576,1.8934448,2.065576,6263,17.533302,34.677677,25.035196,88087,1,3,2,-72.0935,-31.858696,-196.72423,33.844494,68.382774,-0.06522108,-0.103529766,0.0092101395,3758743,1,3138,0.014748178,666
1000030000190,40000100003291,1000030000203,1000030000000,40,1.0778745,1000030000191,-1,1000030000189,1000030000190,-1,29,2.065576,2.065576,2.065576,6263,17.564447,34.69918,25.134098,88087,1,3,2,-73.460625,-23.873968,-191.78108,30.3021,62.69102,-0.18411309,0.08892151,-0.08294497,3758635,1,3291,0.014800014,886
1000030000191,39000100003627,1000030000203,1000030000000,39,1.173417,1000030000192,-1,1000030000190,1000030000191,-1,26,1.9795104,1.8934448,1.9795104,6256,17.596834,34.70793,25.225834,88094,1,3,2,-73.44495,-13.639714,-181.07599,30.5818,64.53967,0.033370756,-0.09606239,0.05653677,3758635,1,3627,0.013836011,512
1000030000192,38000100004084,1000030000203,1000030000000,38,1.2758462,1000030000193,-1,1000030000191,1000030000192,-1,22,1.8934448,1.8073791,1.8934448,6256,17.634718,34.711494,25.341661,88094,1,3,2,-79.661255,-6.0705523,-167.90742,40.246487,81.635445,0.08161735,-0.07578781,-0.22348754,3754934,1,4084,0.0066649,68
1000030000193,37000100003393,1000030000203,1000030000000,37,1.3857181,1000030000194,-1,1000030000192,1000030000193,-1,28,2.1516418,1.8934448,2.1516418,6259,17.69624,34.71219,25.440443,88122,1,3,2,-81.40461,8.01966,-160.39656,28.96044,56.30464,0.106709704,-0.04702717,-0.04727223,3754934,1,3393,0.019706067,200
1000030000194,36000100003236,1000030000203,1000030000000,36,1.5036365,1000030000195,-1,1000030000193,1000030000194,-1,30,2.2377074,2.1516418,2.2377074,6259,17.749975,34.709892,25.50433,88122,1,3,2,-88.20709,14.357347,-147.67235,30.242924,58.879417,0.05234841,-0.028343018,-0.040678862,3758638,1,3236,0.020102363,411
1000030000195,35000100003284,1000030000203,1000030000000,35,1.6302707,1000030000196,-1,1000030000194,1000030000195,-1,29,1.549182,1.4631164,1.549182,6259,17.812542,34.72811,25.60365,88122,1,3,2,-96.60124,21.41839,-130.8173,32.930035,59.180935,0.13128106,-0.04947025,-0.059951514,3754727,1,3284,0.021320747,675
1000030000196,34000100003881,1000030000203,1000030000000,34,1.766336,1000030000197,-1,1000030000195,1000030000196,-1,23,1.2049193,1.2049193,1.2049193,6259,17.876913,34.71056,25.674328,88122,2,3,2,-101.50237,28.404753,-116.54413,34.266872,64.21029,0.11414148,5.21759E-4,-0.052145433,3754934,1,3881,0.011014639,58
1000030000197,33000100003482,1000030000203,1000030000000,33,1.9126327,1000030000198,-1,1000030000196,1000030000197,-1,26,1.8073791,1.8073791,1.8073791,6259,17.94135,34.690556,25.736654,88122,2,3,2,-102.56968,33.572052,-102.91953,36.29313,57.66662,0.05219388,0.029001849,-0.033618864,3754934,1,3482,0.018736618,594
1000030000198,32000100003665,1000030000203,1000030000000,32,2.0700274,1000030000199,-1,1000030000197,1000030000198,-1,25,1.7213135,1.549182,1.8073791,6259,17.97996,34.640125,25.797823,88122,2,3,2,-105.30584,40.537926,-84.34164,33.074142,64.27066,0.021099117,-0.00590167,0.013622782,3758855,1,3665,0.013496038,605
1000030000199,31000100002991,1000030000203,1000030000000,31,2.2394855,1000030000200,-1,1000030000198,1000030000199,-1,27,1.549182,1.2909851,1.549182,6259,18.058445,34.64541,25.860231,88122,2,3,2,-108.8402,40.92735,-71.71604,34.78221,59.73193,0.0523136,0.021527633,0.027048213,3758856,1,2991,0.018738318,870
1000030000200,30000100003184,1000030000203,1000030000000,30,2.422044,1000030000201,-1,1000030000199,1000030000200,-1,23,0.0,0.0,0.60245967,6259,18.126284,34.645638,25.902313,88122,2,3,2,-105.83129,44.109344,-64.36686,32.377544,50.182407,0.07825014,-0.08995406,-0.02875926,3758850,1,3184,0.022101853,695
1000030000201,28000100003464,1000030000203,1000030000000,28,2.8311827,1000030000202,-1,1000030000200,1000030000201,-1,23,1.6352477,1.6352477,1.6352477,6259,18.221321,34.53687,25.943737,88122,2,3,2,-110.48736,50.262592,-52.86676,38.47064,71.57567,0.016409075,-0.004791611,0.041179072,3758850,1,3464,0.009809642,701
1000030000202,27000100003654,1000030000203,1000030000000,27,3.060419,1000030000203,-1,1000030000201,1000030000202,-1,20,1.7213135,1.7213135,1.8073791,6259,18.276428,34.52757,25.954435,88122,2,3,2,-105.12505,48.60867,-45.43045,40.633263,71.021225,-0.006056594,-0.012522208,0.045116693,3758642,1,3654,0.008980942,429
1000030000203,26000100003429,1000030000203,1000030000000,26,3.3080978,-1,-1,1000030000202,1000030000203,-1,20,1.4631164,1.4631164,1.549182,6259,18.320408,34.48581,25.983814,88122,2,3,2,-100.49721,44.905552,-43.663,39.696945,76.40458,0.0025240483,-0.019587887,0.037693948,3758642,1,3429,0.0091858255,888
1000030000204,54000100000331,1000030000230,1000030000000,54,0.24246909,1000030000205,-1,1000030000008,1000030000009,-1,20,0.0,0.0,0.0,6263,16.895224,33.87138,24.073338,88081,1,3,2,-177.6861,6.4613457,255.13235,35.44604,68.60591,0.088916525,-0.15405264,-0.049630154,3734470,1,331,0.010067275,296
1000030000205,53000100000354,1000030000230,1000030000000,53,0.2798018,1000030000206,-1,1000030000204,1000030000010,1000030000177,23,0.0,0.0,0.0,6263,16.932297,33.846718,23.989311,88081,1,3,2,-69.91301,115.08496,203.9995,36.748642,72.8972,0.18310633,-0.033384286,0.012328876,3734520,1,354,0.010836379,290
1000030000206,52000100000409,1000030000230,1000030000000,52,0.31970343,1000030000207,-1,1000030000205,1000030000011,-1,26,0.0,0.0,0.0,6263,16.941257,33.808304,23.936214,88081,1,3,2,-19.665485,123.293625,116.87072,28.983225,61.433464,0.12021917,0.029817475,-4.1836916E-4,3734470,1,409,0.014461108,820
1000030000207,51000100000412,1000030000230,1000030000000,51,0.36234027,1000030000208,-1,1000030000206,1000030000012,-1,27,0.0,0.0,0.0,6263,16.953506,33.762455,23.910028,88081,1,3,2,-5.0961933,118.798775,54.50038,28.262877,62.717964,0.06280276,0.022326468,-0.0067528524,3734514,1,412,0.01611682,490
1000030000208,50000100000410,1000030000230,1000030000000,50,0.40789944,1000030000209,-1,1000030000207,1000030000013,-1,27,0.0,0.0,0.0,6263,16.953737,33.715557,23.896402,88081,1,3,2,-0.35001814,112.19766,3.76545,31.305521,63.25438,0.078527994,0.01293486,-7.029406E-4,3734514,1,410,0.014379528,377
1000030000209,49000100002702,1000030000230,1000030000000,49,0.45657724,1000030000210,-1,1000030000208,1000030000209,-1,29,2.9262328,2.5819702,2.840167,6263,16.95073,33.67328,23.90127,88081,1,3,2,6.945959,104.55887,-34.067944,30.236502,66.614746,0.116894856,0.10432142,-0.08494987,3734514,1,2702,0.012567658,858
1000030000210,48000100002657,1000030000230,1000030000000,48,0.5085914,1000030000211,-1,1000030000209,1000030000210,-1,30,3.0122986,2.4959044,2.7541015,6263,16.946283,33.624413,23.926617,88081,1,3,2,14.261352,94.219826,-62.857372,32.557148,66.38192,0.081056215,0.11852511,-0.026292393,3734514,1,2657,0.013829703,899
1000030000211,47000100002669,1000030000230,1000030000000,47,0.5641766,1000030000212,-1,1000030000210,1000030000211,-1,31,2.6680357,2.5819702,2.6680357,6263,16.933117,33.60053,23.977768,88081,1,3,2,21.844662,83.6067,-86.05226,28.449451,58.005287,0.038844503,0.03557453,-1.2348098E-4,3734513,1,2669,0.02272527,139
1000030000212,46000100002889,1000030000230,1000030000000,46,0.6235901,1000030000213,-1,1000030000211,1000030000212,-1,30,2.7541015,2.6680357,2.7541015,6263,16.915804,33.56964,24.008802,88081,1,3,2,29.31751,73.41379,-110.83413,28.784649,57.641804,0.119894706,0.062989995,-0.042846404,3759836,1,2889,0.019448087,123
1000030000213,45000100003118,1000030000230,1000030000000,45,0.6871088,1000030000214,-1,1000030000212,1000030000213,-1,29,2.5819702,2.4959044,2.5819702,6263,16.917194,33.53244,24.059443,88081,1,3,2,33.887856,62.131054,-131.7494,30.717146,64.02681,0.106784366,0.010255713,0.027711082,3734509,1,3118,0.015337196,575
1000030000214,44000100003012,1000030000230,1000030000000,44,0.75503564,1000030000215,-1,1000030000213,1000030000214,-1,30,2.5819702,2.5819702,2.5819702,6263,16.894003,33.497425,24.125443,88081,1,3,2,42.595676,51.846985,-149.49596,34.5217,70.30795,0.10978868,-0.005938493,0.026274247,3759734,1,3012,0.012523102,355
1000030000215,43000100002928,1000030000230,1000030000000,43,0.8276991,1000030000216,-1,1000030000214,1000030000215,-1,30,2.7541015,2.5819702,2.7541015,6263,16.87104,33.46373,24.202908,88081,1,3,2,51.763382,44.176754,-165.41994,35.606598,73.58479,0.11417392,-0.00506107,0.020224053,3734513,1,2928,0.013571001,356
1000030000216,42000100002607,1000030000230,1000030000000,42,0.9054624,1000030000217,-1,1000030000215,1000030000216,-1,32,2.5819702,2.4098387,2.4959044,6263,16.846235,33.463184,24.300209,88081,1,3,2,61.02154,39.87391,-178.9886,36.62844,71.0785,0.12678623,0.011697549,-0.00916925,3759734,1,2607,0.013387745,970
1000030000217,41000100003203,1000030000230,1000030000000,41,0.98870814,1000030000218,-1,1000030000216,1000030000217,-1,29,2.6680357,2.5819702,2.6680357,6263,16.796509,33.448013,24.389708,88081,1,3,2,69.542496,32.76782,-189.86108,33.377712,65.7864,0.09372098,0.063750304,0.028426467,3759734,1,3203,0.01431071,750
1000030000218,40000100003059,1000030000230,1000030000000,40,1.0778745,1000030000219,-1,1000030000217,1000030000218,-1,30,3.2704954,2.840167,3.2704954,6263,16.759754,33.43925,24.484215,88085,1,3,2,76.03508,28.311485,-197.05913,29.653345,62.312008,0.084594406,0.06576898,0.04510556,3759734,1,3059,0.020226624,530
1000030000219,39000100002527,1000030000230,1000030000000,39,1.173417,1000030000220,-1,1000030000218,1000030000219,-1,33,3.0122986,2.7541015,3.0122986,6263,16.720022,33.40734,24.589853,88085,1,3,2,72.41491,23.278269,-200.98848,30.736681,65.819756,0.14168859,-0.06857139,0.084989645,3734509,1,2527,0.019581553,868
1000030000220,38000100002472,1000030000230,1000030000000,38,1.2758462,1000030000221,-1,1000030000219,1000030000220,-1,36,2.2377074,2.2377074,2.2377074,6263,16.685118,33.369186,24.696589,88085,1,3,2,59.710026,23.13532,-197.8621,35.588833,64.75163,0.14255056,-0.03189571,0.264992,3734513,1,2472,0.0199416,138
1000030000221,37000100003208,1000030000230,1000030000000,37,1.3857181,1000030000222,-1,1000030000220,1000030000221,-1,26,2.6680357,2.5819702,2.6680357,6263,16.656204,33.3724,24.817717,88085,1,3,2,67.22825,19.991959,-198.37065,36.959393,65.40946,0.081142426,0.042367674,-0.0039624446,3734466,1,3208,0.013011246,879
1000030000222,36000100002881,1000030000230,1000030000000,36,1.5036365,1000030000223,-1,1000030000221,1000030000222,-1,34,2.6680357,2.5819702,2.6680357,6263,16.607025,33.384327,24.932478,88085,1,3,2,51.966797,20.545908,-188.21764,39.064793,68.66435,0.09828913,-0.14442275,0.100082465,3734471,1,2881,0.016256882,771
1000030000223,35000100002687,1000030000230,1000030000000,35,1.6302707,1000030000224,-1,1000030000222,1000030000223,-1,38,2.4098387,2.3237731,2.4098387,6263,16.577772,33.372864,25.032444,88084,1,3,2,42.98973,19.174734,-187.78041,35.117447,63.10501,0.13929355,-0.0986641,-0.10569741,3734471,1,2687,0.019347085,726
1000030000224,34000100002904,1000030000230,1000030000000,34,1.766336,1000030000225,-1,1000030000223,1000030000224,-1,33,2.3237731,2.2377074,2.4098387,6263,16.53783,33.352814,25.13307,88084,1,3,2,41.99056,22.160557,-190.17227,30.848745,61.773815,0.13210493,-0.053538967,-0.11097021,3734469,1,2904,0.020254452,97
1000030000225,33000100002728,1000030000230,1000030000000,33,1.9126327,1000030000226,-1,1000030000224,1000030000225,-1,37,2.5819702,2.1516418,2.5819702,6263,16.529734,33.333065,25.244211,88084,1,3,2,35.76111,12.621185,-187.8254,35.28407,65.54869,0.10830109,0.0743345,-0.15588759,3734496,1,2728,0.018180998,19
1000030000226,32000100002695,1000030000230,1000030000000,32,2.0700274,1000030000227,-1,1000030000225,1000030000226,-1,37,2.840167,2.840167,2.840167,6263,16.524004,33.31917,25.345564,88084,1,3,2,33.41924,10.061364,-181.43835,38.685642,72.11506,0.10706789,0.041990973,-0.17254528,3734471,1,2695,0.01862861,952
1000030000227,31000100002918,1000030000230,1000030000000,31,2.2394855,1000030000228,-1,1000030000226,1000030000227,-1,32,2.5819702,2.5819702,2.5819702,6260,16.506683,33.303947,25.466475,88112,1,3,2,30.157005,10.571433,-174.09088,43.151566,71.423454,0.11441209,-0.022122351,-0.14364192,3734496,1,2918,0.013634197,150
1000030000228,30000100002908,1000030000230,1000030000000,30,2.422044,1000030000229,-1,1000030000227,1000030000228,-1,31,2.3237731,2.3237731,2.3237731,6260,16.490944,33.29995,25.559362,88112,1,3,2,28.103245,8.175462,-170.00432,45.671,76.696976,0.10761337,-0.021397324,-0.11340752,3734513,1,2908,0.011636976,241
1000030000229,29000100003508,1000030000230,1000030000000,29,2.6188614,1000030000230,-1,1000030000228,1000030000229,-1,24,1.8073791,1.7213135,1.8934448,6260,16.460861,33.27666,25.648771,88112,1,3,2,24.024231,18.699398,-174.05392,36.52676,65.43417,0.035507794,-0.059368495,-0.07902626,3734470,1,3508,0.013726329,785
1000030000230,28000100003589,1000030000230,1000030000000,28,2.8311827,-1,-1,1000030000229,1000030000230,-1,22,0.6885254,0.6885254,0.6885254,6260,16.423462,33.270653,25.746553,88112,1,3,2,23.947622,14.614347,-161.83156,31.148676,56.237907,-0.026885506,-0.022510614,-0.08640515,3734497,1,3589,0.016678846,100
1000030000231,57000100000259,1000030000232,1000030000000,57,0.14438343,1000030000232,-1,1000030000005,1000030000006,-1,20,0.0,0.0,0.0,6263,16.909073,33.97675,23.877016,88081,1,3,2,-202.86401,-150.38113,-42.020218,22.287537,47.52691,-0.012095697,-0.22954904,0.04594556,3754934,1,259,0.01802534,657
1000030000232,56000100000320,1000030000232,1000030000000,56,0.17489761,-1,-1,1000030000231,1000030000007,-1,25,0.0,0.0,0.0,6263,16.95168,34.02172,23.89444,88081,1,3,2,-155.53745,-146.1581,-39.67445,35.192722,64.84608,-0.007852883,-0.23463663,0.04998442,3758851,1,320,0.011779995,550