haloID,subHaloID,lastProgenitorId,treeId,snapNum,redshift,firstProgenitorId,nextProgenitorId,descendantId,firstHaloInFOFgroupId,nextHaloInFOFgroupId,np,m_Mean200,m_Crit200,m_TopHat,phKey,x,y,z,zIndex,ix,iy,iz,velX,velY,velZ,velDisp,vMax,spinX,spinY,spinZ,mostBoundID,fileNr,subhaloIndex,halfmassRadius,random
1000106000000,63000100000561,1000106000137,1000106000000,63,0.0,1000106000001,-1,-1,1000106000000,1000106000138,933,96.737816,69.11073,84.77469,5261,11.034188,61.383884,18.367918,91833,1,6,2,-31.148664,14.266041,181.54529,81.92123,137.11154,-0.116959766,-0.5193866,-1.8898114,3156986,1,561,0.097232684,3
1000106000001,62000100000555,1000106000137,1000106000000,62,0.019932542,1000106000002,-1,1000106000000,1000106000001,1000106000139,919,95.2747,65.84024,84.86075,5261,11.047959,61.382267,18.336617,91833,1,6,2,-31.330557,13.377667,186.2174,82.025566,137.64853,-0.26270592,-0.38426128,-2.001155,3156974,1,555,0.0984999,146
1000106000002,61000100000561,1000106000137,1000106000000,61,0.041403063,1000106000003,-1,1000106000001,1000106000002,1000106000140,926,94.67224,63.60253,84.602554,5261,11.050493,61.380848,18.30233,91833,1,6,2,-26.80092,11.738715,188.16808,81.92901,136.76678,-0.11077326,-0.32557374,-1.9815997,2991223,1,561,0.10071727,124
1000106000003,60000100000531,1000106000137,1000106000000,60,0.064493395,1000106000004,-1,1000106000002,1000106000003,1000106000141,952,95.0165,57.319736,83.2255,5261,11.064784,61.382034,18.257568,91833,1,6,2,-22.384426,9.752747,189.9617,81.870285,135.9519,0.17773362,-0.31325772,-2.2364037,2990686,1,531,0.1027567,5
1000106000004,59000100000494,1000106000137,1000106000000,59,0.08928783,1000106000005,-1,1000106000003,1000106000004,1000106000142,970,93.63945,52.069733,80.7296,5261,11.055828,61.380695,18.223757,91833,1,6,2,-29.406033,8.653884,193.47533,84.099815,141.8974,-0.081398726,-0.29844704,-2.3376873,2991249,1,494,0.101590425,690
1000106000005,58000100000480,1000106000137,1000106000000,58,0.11588337,1000106000006,-1,1000106000004,1000106000005,1000106000143,960,92.348465,50.778748,77.45911,5261,11.062977,61.380817,18.172873,91833,1,6,2,-25.772036,6.271692,195.02574,82.58836,139.32257,-0.021105312,-0.10976537,-2.2710493,2991325,1,480,0.0990489,754
1000106000006,57000100000472,1000106000107,1000106000000,57,0.14438343,1000106000007,1000106000108,1000106000005,1000106000006,1000106000144,884,90.36896,51.46727,75.2214,5261,11.066294,61.38604,18.108402,91833,1,6,2,-18.930763,8.408967,206.06717,77.585556,134.29916,0.014080161,0.093466036,-2.2902298,3157021,1,472,0.09804717,351
1000106000007,56000100000491,1000106000107,1000106000000,56,0.17489761,1000106000008,-1,1000106000006,1000106000007,1000106000145,860,88.04518,44.495953,71.09025,5261,11.082611,61.39444,18.041285,91833,1,6,2,-15.994357,9.72184,211.25597,78.881905,138.02063,-0.020078646,0.3050681,-2.4795647,2991522,1,491,0.098095335,364
1000106000008,55000100000481,1000106000059,1000106000000,55,0.20754863,1000106000009,1000106000060,1000106000007,1000106000008,1000106000146,738,87.78699,41.225456,62.655807,5261,11.090114,61.39137,17.977272,91833,1,6,2,-7.5113277,10.9024,214.69954,81.45873,133.7318,-0.087409995,0.9093166,-2.1397645,3156974,1,481,0.08596223,721
1000106000009,54000100000500,1000106000056,1000106000000,54,0.24246909,1000106000010,1000106000057,1000106000008,1000106000009,1000106000147,731,83.827965,40.3648,61.536957,5261,11.076794,61.38689,17.898531,91833,1,6,2,-3.9901588,7.5949187,218.26031,84.10957,152.04828,-0.0053742016,0.64564794,-2.160196,2991559,1,500,0.07826383,203
1000106000010,53000100000537,1000106000056,1000106000000,53,0.2798018,1000106000011,-1,1000106000009,1000106000010,1000106000148,678,81.67632,42.860703,58.26646,5261,11.066832,61.37428,17.813057,91833,1,6,1,3.7486565,11.988134,217.56345,77.337685,122.81187,-0.20092566,0.7513641,-2.2577605,2991565,1,537,0.08963323,606
1000106000011,52000100000540,1000106000056,1000106000000,52,0.31970343,1000106000012,-1,1000106000010,1000106000011,1000106000149,624,71.17631,45.35661,56.373016,5261,11.056231,61.35416,17.710531,91833,1,6,1,9.556242,15.138587,219.4199,75.020996,121.30269,-0.1756731,0.51338,-2.138717,2991549,1,540,0.08702641,292
1000106000012,51000100000525,1000106000056,1000106000000,51,0.36234027,1000106000013,-1,1000106000011,1000106000012,1000106000150,619,65.06565,41.483654,55.51236,5261,11.0512495,61.344753,17.614227,91833,1,6,1,16.567108,16.260717,217.34903,76.40789,123.808876,0.013064306,0.55128986,-2.070769,3156974,1,525,0.08516938,831
1000106000013,50000100000516,1000106000056,1000106000000,50,0.40789944,1000106000014,-1,1000106000012,1000106000013,1000106000151,664,60.762363,31.327904,52.844322,5258,11.052973,61.32744,17.515322,91805,1,6,1,10.113957,17.955675,202.22179,78.00158,120.56,-0.0814982,-0.09528706,-1.8956804,2991547,1,516,0.09175093,636
1000106000014,49000100000509,1000106000056,1000106000000,49,0.45657724,1000106000015,-1,1000106000013,1000106000014,1000106000152,592,55.340225,30.553314,47.852512,5258,11.048341,61.315567,17.421202,91805,1,6,1,6.4001665,17.056013,197.00998,77.54661,122.95616,-0.27654743,-0.51043296,-1.4561414,2991558,1,509,0.082553856,279
1000106000015,48000100000517,1000106000056,1000106000000,48,0.5085914,1000106000016,-1,1000106000014,1000106000015,1000106000153,546,52.50006,30.295116,44.582016,5258,11.046368,61.309727,17.323053,91805,1,6,1,-1.3478049,8.841846,178.33191,76.26722,126.04178,-0.5586415,-0.910294,-1.2533506,2991523,1,517,0.07722475,640
1000106000016,47000100000499,1000106000056,1000106000000,47,0.5641766,1000106000017,-1,1000106000015,1000106000016,1000106000154,501,56.28695,39.504143,52.155796,5258,11.050442,61.31065,17.248787,91805,1,6,1,-0.8656613,1.5847664,162.4851,73.99017,123.090355,-0.5081528,-1.07512,-1.1539332,3156974,1,499,0.07294683,834
1000106000017,46000100000494,1000106000056,1000106000000,46,0.6235901,1000106000018,-1,1000106000016,1000106000017,1000106000155,583,53.963177,41.827915,49.745956,5258,11.050072,61.31015,17.176058,91805,1,6,1,30.126818,13.944872,149.59534,82.85128,129.61667,-0.5765863,0.47788796,-1.9436789,2991558,1,494,0.07825888,988
1000106000018,45000100000596,1000106000056,1000106000000,45,0.6871088,1000106000019,-1,1000106000017,1000106000018,1000106000069,436,50.176285,41.397587,47.594315,5258,11.041975,61.315228,17.126917,91805,1,6,1,50.397377,13.169406,127.10288,79.834305,130.57964,-0.4335263,1.2351553,-0.9915888,3156978,1,596,0.05758919,845
1000106000019,44000100000514,1000106000056,1000106000000,44,0.75503564,1000106000020,-1,1000106000018,1000106000019,1000106000157,440,45.786938,31.930365,40.881195,5258,10.989639,61.33294,17.093159,91805,1,6,1,52.77805,4.3631363,112.987076,74.667404,127.506905,0.0957876,-0.06671552,-0.8637729,3156992,1,514,0.05041404,214
1000106000020,43000100000600,1000106000056,1000106000000,43,0.8276991,1000106000021,-1,1000106000019,1000106000020,1000106000071,356,31.844297,26.508226,31.327904,5258,10.958153,61.33019,17.043541,91805,1,6,1,59.481438,12.526284,104.55791,79.03901,133.54337,-0.13954328,0.8341534,-0.31670052,2991544,1,600,0.043316852,953
1000106000021,42000100000608,1000106000056,1000106000000,42,0.9054624,1000106000022,-1,1000106000020,1000106000021,1000106000072,300,27.368883,23.84019,26.163963,5258,10.92072,61.323265,16.998417,91805,1,6,1,66.15043,14.122736,96.57264,76.84466,130.11316,0.4536468,0.39979187,0.41306087,3156973,1,608,0.036850538,829
1000106000022,41000100000831,1000106000056,1000106000000,41,0.98870814,1000106000023,-1,1000106000021,1000106000022,-1,269,24.356585,22.204943,23.754126,5258,10.882988,61.32632,16.97018,91805,1,6,1,62.386463,12.124614,96.98796,71.4029,120.44185,0.43048328,0.33449242,0.58564436,2991559,1,831,0.035007324,916
1000106000023,40000100000824,1000106000056,1000106000000,40,1.0778745,1000106000024,-1,1000106000022,1000106000023,-1,252,22.291008,19.450842,22.204943,5258,10.839535,61.32932,16.918577,91805,1,6,1,54.710575,15.008869,96.10412,70.80639,119.282555,0.49800983,0.2886266,0.72231406,2991559,1,824,0.034480087,131
1000106000024,39000100000833,1000106000056,1000106000000,39,1.173417,1000106000025,-1,1000106000023,1000106000024,-1,251,19.450842,17.901659,19.364777,5258,10.811915,61.334476,16.866503,91805,1,6,1,49.452213,18.453257,97.132286,71.10766,126.042076,0.535197,0.317839,0.71183556,2991559,1,833,0.030671937,6
1000106000025,38000100000873,1000106000044,1000106000000,38,1.2758462,1000106000026,1000106000045,1000106000024,1000106000025,-1,205,17.729528,16.352478,17.729528,5258,10.788216,61.332157,16.811308,91805,1,6,1,50.894184,2.911446,96.729294,70.97963,126.32819,0.10216194,0.094494745,0.02404914,2991559,1,873,0.024060305,456
1000106000026,37000100000882,1000106000044,1000106000000,37,1.3857181,1000106000027,-1,1000106000025,1000106000026,-1,192,17.557398,16.696741,17.557398,5258,10.762853,61.32826,16.760801,91805,1,6,1,47.367447,7.568554,98.06967,70.004585,124.49015,0.037651666,0.1448255,0.06442191,3156975,1,882,0.024648126,419
1000106000027,36000100000837,1000106000044,1000106000000,36,1.5036365,1000106000028,-1,1000106000026,1000106000027,-1,192,16.610674,16.180346,16.610674,5258,10.744613,61.323586,16.700293,91805,1,6,1,46.76474,6.519705,97.11753,72.84023,127.63856,0.0052006477,0.25059143,0.072317645,2991544,1,837,0.023163117,157
1000106000028,35000100000905,1000106000044,1000106000000,35,1.6302707,1000106000029,-1,1000106000027,1000106000028,-1,178,14.889361,14.028705,14.889361,5258,10.717391,61.314,16.646511,91804,1,6,1,42.756638,5.5826287,97.92827,73.51626,131.39214,-0.048624612,0.24722207,0.14544788,3156981,1,905,0.019772884,492
1000106000029,34000100000882,1000106000044,1000106000000,34,1.766336,1000106000030,-1,1000106000028,1000106000029,-1,177,14.200836,13.598376,14.372967,5258,10.693594,61.315613,16.584394,91800,1,6,1,40.64576,9.5940075,96.91972,69.0135,119.598305,-0.021911979,0.123238444,0.22992413,3156981,1,882,0.02380024,92
1000106000030,33000100000897,1000106000044,1000106000000,33,1.9126327,1000106000031,-1,1000106000029,1000106000030,-1,167,13.684442,13.598376,13.942638,5258,10.683886,61.296654,16.527744,91800,1,6,1,33.821827,10.628911,92.897415,69.18183,119.831276,0.061862834,0.011698424,0.108985856,2991549,1,897,0.022777762,743
1000106000031,32000100000933,1000106000044,1000106000000,32,2.0700274,1000106000032,-1,1000106000030,1000106000031,-1,156,13.168048,13.168048,13.426245,5258,10.649308,61.311802,16.484276,91800,1,6,1,38.20335,7.0841527,96.31417,75.97344,130.7811,0.029298292,0.064689845,0.10297852,3156970,1,933,0.018453637,127
1000106000032,31000100000798,1000106000044,1000106000000,31,2.2394855,1000106000033,-1,1000106000031,1000106000032,-1,172,12.909851,12.73772,13.426245,5258,10.618264,61.312836,16.44001,91800,1,6,1,37.672062,9.973226,92.3401,78.590256,136.2796,-0.0041459473,0.05149823,0.0757998,3156970,1,798,0.017339133,380
1000106000033,30000100000697,1000106000044,1000106000000,30,2.422044,1000106000034,-1,1000106000032,1000106000033,-1,179,12.049194,11.618866,12.479523,5258,10.612058,61.31288,16.392334,91800,1,6,1,37.665527,8.766498,89.84863,73.28692,125.61378,-0.045025814,0.053654633,0.068107724,3156970,1,697,0.021985246,515
1000106000034,29000100000690,1000106000044,1000106000000,29,2.6188614,1000106000035,-1,1000106000033,1000106000034,-1,164,10.8442745,10.500011,11.360668,5258,10.590236,61.29744,16.336327,91800,1,6,1,37.536865,6.37275,86.79177,73.00535,120.315315,-7.637897E-4,0.024565795,0.15480936,2991564,1,690,0.022981225,898
1000106000035,28000100000722,1000106000044,1000106000000,28,2.8311827,1000106000036,-1,1000106000034,1000106000035,-1,138,11.963128,11.877063,12.13526,5258,10.529359,61.314693,16.27177,91800,1,6,1,37.544945,5.8138814,85.53134,77.47736,128.12836,0.0034119948,0.057795983,0.13129933,2991520,1,722,0.017485498,42
1000106000036,27000100000704,1000106000044,1000106000000,27,3.060419,1000106000037,-1,1000106000035,1000106000036,-1,131,10.500011,10.413946,10.672143,5258,10.534119,61.30435,16.213387,91800,1,6,1,36.929638,7.5743656,87.68254,77.175896,131.48729,0.07663103,0.03907571,0.108165585,2991520,1,704,0.016850475,260
1000106000037,26000100000763,1000106000044,1000106000000,26,3.3080978,1000106000038,-1,1000106000036,1000106000037,-1,104,8.778699,8.692633,9.036896,5258,10.49856,61.31103,16.162111,91800,1,6,1,36.10189,-3.8041062,90.44929,80.56285,132.23497,0.09067901,0.07728673,0.043935657,2991524,1,763,0.012224907,137
1000106000038,25000100000626,1000106000044,1000106000000,25,3.575905,1000106000039,-1,1000106000037,1000106000038,-1,109,7.4877133,7.4016476,7.659845,5258,10.458473,61.321587,16.129227,91800,1,6,1,33.969868,7.9056334,79.29023,72.835884,122.04321,0.08082189,0.18149589,0.011644842,2991560,1,626,0.013668011,442
1000106000039,24000100000722,1000106000044,1000106000000,24,3.8656828,1000106000040,-1,1000106000038,1000106000039,-1,83,5.2500057,5.1639404,5.3360715,5258,10.450219,61.341404,16.105526,91800,1,6,1,39.36277,-9.730031,79.84847,67.01513,111.81231,0.15103714,0.11163015,-0.12000149,2991549,1,722,0.013102575,660
1000106000040,23000100000858,1000106000044,1000106000000,23,4.1794686,1000106000041,-1,1000106000039,1000106000040,-1,60,3.098364,3.098364,3.18443,5258,10.480278,61.368675,16.057444,91800,1,6,1,29.684383,-25.045033,63.461388,61.26318,99.020424,0.008977646,0.09897508,0.03421764,3156979,1,858,0.011773536,327
1000106000041,22000100000980,1000106000044,1000106000000,22,4.5195556,1000106000042,-1,1000106000040,1000106000041,-1,45,3.442627,3.442627,3.442627,5258,10.47123,61.376175,16.03285,91800,1,6,1,12.122658,-16.508274,53.717426,57.726048,99.508095,-0.078630805,0.04982325,0.095053315,2991550,1,980,0.009278503,629
1000106000042,21000100000926,1000106000044,1000106000000,21,4.888449,1000106000043,-1,1000106000041,1000106000042,-1,40,3.0122986,3.0122986,3.0122986,5258,10.46469,61.383884,15.998662,91800,1,6,1,9.977239,-19.222414,51.97198,62.83438,107.38129,-0.02711919,0.04988967,0.07407102,2991550,1,926,0.0075005125,161
1000106000043,20000100000757,1000106000044,1000106000000,20,5.2888336,1000106000044,-1,1000106000042,1000106000043,-1,39,2.5819702,2.5819702,2.5819702,5258,10.425752,61.39902,15.977455,91800,1,6,1,10.367379,-14.2232895,52.11633,57.335304,103.081024,-0.04226885,-0.024204649,0.056207314,2991548,1,757,0.0073247417,457
1000106000044,19000100000784,1000106000044,1000106000000,19,5.7238646,-1,-1,1000106000043,1000106000044,-1,31,1.4631164,1.4631164,1.4631164,5258,10.375027,61.42465,15.96831,91800,1,6,1,13.877323,-19.069668,47.29503,56.76606,85.445,0.028360197,0.026140528,0.061622303,2991559,1,784,0.008550124,597
1000106000045,38000100003018,1000106000056,1000106000000,38,1.2758462,1000106000046,-1,1000106000024,1000106000045,-1,28,1.8073791,1.6352477,1.8073791,5258,10.920797,61.18354,16.766632,91805,1,6,1,19.234604,139.39552,84.77021,31.549427,63.49699,-0.06016416,0.019616589,0.03929224,3157756,1,3018,0.014755995,418
1000106000046,37000100003263,1000106000056,1000106000000,37,1.3857181,1000106000047,-1,1000106000045,1000106000046,-1,27,2.065576,1.9795104,2.065576,5258,10.907633,61.10955,16.713333,91805,1,6,1,26.198013,129.02783,83.111595,34.61085,68.85038,-0.0850053,0.03829076,-0.019242223,3157756,1,3263,0.011498355,272
1000106000047,36000100003474,1000106000056,1000106000000,36,1.5036365,1000106000048,-1,1000106000046,1000106000047,-1,27,1.9795104,1.8934448,1.9795104,5258,10.8897915,61.031406,16.657362,91805,1,6,1,25.993399,120.57336,84.18214,35.371155,70.98293,-0.093358934,-0.022389581,0.014027757,2990761,1,3474,0.014372795,621
1000106000048,35000100003964,1000106000056,1000106000000,35,1.6302707,1000106000049,-1,1000106000047,1000106000048,-1,23,1.7213135,1.4631164,1.8073791,5258,10.866042,60.954247,16.616684,91805,1,6,1,29.093029,111.58386,85.63902,31.758434,60.428154,-0.1302943,-0.03184466,0.025925955,2990762,1,3964,0.016092913,628
1000106000049,34000100003968,1000106000056,1000106000000,34,1.766336,1000106000050,-1,1000106000048,1000106000049,-1,23,1.3770508,1.3770508,1.3770508,5258,10.882941,60.90625,16.562155,91801,1,6,1,28.278318,109.02425,84.41673,28.21022,54.147095,-0.16365848,-0.024855897,-0.03860035,3157756,1,3968,0.017360715,21
1000106000050,33000100004288,1000106000056,1000106000000,33,1.9126327,1000106000051,-1,1000106000049,1000106000050,-1,20,0.60245967,0.60245967,0.60245967,5258,10.890437,60.844593,16.518166,91801,1,6,1,23.293005,103.714195,81.08742,27.315422,49.78223,0.032974485,0.043669887,-0.06964852,3157758,1,4288,0.021241004,228
1000106000051,31000100003666,1000106000056,1000106000000,31,2.2394855,1000106000052,-1,1000106000050,1000106000051,-1,24,1.7213135,1.6352477,1.7213135,5258,10.823817,60.718773,16.421474,91801,1,6,1,24.015024,92.23705,78.6642,33.66536,61.47327,-0.07628219,-0.03819992,-0.059293155,2990761,1,3666,0.015221059,369
1000106000052,30000100003679,1000106000056,1000106000000,30,2.422044,1000106000053,-1,1000106000051,1000106000052,-1,23,1.3770508,1.3770508,1.549182,5258,10.816092,60.693787,16.372095,91801,1,6,1,23.066854,89.30454,75.83159,39.041206,67.11297,-0.061202053,-0.07856567,0.008061761,2990766,1,3679,0.015094341,995
1000106000053,29000100003721,1000106000056,1000106000000,29,2.6188614,1000106000054,-1,1000106000052,1000106000053,-1,22,1.8934448,1.8934448,1.8934448,5258,10.810606,60.59896,16.34268,91801,1,6,1,24.941479,87.80536,74.26467,41.256386,75.571106,-0.082376294,-0.050936643,0.026776556,3157757,1,3721,0.009369771,2
1000106000054,28000100003551,1000106000056,1000106000000,28,2.8311827,1000106000055,-1,1000106000053,1000106000054,-1,22,1.6352477,1.6352477,1.6352477,5258,10.7648,60.557903,16.296057,91801,1,6,1,24.22819,83.11097,71.202866,37.880863,68.101875,-0.08226171,-0.050137687,0.027201498,3157758,1,3551,0.012274529,21
1000106000055,27000100003621,1000106000056,1000106000000,27,3.060419,1000106000056,-1,1000106000054,1000106000055,-1,20,1.032788,0.9467224,1.1188537,5259,10.804641,60.5126,16.251108,91787,1,6,1,25.119442,81.95122,71.15028,35.7272,60.904335,-0.106788255,-0.07126956,-0.0074666967,2990765,1,3621,0.013068324,216
1000106000056,26000100003292,1000106000056,1000106000000,26,3.3080978,-1,-1,1000106000055,1000106000056,-1,21,0.0,0.0,0.0,5259,10.759084,60.413136,16.197369,91787,1,6,1,22.915411,76.54529,66.54232,29.624996,49.84269,-0.09794385,-0.04477586,-0.0034841863,3157755,1,3292,0.020860732,729
1000106000057,54000100002050,1000106000059,1000106000000,54,0.24246909,1000106000058,-1,1000106000008,1000106000057,-1,20,1.032788,0.60245967,0.6885254,5261,11.41049,61.250446,18.070942,91833,1,6,2,-62.43316,45.764957,113.64819,17.92721,32.43197,-0.8620651,0.018182937,0.12166379,182912,1,2050,0.045077838,848
1000106000058,53000100003051,1000106000059,1000106000000,53,0.2798018,1000106000059,-1,1000106000057,1000106000058,-1,22,1.2049193,0.60245967,0.9467224,5261,11.426443,61.23916,18.024647,91833,1,6,2,-52.471966,43.545616,113.4269,16.805147,34.784817,-0.16794014,-0.06747519,0.101611555,182912,1,3051,0.040308595,925
1000106000059,52000100003373,1000106000059,1000106000000,52,0.31970343,-1,-1,1000106000058,1000106000059,-1,21,1.1188537,0.60245967,0.9467224,5261,11.444812,61.227654,17.979256,91833,1,6,2,-45.30209,40.81471,115.37617,16.321062,34.82009,-0.025368538,-0.09526845,0.23948666,182912,1,3373,0.033581708,714
1000106000060,55000100000484,1000106000107,1000106000000,55,0.20754863,1000106000061,-1,1000106000007,1000106000008,-1,30,0.0,0.0,0.0,5261,11.05002,61.364483,17.965858,91833,1,6,2,-50.82787,-22.10521,263.05597,47.625744,90.225266,0.10835747,-0.0058204136,-0.0050589778,2991261,1,484,0.007685426,721
1000106000061,53000100000540,1000106000107,1000106000000,53,0.2798018,1000106000062,-1,1000106000060,1000106000010,-1,42,0.0,0.0,0.0,5261,11.10429,61.40739,17.836113,91833,1,6,1,-39.020214,-47.563587,167.87111,52.487576,99.09731,0.055026792,-0.15157212,0.0018459894,2991264,1,540,0.008292181,5
1000106000062,52000100000542,1000106000107,1000106000000,52,0.31970343,1000106000063,-1,1000106000061,1000106000011,1000106000199,60,0.0,0.0,0.0,5261,11.116181,61.415462,17.772913,91833,1,6,1,1.9608272,-24.383083,171.17847,49.59075,99.17029,0.15178661,-0.20990062,-0.017373122,2991264,1,542,0.01527675,809
1000106000063,51000100000527,1000106000107,1000106000000,51,0.36234027,1000106000064,-1,1000106000062,1000106000012,1000106000200,77,0.0,0.0,0.0,5261,11.118633,61.422558,17.703217,91833,1,6,1,22.814177,-6.9244165,187.45758,45.91406,89.35565,0.09702196,-0.17100786,0.020708136,2991328,1,527,0.020897748,838
1000106000064,50000100000518,1000106000107,1000106000000,50,0.40789944,1000106000065,-1,1000106000063,1000106000013,1000106000201,76,0.0,0.0,0.0,5261,11.10342,61.42374,17.635132,91833,1,6,1,39.51462,4.146169,197.13455,51.668106,96.37836,0.08350875,-0.10845567,-0.063926674,2991264,1,518,0.017382897,200
1000106000065,49000100000511,1000106000107,1000106000000,49,0.45657724,1000106000066,-1,1000106000064,1000106000014,-1,90,0.0,0.0,0.0,5258,11.085979,61.4215,17.550634,91805,1,6,1,69.01665,25.60107,201.69044,59.144783,99.02296,0.108734176,-0.19438411,-0.22344536,2991264,1,511,0.018546334,928
1000106000066,48000100000519,1000106000107,1000106000000,48,0.5085914,1000106000067,-1,1000106000065,1000106000015,1000106000202,90,0.0,0.0,0.0,5258,11.052285,61.411903,17.456306,91805,1,6,1,85.74354,56.54552,217.7195,57.138947,98.03782,0.3143849,-0.17305635,-0.10179237,2991212,1,519,0.017714972,499
1000106000067,47000100000501,1000106000107,1000106000000,47,0.5641766,1000106000068,-1,1000106000066,1000106000016,1000106000203,105,0.0,0.0,0.0,5258,11.010603,61.38424,17.36807,91805,1,6,1,103.86673,81.77466,243.71768,67.41788,111.38158,0.2636923,-0.31487215,-0.06874506,2991223,1,501,0.017426768,338
1000106000068,46000100000496,1000106000107,1000106000000,46,0.6235901,1000106000069,-1,1000106000067,1000106000017,1000106000204,60,0.0,0.0,0.0,5258,10.968865,61.32738,17.25291,91805,1,6,1,106.9123,120.10108,296.55008,55.660187,104.34404,0.22414674,-0.15032437,0.07195558,2989542,1,496,0.011115511,679
1000106000069,45000100000597,1000106000107,1000106000000,45,0.6871088,1000106000070,-1,1000106000068,1000106000018,-1,68,0.0,0.0,0.0,5258,10.92599,61.276527,17.11259,91805,1,6,1,63.630096,104.17854,304.25653,59.19251,109.69421,0.31949046,-0.21120645,0.012557788,2989542,1,597,0.012625856,945
1000106000070,44000100000516,1000106000107,1000106000000,44,0.75503564,1000106000071,-1,1000106000069,1000106000019,1000106000206,100,0.0,0.0,0.0,5258,10.894706,61.224957,16.970167,91805,1,6,1,14.714536,81.981064,265.21103,65.5625,106.002686,0.4968578,-0.39793012,-0.26375666,2991328,1,516,0.018377682,14
1000106000071,43000100000601,1000106000107,1000106000000,43,0.8276991,1000106000072,-1,1000106000070,1000106000020,-1,128,0.0,0.0,0.0,5258,10.893799,61.172432,16.84981,91805,1,6,1,-1.1225731,75.051025,240.04968,64.2828,110.66878,0.6682945,-0.291683,-0.45834956,2989542,1,601,0.02325068,282
1000106000072,42000100000609,1000106000107,1000106000000,42,0.9054624,1000106000073,-1,1000106000071,1000106000021,-1,185,0.0,0.0,0.0,5258,10.880504,61.11295,16.722265,91805,1,6,1,-8.956511,68.18854,225.88506,58.248436,101.06125,0.7635784,-0.14253953,-0.36488304,2989593,1,609,0.03847642,498
1000106000073,41000100000956,1000106000104,1000106000000,41,0.98870814,1000106000074,1000106000105,1000106000072,1000106000073,1000106000105,177,12.651653,11.446734,12.565588,5258,10.890181,61.06998,16.620718,91805,1,6,1,-10.650177,60.7365,215.42174,60.082592,108.51113,0.73748875,0.1834622,-0.40428272,2991288,1,956,0.03983793,762
1000106000074,40000100000922,1000106000104,1000106000000,40,1.0778745,1000106000075,-1,1000106000073,1000106000074,1000106000106,180,11.618866,10.413946,10.672143,5258,10.899182,61.034126,16.516237,91801,1,6,1,-15.206448,53.685684,212.0088,61.635746,115.125206,0.83088803,0.21498853,-0.3659826,2989593,1,922,0.03825158,110
1000106000075,39000100000991,1000106000104,1000106000000,39,1.173417,1000106000076,-1,1000106000074,1000106000075,-1,164,10.758209,9.553289,10.500011,5258,10.911824,61.00175,16.421091,91801,1,6,1,-14.222468,39.22269,208.57008,61.009933,102.22561,0.6490611,0.22823223,-0.5306412,2991297,1,991,0.037492663,572
1000106000076,38000100000927,1000106000104,1000106000000,38,1.2758462,1000106000077,-1,1000106000075,1000106000076,-1,176,10.155749,9.467224,10.155749,5258,10.951228,60.99898,16.328373,91801,1,6,1,-13.073891,38.659107,199.91809,61.057014,108.26429,0.72210324,-0.16654027,-0.5415683,2991259,1,927,0.038922437,168
1000106000077,37000100000932,1000106000104,1000106000000,37,1.3857181,1000106000078,-1,1000106000076,1000106000077,-1,175,9.209027,8.520501,9.381158,5258,10.954284,61.004677,16.24219,91801,1,6,1,-16.727322,41.88465,199.96857,64.14018,108.36242,0.8486485,-0.22070695,-0.6754827,2991288,1,932,0.038303416,396
1000106000078,36000100000911,1000106000104,1000106000000,36,1.5036365,1000106000079,-1,1000106000077,1000106000078,-1,167,6.7131224,6.36886,6.7131224,5258,10.959481,61.01135,16.14961,91801,1,6,1,-16.441978,41.195366,194.53372,61.45628,107.02729,0.83725953,-0.19431977,-0.56693,2991210,1,911,0.05251314,211
1000106000079,35000100001387,1000106000096,1000106000000,35,1.6302707,1000106000080,1000106000097,1000106000078,1000106000079,-1,89,5.594269,5.2500057,5.8524656,5258,10.95487,61.02364,16.038437,91801,1,6,1,-13.100269,-17.10952,184.29132,50.353764,106.06784,0.20388567,-0.07533448,-0.1812678,2991328,1,1387,0.018879179,297
1000106000080,34000100001502,1000106000096,1000106000000,34,1.766336,1000106000081,-1,1000106000079,1000106000080,-1,76,5.4221373,5.0778747,5.4221373,5258,10.96599,61.03372,15.932224,91801,1,6,1,-12.079332,-14.8935175,186.21504,56.931297,111.132744,0.096482806,-0.25647303,-0.13582678,2991257,1,1502,0.015092745,876
1000106000081,33000100001626,1000106000096,1000106000000,33,1.9126327,1000106000082,-1,1000106000080,1000106000081,-1,68,5.1639404,4.8196774,5.1639404,5258,10.950392,61.03222,15.829513,91801,1,6,1,-4.9876533,-17.186285,175.97528,53.657463,101.804184,0.15797254,-0.16499244,-0.15701473,2991318,1,1626,0.012805893,667
1000106000082,32000100001554,1000106000096,1000106000000,32,2.0700274,1000106000083,-1,1000106000081,1000106000082,-1,70,5.680334,5.4221373,5.680334,5258,10.9592285,61.04104,15.731989,91801,1,6,1,-4.2396374,-14.446405,169.6118,52.187996,109.01443,0.24451041,-0.14458525,-0.11629571,2989587,1,1554,0.014045418,400
1000106000083,31000100001515,1000106000096,1000106000000,31,2.2394855,1000106000084,-1,1000106000082,1000106000083,-1,71,5.9385314,5.680334,6.1106625,5258,10.971824,61.05799,15.642079,91801,1,6,1,-9.616956,-9.98153,167.49194,57.780582,108.48411,0.023201827,-0.19379713,-0.06031822,2991257,1,1515,0.013982993,695
1000106000084,30000100001337,1000106000096,1000106000000,30,2.422044,1000106000085,-1,1000106000083,1000106000084,-1,76,6.024597,5.7664,6.024597,4981,10.993742,61.073315,15.554631,77757,1,6,1,-9.397123,-8.170572,169.40475,58.76367,103.599884,0.11220378,-0.14116393,-0.13642444,2991259,1,1337,0.015587601,220
1000106000085,29000100001439,1000106000096,1000106000000,29,2.6188614,1000106000086,-1,1000106000084,1000106000085,-1,66,5.4221373,5.4221373,5.508203,4981,10.990711,61.06662,15.469403,77757,1,6,1,-11.3531275,-12.294382,161.40486,62.83936,114.565056,0.116092555,-0.089575686,-0.12677199,2991327,1,1439,0.009613379,166
1000106000086,28000100001378,1000106000096,1000106000000,28,2.8311827,1000106000087,-1,1000106000085,1000106000086,-1,64,4.905743,4.733612,4.905743,4981,10.996371,61.080757,15.381324,77757,1,6,1,-10.938154,-5.8205547,156.23523,59.30557,111.06313,0.1483577,-0.084665574,-0.083978556,2991327,1,1378,0.01019335,437
1000106000087,27000100001353,1000106000096,1000106000000,27,3.060419,1000106000088,-1,1000106000086,1000106000087,-1,61,4.217218,4.131152,4.217218,4981,10.997973,61.081234,15.304198,77757,1,6,1,-19.900942,-15.905299,151.06512,47.56874,94.81783,0.061301827,-0.080508135,-0.06650089,2989599,1,1353,0.014167063,2
1000106000088,26000100001400,1000106000096,1000106000000,26,3.3080978,1000106000089,-1,1000106000087,1000106000088,-1,51,3.2704954,3.2704954,3.2704954,4981,11.011487,61.093987,15.222823,77757,1,6,1,-21.464071,-22.049015,145.16667,40.158356,84.81452,-0.015600313,0.06846319,-0.09041361,2989599,1,1400,0.0140894605,627
1000106000089,25000100001714,1000106000096,1000106000000,25,3.575905,1000106000090,-1,1000106000088,1000106000089,-1,37,2.9262328,2.9262328,2.9262328,4981,11.012698,61.12515,15.111095,77757,1,6,1,-15.488786,-18.215725,146.68983,61.313965,107.74034,0.019914594,0.15113442,-0.0374787,2989599,1,1714,0.006937643,528
1000106000090,24000100001081,1000106000096,1000106000000,24,3.8656828,1000106000091,-1,1000106000089,1000106000090,-1,55,4.3893495,4.131152,4.4754148,4981,11.033535,61.130753,15.0531845,77757,1,6,1,-12.880582,-19.132818,136.76929,64.37797,109.96996,0.017909627,0.0031308897,-0.032602713,2989599,1,1081,0.009507282,958
1000106000091,23000100000938,1000106000096,1000106000000,23,4.1794686,1000106000092,-1,1000106000090,1000106000091,-1,55,4.3893495,4.3893495,4.4754148,4981,11.059897,61.139538,14.999875,77757,1,6,1,-11.898382,-20.058386,132.76085,67.65891,114.01705,-0.0068596397,0.0354827,-0.016757011,2991217,1,938,0.009743697,85
1000106000092,22000100000873,1000106000096,1000106000000,22,4.5195556,1000106000093,-1,1000106000091,1000106000092,-1,51,3.6147583,3.5286925,3.7868896,4981,11.071737,61.14213,14.907024,77757,1,6,1,-9.077027,-16.420938,127.3202,61.56843,108.76003,-0.012663985,0.027768722,-0.023527533,2991221,1,873,0.009206008,871
1000106000093,21000100001019,1000106000096,1000106000000,21,4.888449,1000106000094,-1,1000106000092,1000106000093,-1,37,2.9262328,2.9262328,2.9262328,4981,11.060808,61.140236,14.831409,77757,1,6,1,-8.212158,-24.909712,123.81432,56.908432,97.02062,-0.019068487,0.039708074,-0.027088435,2991327,1,1019,0.009872539,932
1000106000094,20000100000837,1000106000096,1000106000000,20,5.2888336,1000106000095,-1,1000106000093,1000106000094,-1,36,2.3237731,2.2377074,2.3237731,4981,11.073258,61.152504,14.770537,77757,1,6,1,-5.1185656,-18.596476,117.715355,54.73311,97.314255,-0.03265675,0.08124445,-0.013833989,2989599,1,837,0.008729009,930
1000106000095,19000100001206,1000106000096,1000106000000,19,5.7238646,1000106000096,-1,1000106000094,1000106000095,-1,22,1.8934448,1.8934448,1.8934448,4981,11.052884,61.174503,14.684669,77757,1,6,1,-1.3609754,-19.451345,127.82839,59.79888,105.46446,-0.028361384,-0.020121621,-0.057781495,2989529,1,1206,0.004365091,871
1000106000096,18000100001025,1000106000096,1000106000000,18,6.1968336,-1,-1,1000106000095,1000106000096,-1,20,1.2049193,1.2049193,1.2049193,4981,11.051657,61.218163,14.6103945,77753,1,6,1,0.9195651,-18.066269,121.05681,50.794262,95.21078,-0.027746208,-0.009479062,-0.028037295,2991327,1,1025,0.0054925648,736
1000106000097,35000100002144,1000106000104,1000106000000,35,1.6302707,1000106000098,-1,1000106000078,1000106000097,-1,33,2.9262328,2.6680357,3.3565612,5258,10.8821535,60.965084,15.91141,91801,1,6,1,28.850418,120.45058,139.0724,35.606823,61.9467,-0.07700406,0.013969336,-0.085966974,2990464,1,2144,0.017502684,335
1000106000098,34000100002750,1000106000104,1000106000000,34,1.766336,1000106000099,-1,1000106000097,1000106000098,-1,33,2.9262328,2.4959044,2.9262328,5258,10.882368,60.899624,15.847932,91801,1,6,1,20.184881,115.54786,128.30219,36.304985,65.332825,-0.037632253,0.029445278,-0.105634004,2990459,1,2750,0.017492015,381
1000106000099,33000100003013,1000106000104,1000106000000,33,1.9126327,1000106000100,-1,1000106000098,1000106000099,-1,32,1.9795104,1.8934448,1.9795104,5258,10.871826,60.828197,15.787763,91801,1,6,1,15.113033,105.98581,124.95555,36.900433,67.07384,0.0098546725,0.014782089,-0.11854836,2990459,1,3013,0.014041733,789
1000106000100,32000100003628,1000106000104,1000106000000,32,2.0700274,1000106000101,-1,1000106000099,1000106000100,-1,25,1.9795104,1.4631164,1.9795104,5258,10.858426,60.76006,15.703729,91801,1,6,1,10.015199,104.93074,121.75624,35.41862,63.296837,0.08631659,-0.014838012,-0.072795585,2990459,1,3628,0.012825272,598
1000106000101,31000100003542,1000106000104,1000106000000,31,2.2394855,1000106000102,-1,1000106000100,1000106000101,-1,25,1.3770508,1.3770508,1.4631164,5258,10.871215,60.72179,15.644663,91801,1,6,1,7.943194,91.43014,121.182495,30.584105,58.01357,-0.012045748,0.0734849,-0.019775234,2990685,1,3542,0.016834423,971
1000106000102,30000100003930,1000106000104,1000106000000,30,2.422044,1000106000103,-1,1000106000101,1000106000102,-1,21,0.6885254,0.60245967,0.774591,4981,10.8692465,60.67025,15.585407,77757,1,6,1,6.670671,80.090485,123.81334,30.12382,52.76656,0.025155455,0.02865044,-0.08890434,2990464,1,3930,0.018901778,152
1000106000103,29000100003720,1000106000104,1000106000000,29,2.6188614,1000106000104,-1,1000106000102,1000106000103,-1,22,0.86065674,0.774591,0.86065674,4981,10.820585,60.622135,15.443038,77757,1,6,1,2.6000276,77.83488,120.20713,30.171637,53.48018,9.0166763E-4,-0.023903744,-0.055188242,2990464,1,3720,0.017357552,117
1000106000104,28000100003550,1000106000104,1000106000000,28,2.8311827,-1,-1,1000106000103,1000106000104,-1,22,0.6885254,0.6885254,0.6885254,4981,10.821313,60.572914,15.369712,77757,1,6,1,1.1739057,74.20511,115.51557,27.982878,52.968243,-3.3423287E-4,-0.021281604,-0.054160517,2990686,1,3550,0.018264871,617
1000106000105,41000100000957,1000106000107,1000106000000,41,0.98870814,1000106000106,-1,1000106000072,1000106000073,-1,23,0.0,0.0,0.0,5258,10.935501,61.240246,16.544617,91801,1,6,1,-5.225982,34.64083,257.4286,31.910975,58.03734,0.01954592,-0.18907355,-0.08744809,2990459,1,957,0.014965595,489
1000106000106,40000100000923,1000106000107,1000106000000,40,1.0778745,1000106000107,-1,1000106000105,1000106000074,-1,20,0.0,0.0,0.0,5258,10.936853,61.21846,16.424435,91801,1,6,1,-0.6616238,48.67159,232.35547,29.34349,54.88626,-0.15495245,-0.023202578,-0.028569408,2990459,1,923,0.01732247,807
1000106000107,39000100003412,1000106000107,1000106000000,39,1.173417,-1,-1,1000106000106,1000106000107,-1,27,3.0122986,1.9795104,2.840167,5258,10.922892,61.16632,16.29757,91801,1,6,1,7.143153,61.590984,217.23605,34.31505,60.94102,-0.057953354,-0.09784094,-0.05232202,2990464,1,3412,0.016337834,277
1000106000108,57000100000474,1000106000137,1000106000000,57,0.14438343,1000106000109,-1,1000106000005,1000106000006,-1,42,0.0,0.0,0.0,5261,11.157337,61.407948,18.143793,91833,1,6,2,-157.57835,-49.87951,86.44507,42.80785,78.666725,-0.0058482643,-0.14227295,0.06601034,3157443,1,474,0.01661267,97
1000106000109,56000100000493,1000106000137,1000106000000,56,0.17489761,1000106000110,-1,1000106000108,1000106000007,-1,50,0.0,0.0,0.0,5261,11.201589,61.426567,18.125208,91833,1,6,2,-132.10423,-38.759907,102.172066,40.436264,75.20407,0.021568168,-0.07547193,0.08635899,2991000,1,493,0.019397896,337
1000106000110,55000100000483,1000106000137,1000106000000,55,0.20754863,1000106000111,-1,1000106000109,1000106000008,1000106000060,65,0.0,0.0,0.0,5261,11.247429,61.433064,18.085192,91833,1,6,2,-118.797066,-35.45908,117.16353,38.32912,77.524445,-0.10465956,-0.2243303,0.13796008,2991000,1,483,0.02436759,62
1000106000111,54000100000502,1000106000137,1000106000000,54,0.24246909,1000106000112,-1,1000106000110,1000106000009,-1,55,0.0,0.0,0.0,5261,11.286903,61.450043,18.050814,91833,1,6,2,-111.955605,-33.646572,128.42383,35.324898,68.62015,3.2951788E-4,-0.06796563,0.021942774,2991038,1,502,0.025195042,753
1000106000112,53000100000539,1000106000137,1000106000000,53,0.2798018,1000106000113,-1,1000106000111,1000106000010,1000106000061,47,0.0,0.0,0.0,5261,11.3196,61.442745,17.995981,91833,1,6,2,-102.5971,-25.838022,139.81512,37.73919,72.547676,0.069863945,-0.09495562,0.10487504,2991000,1,539,0.018878007,18
1000106000113,52000100001708,1000106000137,1000106000000,52,0.31970343,1000106000114,-1,1000106000112,1000106000113,-1,63,5.508203,4.4754148,4.8196774,5261,11.354599,61.45705,17.953648,91833,1,6,2,-89.99608,-24.820646,143.72186,35.88591,77.316345,0.007902403,0.019483896,-0.040888347,2991047,1,1708,0.023415321,266
1000106000114,51000100001718,1000106000137,1000106000000,51,0.36234027,1000106000115,-1,1000106000113,1000106000114,-1,60,5.1639404,4.5614805,4.733612,5261,11.382008,61.464565,17.901344,91833,1,6,2,-80.79686,-20.19548,149.54839,32.462463,68.35538,-0.10014631,-0.12605232,0.14158893,2990485,1,1718,0.025593799,712
1000106000115,50000100001695,1000106000137,1000106000000,50,0.40789944,1000106000116,-1,1000106000114,1000106000115,-1,64,5.3360715,4.5614805,4.905743,5261,11.420599,61.48109,17.840464,91833,1,6,1,-77.723854,-14.519615,152.84862,32.74328,68.159996,0.041986216,0.06276075,-0.031490646,2990485,1,1695,0.030443419,121
1000106000116,49000100001833,1000106000137,1000106000000,49,0.45657724,1000106000117,-1,1000106000115,1000106000116,-1,58,5.2500057,4.6475463,4.991809,5261,11.448582,61.488884,17.784504,91833,1,6,1,-70.659836,-12.991804,158.70384,37.179558,72.20147,0.108563095,-0.03530349,0.14609191,2990485,1,1833,0.021300953,590
1000106000117,48000100001825,1000106000137,1000106000000,48,0.5085914,1000106000118,-1,1000106000116,1000106000117,-1,59,5.7664,4.5614805,5.1639404,5261,11.472315,61.49388,17.701313,91833,1,6,1,-65.74941,-5.616968,157.3454,41.82588,75.24677,-0.0942665,-0.07992532,-0.001410956,2991040,1,1825,0.020971946,711
1000106000118,47000100001788,1000106000137,1000106000000,47,0.5641766,1000106000119,-1,1000106000117,1000106000118,-1,61,5.4221373,5.0778747,5.1639404,5261,11.492299,61.488552,17.640345,91833,1,6,1,-60.843647,3.3711061,159.62587,42.33198,78.878716,0.019244991,-0.02653642,-0.07954945,2991040,1,1788,0.020538736,228
1000106000119,46000100001547,1000106000137,1000106000000,46,0.6235901,1000106000120,-1,1000106000118,1000106000119,-1,64,5.594269,4.905743,5.4221373,5258,11.523077,61.48497,17.564642,91805,1,6,1,-52.125854,7.529822,160.39465,42.336735,80.865906,-0.0861574,-0.045827214,0.0046547377,2991043,1,1547,0.022112936,220
1000106000120,45000100001715,1000106000137,1000106000000,45,0.6871088,1000106000121,-1,1000106000119,1000106000120,-1,66,5.9385314,5.1639404,5.9385314,5258,11.539967,61.47114,17.493437,91805,1,6,1,-46.791092,16.206959,161.4009,39.8441,75.52471,-0.07809021,-0.0103213815,-0.06392196,2991043,1,1715,0.022981886,615
1000106000121,44000100001724,1000106000137,1000106000000,44,0.75503564,1000106000122,-1,1000106000120,1000106000121,-1,65,5.680334,4.991809,5.4221373,5258,11.574378,61.451817,17.427328,91805,1,6,1,-40.272964,24.611914,161.57501,40.761604,73.042984,-0.009657808,0.026866226,-0.022834675,2991040,1,1724,0.02491844,313
1000106000122,43000100001651,1000106000137,1000106000000,43,0.8276991,1000106000123,-1,1000106000121,1000106000122,-1,68,5.8524656,4.3893495,5.680334,5258,11.594491,61.43661,17.355011,91805,1,6,1,-33.158546,33.288666,162.09431,39.232594,72.91829,-0.023158247,0.029776765,-0.08105884,2991040,1,1651,0.025142504,462
1000106000123,42000100001729,1000106000137,1000106000000,42,0.9054624,1000106000124,-1,1000106000122,1000106000123,-1,65,5.3360715,4.5614805,5.2500057,5258,11.603565,61.42105,17.26243,91805,1,6,1,-26.669058,41.056274,164.94478,38.49226,75.91891,0.16371936,0.043631084,0.03877723,2991040,1,1729,0.021414818,84
1000106000124,41000100001840,1000106000137,1000106000000,41,0.98870814,1000106000125,-1,1000106000123,1000106000124,-1,59,4.905743,4.905743,4.905743,5258,11.613707,61.403442,17.178415,91805,1,6,1,-24.282711,50.523003,167.20396,41.60423,77.24356,0.100027815,-0.040595252,0.035327576,2991000,1,1840,0.02009614,290
1000106000125,40000100001791,1000106000137,1000106000000,40,1.0778745,1000106000126,-1,1000106000124,1000106000125,-1,59,4.991809,4.6475463,4.991809,5258,11.610875,61.36932,17.086582,91805,1,6,1,-16.79777,55.248703,162.9735,43.740353,75.19574,0.10287415,-0.15738125,0.15576339,2991040,1,1791,0.022650577,692
1000106000126,39000100002109,1000106000137,1000106000000,39,1.173417,1000106000127,-1,1000106000125,1000106000126,-1,51,4.733612,4.733612,4.733612,5258,11.643071,61.3367,16.999752,91805,1,6,1,-8.425117,53.72582,159.49008,41.876133,74.443665,0.08963699,-0.053007714,0.07121272,2991043,1,2109,0.020334754,631
1000106000127,38000100001317,1000106000137,1000106000000,38,1.2758462,1000106000128,-1,1000106000126,1000106000127,-1,53,4.131152,3.8729553,4.131152,5258,11.638429,61.29922,16.912228,91805,1,6,1,-0.39566922,55.618847,151.73158,38.167088,70.7099,0.26840964,-0.14484835,0.1968815,2991043,1,1317,0.02128133,760
1000106000128,37000100001235,1000106000137,1000106000000,37,1.3857181,1000106000129,-1,1000106000127,1000106000128,1000106000217,72,4.131152,3.8729553,4.131152,5258,11.647658,61.282322,16.849663,91805,1,6,1,8.041032,52.342587,139.06485,35.73168,67.76147,-0.06987713,-0.17109394,0.2673658,2991039,1,1235,0.031820524,789
1000106000129,36000100001311,1000106000137,1000106000000,36,1.5036365,1000106000130,-1,1000106000128,1000106000129,-1,61,3.0122986,2.4098387,3.098364,5258,11.655389,61.28515,16.769892,91805,1,6,1,20.012806,44.677128,135.5142,35.65118,62.384377,0.13615811,-0.0114227785,-0.038201775,2991088,1,1311,0.03202689,756
1000106000130,35000100001516,1000106000137,1000106000000,35,1.6302707,1000106000131,-1,1000106000129,1000106000130,-1,66,3.442627,3.098364,3.442627,5258,11.635318,61.240498,16.668571,91805,1,6,1,26.10359,32.6684,126.52326,39.39381,71.28287,0.23992293,0.004504687,0.14385767,3157444,1,1516,0.02671925,519
1000106000131,34000100001704,1000106000137,1000106000000,34,1.766336,1000106000132,-1,1000106000130,1000106000131,-1,57,3.7868896,3.3565612,3.7868896,5258,11.626689,61.227173,16.620914,91805,1,6,1,31.642296,31.530516,114.76313,45.11835,72.89532,-0.048327494,-0.054023344,0.16162406,2991088,1,1704,0.022005877,712
1000106000132,33000100001761,1000106000137,1000106000000,33,1.9126327,1000106000133,-1,1000106000131,1000106000132,-1,49,4.0450864,3.8729553,4.0450864,5258,11.576202,61.209335,16.542099,91801,1,6,1,29.855188,26.948837,104.754524,47.511944,77.9573,-0.17169337,-0.28258172,0.31483877,2991048,1,1761,0.015853425,908
1000106000133,32000100001852,1000106000137,1000106000000,32,2.0700274,1000106000134,-1,1000106000132,1000106000133,-1,48,2.4959044,2.4098387,2.4959044,5258,11.538953,61.18204,16.46865,91801,1,6,1,26.106602,32.12743,95.67709,46.08644,74.59382,-0.10581449,-0.2395387,0.39081746,2991039,1,1852,0.018019253,946
1000106000134,31000100001967,1000106000137,1000106000000,31,2.2394855,1000106000135,-1,1000106000133,1000106000134,-1,47,1.8934448,1.8934448,1.9795104,5258,11.500569,61.18336,16.404705,91801,1,6,1,27.477274,34.53593,106.42738,45.03034,64.992775,-0.13058442,-0.16894864,0.41419867,2991041,1,1967,0.02346621,345
1000106000135,30000100002259,1000106000137,1000106000000,30,2.422044,1000106000136,-1,1000106000134,1000106000135,-1,40,1.2909851,1.2909851,1.2909851,5258,11.46038,61.181393,16.354235,91801,1,6,1,29.031298,13.443104,96.97372,44.554424,83.44356,0.020261161,0.14627884,-0.07689953,2991048,1,2259,0.025782367,848
1000106000136,29000100003584,1000106000137,1000106000000,29,2.6188614,1000106000137,-1,1000106000135,1000106000136,-1,23,1.032788,0.9467224,1.032788,5258,11.565915,61.138275,16.362871,91801,1,6,1,19.123922,13.498062,85.888,36.447693,60.15823,0.20319563,-0.050741706,-0.0376819,2991041,1,3584,0.0153816305,723
1000106000137,28000100003668,1000106000137,1000106000000,28,2.8311827,-1,-1,1000106000136,1000106000137,-1,20,0.774591,0.60245967,0.774591,5258,11.574449,61.131847,16.314543,91801,1,6,1,18.629736,11.003944,86.00109,33.90026,54.011765,0.14582653,0.034301355,-0.058023807,2991040,1,3668,0.015183903,608
