haloID,subHaloID,lastProgenitorId,treeId,snapNum,redshift,firstProgenitorId,nextProgenitorId,descendantId,firstHaloInFOFgroupId,nextHaloInFOFgroupId,np,m_Mean200,m_Crit200,m_TopHat,phKey,x,y,z,zIndex,ix,iy,iz,velX,velY,velZ,velDisp,vMax,spinX,spinY,spinZ,mostBoundID,fileNr,subhaloIndex,halfmassRadius,random
6000097000000,63000600000394,6000097000124,6000097000000,63,0.0,6000097000001,-1,-1,6000097000000,6000097000125,1005,99.66405,60.504166,80.04108,26870,8.857845,46.352055,46.754047,200631,0,5,5,-110.117195,153.99873,-4.2664146,86.49387,161.98662,0.02341938,-1.7350197,-1.2193891,17027517,6,394,0.08349896,994
6000097000001,62000600000392,6000097000124,6000097000000,62,0.019932542,6000097000002,-1,6000097000000,6000097000001,6000097000126,1009,97.08208,60.504166,76.51238,26870,8.882245,46.322903,46.753555,200631,0,5,5,-109.457886,154.5203,-4.353777,84.491455,158.06862,0.020022763,-1.5703081,-1.1322691,17027517,6,392,0.08673538,95
6000097000002,61000600000377,6000097000124,6000097000000,61,0.041403063,6000097000003,-1,6000097000001,6000097000002,6000097000127,1042,90.541084,60.159904,75.73779,26870,8.903409,46.286526,46.752594,200631,0,5,5,-105.15599,154.21783,-7.0172544,85.03075,156.55748,0.015417216,-1.8771182,-1.477627,17027517,6,377,0.089857474,810
6000097000003,60000600000320,6000097000124,6000097000000,60,0.064493395,6000097000004,-1,6000097000002,6000097000003,6000097000128,986,87.44272,59.729576,75.56566,26870,8.928874,46.25233,46.755405,200631,1,5,5,-109.7195,153.96426,-4.072873,87.31539,162.13565,0.16539562,-1.2430838,-1.2671324,17027566,6,320,0.08305656,723
6000097000004,59000600000381,6000097000124,6000097000000,59,0.08928783,6000097000005,-1,6000097000003,6000097000004,6000097000129,963,84.34436,59.47138,75.04926,26870,8.962884,46.218517,46.756245,200631,1,5,5,-110.29504,153.7206,-2.2248218,89.56579,166.02744,0.52328473,-1.1537013,-0.8830719,17027546,6,381,0.0785198,772
6000097000005,58000600000383,6000097000124,6000097000000,58,0.11588337,6000097000006,-1,6000097000004,6000097000005,6000097000130,938,85.11895,61.45089,74.44681,26870,8.990769,46.18389,46.759754,200631,1,5,5,-109.7285,152.04956,-1.4625516,89.007545,161.14961,0.5164189,-0.805673,-0.7942707,17027546,6,383,0.07604497,546
6000097000006,57000600000383,6000097000124,6000097000000,57,0.14438343,6000097000007,-1,6000097000005,6000097000006,6000097000131,922,83.053375,62.569744,74.9632,26870,9.026743,46.145103,46.757893,200631,1,5,5,-110.71795,152.33025,0.6134051,89.488594,156.23131,0.6102412,-0.32924268,-0.7999507,17027546,6,383,0.07486075,974
6000097000007,56000600000434,6000097000124,6000097000000,56,0.17489761,6000097000008,-1,6000097000006,6000097000007,-1,886,80.64353,64.46319,74.9632,26870,9.054598,46.09684,46.753193,200631,1,5,5,-111.37006,151.83353,0.021038882,92.8341,164.94774,0.73707175,-0.3596799,-0.6155946,17027517,6,434,0.07030658,678
6000097000008,55000600000359,6000097000124,6000097000000,55,0.20754863,6000097000009,-1,6000097000007,6000097000008,6000097000133,891,78.31976,61.967285,73.069756,26870,9.084019,46.05158,46.75594,200631,1,5,5,-107.196106,154.01852,0.82308865,98.10334,168.72777,0.47797278,-0.07933403,-1.4764222,17027546,6,359,0.06313349,220
6000097000009,54000600000447,6000097000124,6000097000000,54,0.24246909,6000097000010,-1,6000097000008,6000097000009,-1,826,75.56566,61.19269,69.97139,26870,9.115724,46.011585,46.76089,200631,1,5,5,-107.709404,150.3276,-0.89391524,101.39322,171.80295,0.54914147,-0.5919534,-0.6191055,17027546,6,447,0.057305455,135
6000097000010,53000600000417,6000097000094,6000097000000,53,0.2798018,6000097000011,6000097000095,6000097000009,6000097000010,6000097000095,715,73.67222,58.61072,67.561554,26870,9.151322,45.972736,46.755714,200631,1,5,5,-105.57861,136.46434,-5.550655,93.29145,162.42764,0.4866582,-0.47672635,-0.61309475,17027530,6,417,0.054108657,990
6000097000011,52000600000394,6000097000094,6000097000000,52,0.31970343,6000097000012,-1,6000097000010,6000097000011,6000097000096,703,68.76647,53.016453,64.63532,26870,9.183578,45.912735,46.7554,200631,1,5,5,-104.934845,134.4183,-5.3534718,91.90936,164.83157,0.41524944,-0.52325946,-0.54499894,17027546,6,394,0.05571942,81
6000097000012,51000600000440,6000097000094,6000097000000,51,0.36234027,6000097000013,-1,6000097000011,6000097000012,-1,644,61.79515,49.057434,56.717278,26870,9.227869,45.861164,46.764236,200629,1,5,5,-103.58011,132.00345,-5.8245435,91.22414,157.4641,0.56035435,-0.5947431,-0.5931866,17020823,6,440,0.051502027,511
6000097000013,50000600000425,6000097000094,6000097000000,50,0.40789944,6000097000014,-1,6000097000012,6000097000013,-1,637,55.85662,46.475464,53.360718,26870,9.274309,45.796005,46.76104,200629,1,5,5,-102.39222,133.18365,-5.516197,90.201935,160.29723,0.5952758,-0.5010216,-0.6300726,17014095,6,425,0.05077046,459
6000097000014,49000600000445,6000097000094,6000097000000,49,0.45657724,6000097000015,-1,6000097000013,6000097000014,-1,618,54.04924,46.30333,51.553337,26870,9.303733,45.746693,46.767532,200629,1,5,5,-103.43529,139.24706,-10.478723,88.426796,160.90398,-0.12243523,-0.46826246,-0.4122199,17027566,6,445,0.050502352,864
6000097000015,48000600000461,6000097000094,6000097000000,48,0.5085914,6000097000016,-1,6000097000014,6000097000015,-1,586,52.069733,45.70087,50.004154,26870,9.35372,45.6922,46.769333,200629,1,5,5,-104.73969,138.40407,-11.30305,88.70725,158.56183,-0.11017437,-0.37724948,-0.27418512,17027596,6,461,0.04596671,514
6000097000016,47000600000484,6000097000094,6000097000000,47,0.5641766,6000097000017,-1,6000097000015,6000097000016,-1,535,50.606613,42.77464,48.627106,26870,9.389247,45.62695,46.776646,200629,1,5,5,-101.69673,136.84416,-10.076826,91.008835,157.56403,0.024986004,-0.3582641,-0.44923207,17027596,6,484,0.040636383,924
6000097000017,46000600000481,6000097000094,6000097000000,46,0.6235901,6000097000018,-1,6000097000016,6000097000017,-1,580,48.971367,43.032837,47.250053,26870,9.435241,45.563396,46.790142,200629,1,5,5,-102.615074,137.61537,-9.897788,89.97819,163.9306,0.14492224,-0.31747565,-0.2606158,17027530,6,481,0.045313604,324
6000097000018,45000600000501,6000097000094,6000097000000,45,0.6871088,6000097000019,-1,6000097000017,6000097000018,-1,511,46.475464,42.94677,45.18448,26870,9.479541,45.50344,46.80465,200629,1,5,5,-101.89937,138.59795,-12.684054,90.6869,159.2144,0.17511469,-0.3102602,-0.31694397,16141023,6,501,0.039340947,983
6000097000019,44000600000488,6000097000094,6000097000000,44,0.75503564,6000097000020,-1,6000097000018,6000097000019,-1,548,44.495953,40.53693,43.29103,26870,9.522141,45.443157,46.811447,200629,1,5,5,-101.41284,136.00858,-13.662585,87.94076,158.39134,0.18461601,-0.3794088,-0.42563897,16141023,6,488,0.045175754,823
6000097000020,43000600000530,6000097000094,6000097000000,43,0.8276991,6000097000021,-1,6000097000019,6000097000020,-1,492,41.827915,37.95496,40.795128,26870,9.569369,45.38085,46.82543,200629,1,5,5,-99.49833,133.06963,-13.679394,88.28331,157.59236,0.3641608,-0.3280521,-0.3559951,17027554,6,530,0.040591512,273
6000097000021,42000600000518,6000097000094,6000097000000,42,0.9054624,6000097000022,-1,6000097000020,6000097000021,-1,487,40.3648,36.319714,39.59021,26870,9.636847,45.320145,46.82372,200629,1,5,5,-101.61097,134.05225,-13.723042,87.493996,158.2623,0.4411483,-0.35859713,-0.3205624,16141023,6,518,0.040310435,718
6000097000022,41000600000463,6000097000094,6000097000000,41,0.98870814,6000097000023,-1,6000097000021,6000097000022,-1,488,39.848404,36.147583,39.332012,26870,9.684896,45.243977,46.83625,200629,1,5,5,-99.56408,133.34845,-12.749351,90.13116,155.70447,0.23816992,-0.40309027,-0.6657389,16141031,6,463,0.03928523,58
6000097000023,40000600000484,6000097000094,6000097000000,40,1.0778745,6000097000024,-1,6000097000022,6000097000023,-1,471,42.000046,37.00824,41.913982,26870,9.740467,45.179703,46.8448,200629,1,5,5,-100.22981,131.85542,-9.84943,94.070465,158.10196,0.28708938,-0.34746864,-0.57755595,16141023,6,484,0.03554286,709
6000097000024,39000600000425,6000097000094,6000097000000,39,1.173417,6000097000025,-1,6000097000023,6000097000024,-1,509,41.053326,39.073814,40.96726,26869,9.787722,45.09642,46.859074,200636,1,5,5,-96.27465,129.79935,-13.69848,95.88055,159.18707,0.22506663,-0.47397336,-0.7139913,16141018,6,425,0.038055066,814
6000097000025,38000600000403,6000097000094,6000097000000,38,1.2758462,6000097000026,-1,6000097000024,6000097000025,-1,495,41.569717,38.987747,41.569717,26869,9.842932,45.041897,46.84815,200636,1,5,5,-94.5393,127.46891,-15.745071,98.37791,164.72246,0.24208431,-0.40270835,-0.5830474,16141023,6,403,0.03430835,993
6000097000026,37000600000382,6000097000094,6000097000000,37,1.3857181,6000097000027,-1,6000097000025,6000097000026,-1,519,43.635296,41.311523,43.979557,26869,9.889459,44.976593,46.85158,200636,1,5,5,-91.42842,124.048096,-17.068426,97.92045,158.44066,0.22296676,-0.4521442,-0.4991954,17027565,6,382,0.041347153,909
6000097000027,36000600000397,6000097000085,6000097000000,36,1.5036365,6000097000028,6000097000086,6000097000026,6000097000027,-1,456,40.450867,39.504143,40.53693,26868,9.943821,44.88947,46.86261,200622,1,5,5,-88.76181,132.75179,-23.514128,105.08899,167.2452,-0.18126488,-0.18142219,-0.20504916,17027565,6,397,0.032904763,764
6000097000028,35000600000409,6000097000075,6000097000000,35,1.6302707,6000097000029,6000097000076,6000097000027,6000097000028,-1,394,36.147583,35.459057,36.147583,26868,9.984919,44.822193,46.87337,200622,1,5,5,-88.14723,118.76753,-22.639673,118.75456,184.0684,0.04086983,-0.23976934,-0.16925073,17027529,6,409,0.022878433,716
6000097000029,34000600000392,6000097000075,6000097000000,34,1.766336,6000097000030,-1,6000097000028,6000097000029,-1,373,32.102497,31.069708,32.36069,28347,10.031296,44.754013,46.893833,214666,1,5,5,-85.71405,119.18727,-26.061075,99.5397,157.06133,0.111124754,-0.17972644,-0.14473799,17027522,6,392,0.029128477,103
6000097000030,33000600000405,6000097000042,6000097000000,33,1.9126327,6000097000031,6000097000043,6000097000029,6000097000030,6000097000055,254,20.827892,19.192644,21.25822,28347,10.064371,44.641056,46.947433,214666,1,4,5,-89.84907,120.465996,-23.146152,75.67171,116.64055,0.016818957,-0.38207093,-0.44624576,16141021,6,405,0.035458777,575
6000097000031,32000600000458,6000097000042,6000097000000,32,2.0700274,6000097000032,-1,6000097000030,6000097000031,6000097000056,193,10.8442745,10.327881,11.446734,28347,10.119604,44.580025,46.967415,214666,1,4,5,-90.47451,122.595726,-11.208468,66.37998,110.80728,-0.25806612,-0.4297152,-0.6383911,16143598,6,458,0.031461228,181
6000097000032,31000600000849,6000097000042,6000097000000,31,2.2394855,6000097000033,-1,6000097000031,6000097000032,-1,117,8.606567,8.434436,8.864764,28347,10.186129,44.51402,46.970432,214666,1,4,5,-94.88782,138.47052,-32.49639,63.473984,108.94805,-0.14854945,0.05712089,-0.119986996,16143598,6,849,0.02090525,446
6000097000033,30000600000829,6000097000042,6000097000000,30,2.422044,6000097000034,-1,6000097000032,6000097000033,-1,108,6.799188,6.7131224,7.2295165,28347,10.25397,44.440685,46.97377,214666,1,4,5,-90.60985,137.68446,-31.792788,59.856796,100.01228,-0.037250943,-0.13704316,0.069032446,17014094,6,829,0.021667983,266
6000097000034,29000600000764,6000097000042,6000097000000,29,2.6188614,6000097000035,-1,6000097000033,6000097000034,-1,102,6.540991,6.4549255,6.7131224,28347,10.282032,44.347073,47.008816,214666,1,4,5,-93.4867,133.08206,-25.333982,55.3313,100.003006,-0.05422533,-0.014037758,-0.17910506,17027532,6,764,0.021439826,551
6000097000035,28000600000952,6000097000042,6000097000000,28,2.8311827,6000097000036,-1,6000097000034,6000097000035,-1,80,5.3360715,5.0778747,5.680334,28347,10.327769,44.260548,47.00948,214666,1,4,5,-86.31932,138.16568,-8.75931,62.640995,103.600105,-0.35299408,-0.091431044,-0.2463769,17027530,6,952,0.016914748,466
6000097000036,27000600001153,6000097000042,6000097000000,27,3.060419,6000097000037,-1,6000097000035,6000097000036,-1,60,5.3360715,5.3360715,5.3360715,28347,10.387213,44.17334,47.00573,214666,1,4,5,-81.54879,145.56128,-6.084157,61.009567,103.96966,-0.07735279,-0.075572915,-0.1076374,17014095,6,1153,0.012808715,964
6000097000037,26000600001080,6000097000042,6000097000000,26,3.3080978,6000097000038,-1,6000097000036,6000097000037,-1,58,4.3893495,4.0450864,4.733612,28347,10.4416685,44.072723,47.000546,214666,1,4,5,-76.484634,135.58224,-4.959151,55.060177,94.731735,-0.08835802,-0.08884122,-0.09173479,16143605,6,1080,0.01602174,394
6000097000038,25000600001063,6000097000042,6000097000000,25,3.575905,6000097000039,-1,6000097000037,6000097000038,-1,52,2.5819702,2.5819702,2.5819702,28347,10.494413,43.95191,46.999916,214666,1,4,5,-80.32804,133.50194,-7.684934,53.138454,84.95023,-0.121879525,-0.06430679,-0.10070119,17014098,6,1063,0.014729832,971
6000097000039,24000600001052,6000097000042,6000097000000,24,3.8656828,6000097000040,-1,6000097000038,6000097000039,-1,46,2.4098387,2.4098387,2.4098387,28347,10.543903,43.899567,46.988026,214664,1,4,5,-77.804436,132.93813,-7.31675,52.02481,86.64247,-0.18245663,-0.098105155,-0.1471596,17014094,6,1052,0.011833671,706
6000097000040,23000600001595,6000097000042,6000097000000,23,4.1794686,6000097000041,-1,6000097000039,6000097000040,-1,28,2.2377074,2.2377074,2.2377074,28347,10.567943,43.844326,46.97926,214664,1,4,5,-76.09906,119.60253,7.175556,50.685818,89.004295,-0.059063673,-0.027879331,-0.03024928,17014101,6,1595,0.008518794,465
6000097000041,22000600001369,6000097000042,6000097000000,22,4.5195556,6000097000042,-1,6000097000040,6000097000041,-1,28,2.2377074,2.2377074,2.2377074,28347,10.593937,43.769936,46.98464,214664,1,4,5,-73.348885,110.911934,2.0819066,53.519474,89.98974,-0.06259081,-0.029251331,-0.0320317,17014102,6,1369,0.0077861277,236
6000097000042,21000600001215,6000097000042,6000097000000,21,4.888449,-1,-1,6000097000041,6000097000042,-1,27,1.1188537,1.1188537,1.2049193,28347,10.631999,43.697857,46.994873,214664,1,4,5,-70.318985,104.69197,-0.018079452,43.62929,79.51053,-0.032367542,0.012161971,-0.06242584,16143606,6,1215,0.010324235,436
6000097000043,33000600000407,6000097000054,6000097000000,33,1.9126327,6000097000044,6000097000055,6000097000029,6000097000030,-1,27,0.0,0.0,0.0,28347,9.995088,44.55105,46.988575,214666,1,4,5,4.9407716,181.782,-111.34346,46.3421,80.993256,0.08359736,-0.03456433,0.02329984,17027924,6,407,0.009794196,225
6000097000044,32000600001793,6000097000054,6000097000000,32,2.0700274,6000097000045,-1,6000097000043,6000097000044,-1,49,4.4754148,4.4754148,4.5614805,28347,9.983581,44.45671,47.06077,214666,1,4,5,-9.957651,146.11774,-97.3074,49.0701,95.024734,-0.07527781,0.06439131,0.0335016,17027924,6,1793,0.01279564,785
6000097000045,31000600001716,6000097000054,6000097000000,31,2.2394855,6000097000046,-1,6000097000044,6000097000045,-1,49,4.733612,4.3893495,4.8196774,28347,9.982806,44.373283,47.105934,214666,1,4,5,-25.4698,136.97495,-83.33716,56.782948,96.99654,-0.0479508,0.09465963,0.14023758,17014122,6,1716,0.011380976,541
6000097000046,30000600001385,6000097000054,6000097000000,30,2.422044,6000097000047,-1,6000097000045,6000097000046,-1,56,4.733612,4.733612,4.8196774,28347,9.996531,44.313004,47.16277,214666,1,4,5,-33.337025,127.0085,-77.09973,49.95137,91.67282,-0.07280471,0.07756491,0.1434733,17027924,6,1385,0.0141402455,679
6000097000047,29000600001360,6000097000054,6000097000000,29,2.6188614,6000097000048,-1,6000097000046,6000097000047,-1,53,3.8729553,3.7868896,3.8729553,28347,10.0065565,44.245743,47.195507,214666,1,4,5,-32.65879,123.247086,-74.73958,46.266037,83.070335,-0.007782737,0.07785508,0.19405372,17027924,6,1360,0.016433138,680
6000097000048,28000600001482,6000097000054,6000097000000,28,2.8311827,6000097000049,-1,6000097000047,6000097000048,-1,50,3.3565612,2.840167,3.3565612,28347,10.063187,44.162968,47.213757,214666,1,4,5,-32.822174,116.00305,-62.47629,48.034443,87.6946,0.03422258,0.14501329,0.17532302,17027922,6,1482,0.015917124,550
6000097000049,27000600001517,6000097000054,6000097000000,27,3.060419,6000097000050,-1,6000097000048,6000097000049,-1,44,3.9590209,3.9590209,3.9590209,28347,10.054488,44.09108,47.274548,214666,1,4,5,-47.604187,123.61269,-62.0353,54.490303,92.110695,-0.012750003,0.04736483,-0.025760785,17014082,6,1517,0.010963351,964
6000097000050,26000600001412,6000097000054,6000097000000,26,3.3080978,6000097000051,-1,6000097000049,6000097000050,-1,44,3.7008238,3.7008238,3.7008238,28347,10.080953,44.047077,47.28756,214666,1,4,5,-47.718765,116.87133,-55.75395,61.098858,100.52532,-0.02238843,0.061564006,-0.07624959,17027924,6,1412,0.008939007,969
6000097000051,25000600001707,6000097000054,6000097000000,25,3.575905,6000097000052,-1,6000097000050,6000097000051,-1,34,2.6680357,2.6680357,2.840167,28347,10.112005,43.970768,47.28623,214666,1,4,5,-41.07533,103.261925,-42.331722,51.1104,84.98227,0.012281836,0.09955248,1.5748822E-4,17013693,6,1707,0.0122216055,132
6000097000052,24000600001473,6000097000054,6000097000000,24,3.8656828,6000097000053,-1,6000097000051,6000097000052,-1,35,2.1516418,2.1516418,2.2377074,28347,10.1576,43.91067,47.339436,214664,1,4,5,-42.78135,101.67509,-45.063656,43.903988,80.359886,0.002937068,0.06062358,0.06391537,17014124,6,1473,0.012201155,983
6000097000053,23000600001562,6000097000054,6000097000000,23,4.1794686,6000097000054,-1,6000097000052,6000097000053,-1,29,1.549182,1.549182,1.8934448,28347,10.189006,43.857956,47.3587,214664,1,4,5,-52.81466,103.40115,-46.655205,44.468586,76.12366,9.644645E-4,0.090408996,0.028801186,17014124,6,1562,0.00967077,81
6000097000054,22000600001652,6000097000054,6000097000000,22,4.5195556,-1,-1,6000097000053,6000097000054,-1,23,1.8934448,1.8934448,1.8934448,28347,10.209105,43.786865,47.389606,214664,1,4,5,-51.584145,94.83747,-46.95128,49.836964,82.4903,-0.02018925,0.20771614,0.051033936,17027924,6,1652,0.00737989,249
6000097000055,33000600000406,6000097000075,6000097000000,33,1.9126327,6000097000056,-1,6000097000029,6000097000030,6000097000043,49,0.0,0.0,0.0,26868,10.089613,44.75672,46.869408,200622,1,5,5,-109.08629,50.084595,40.375835,54.44256,98.17334,-0.13583782,-0.010101276,-0.0688533,16141031,6,406,0.011356839,495
6000097000056,32000600000459,6000097000075,6000097000000,32,2.0700274,6000097000057,-1,6000097000055,6000097000031,-1,59,0.0,0.0,0.0,26868,10.153328,44.71532,46.84167,200622,1,5,5,-97.09114,61.499157,21.777086,61.641277,110.401794,0.041989647,-0.07555723,-0.080168165,17027556,6,459,0.011295196,75
6000097000057,31000600000896,6000097000075,6000097000000,31,2.2394855,6000097000058,-1,6000097000056,6000097000057,-1,105,5.2500057,5.1639404,5.3360715,26868,10.208737,44.69163,46.826687,200622,1,5,5,-83.79422,60.64928,19.682543,52.005028,103.72,0.13313727,-0.20068294,-0.3215216,16140968,6,896,0.021752656,229
6000097000058,30000600000695,6000097000075,6000097000000,30,2.422044,6000097000059,-1,6000097000057,6000097000058,-1,134,4.3893495,4.3893495,4.6475463,26868,10.2550745,44.64224,46.83217,200622,1,4,5,-70.0094,66.12148,20.405596,45.115417,92.474266,0.43841204,-0.6888767,-0.5696792,16141023,6,695,0.05024735,533
6000097000059,29000600001199,6000097000069,6000097000000,29,2.6188614,6000097000060,6000097000070,6000097000058,6000097000059,-1,64,3.9590209,3.8729553,4.0450864,26868,10.296937,44.589455,46.817905,200622,1,4,5,-97.98953,71.94572,-3.9983916,45.45423,90.20787,0.094345845,-0.24203716,-0.081234746,16141023,6,1199,0.016171454,182
6000097000060,28000600001158,6000097000069,6000097000000,28,2.8311827,6000097000061,-1,6000097000059,6000097000060,-1,60,3.6147583,3.6147583,3.6147583,26868,10.346459,44.551914,46.811737,200622,1,4,5,-92.25842,71.442245,-10.143119,51.056633,100.66954,0.034446117,-0.016706573,-0.12238599,16141018,6,1158,0.013913042,415
6000097000061,27000600001179,6000097000069,6000097000000,27,3.060419,6000097000062,-1,6000097000060,6000097000061,-1,56,4.0450864,3.8729553,4.217218,26868,10.414083,44.50855,46.813053,200622,1,4,5,-89.242645,70.407135,-11.168297,53.800488,98.03988,-0.0054425136,0.05658845,-0.113645084,16141018,6,1179,0.011445788,902
6000097000062,26000600001186,6000097000069,6000097000000,26,3.3080978,6000097000063,-1,6000097000061,6000097000062,-1,50,3.8729553,3.7868896,3.9590209,26868,10.459839,44.450542,46.82438,200622,1,4,5,-84.313934,61.678543,-12.336973,52.162262,95.34643,0.06144913,0.00953907,-0.096771255,17027558,6,1186,0.011041561,418
6000097000063,25000600001014,6000097000069,6000097000000,25,3.575905,6000097000064,-1,6000097000062,6000097000063,-1,53,4.217218,4.131152,4.217218,26868,10.51048,44.4329,46.838593,200622,1,4,5,-82.72754,68.36695,-9.406604,54.767223,101.42045,0.078004405,0.033475265,-0.095324546,16141019,6,1014,0.011717396,659
6000097000064,24000600000927,6000097000069,6000097000000,24,3.8656828,6000097000065,-1,6000097000063,6000097000064,-1,52,3.8729553,3.7868896,3.8729553,26868,10.556479,44.407703,46.849842,200622,1,4,5,-73.91401,64.742836,-12.136581,57.26024,101.30695,0.01928901,-0.006721196,-0.047312167,16141019,6,927,0.009737672,527
6000097000065,23000600000860,6000097000069,6000097000000,23,4.1794686,6000097000066,-1,6000097000064,6000097000065,-1,48,3.3565612,3.3565612,3.6147583,26868,10.58549,44.360817,46.85235,200622,1,4,5,-72.597664,65.382164,-10.577549,53.290287,96.26388,0.0055694985,0.008256954,-0.039334435,17027561,6,860,0.011092153,206
6000097000066,22000600000900,6000097000069,6000097000000,22,4.5195556,6000097000067,-1,6000097000065,6000097000066,-1,40,2.7541015,2.7541015,3.18443,26868,10.637512,44.306767,46.871735,200622,1,4,5,-69.848915,68.32515,0.005056593,58.77074,106.441124,0.042582188,0.032533955,-0.036389824,17027556,6,900,0.0091762785,438
6000097000067,21000600000914,6000097000069,6000097000000,21,4.888449,6000097000068,-1,6000097000066,6000097000067,-1,34,2.1516418,2.1516418,2.1516418,26868,10.655386,44.28263,46.856308,200622,1,4,5,-66.971146,72.928635,-8.148201,51.674545,89.85232,0.1541553,0.025183985,-0.057622008,17027567,6,914,0.008682953,954
6000097000068,20000600000742,6000097000069,6000097000000,20,5.2888336,6000097000069,-1,6000097000067,6000097000068,-1,33,1.549182,1.549182,1.8073791,28347,10.722397,44.235954,46.917866,214666,1,4,5,-67.55678,70.62279,-7.2708225,49.49881,83.8141,0.17533335,0.08811309,-0.017076947,17027558,6,742,0.009636057,427
6000097000069,19000600000975,6000097000069,6000097000000,19,5.7238646,-1,-1,6000097000068,6000097000069,-1,22,1.4631164,1.4631164,1.4631164,28347,10.765678,44.17984,46.919884,214667,1,4,5,-67.14777,62.139812,-29.370861,50.061687,92.00018,0.055845525,0.045815084,-0.016762335,17027563,6,975,0.005341918,510
6000097000070,29000600001626,6000097000075,6000097000000,29,2.6188614,6000097000071,-1,6000097000058,6000097000070,-1,46,2.2377074,2.1516418,2.4098387,26868,10.2556095,44.750397,46.68872,200622,1,5,5,-69.94469,64.81585,35.527225,41.865273,71.783806,-0.041877057,0.013088492,-0.15529081,16140995,6,1626,0.01723964,497
6000097000071,28000600001600,6000097000075,6000097000000,28,2.8311827,6000097000072,-1,6000097000070,6000097000071,-1,43,2.4959044,2.4959044,2.4959044,26868,10.272927,44.735188,46.669323,200622,1,5,5,-71.45774,58.269436,36.95952,44.53954,70.58659,-0.13254063,0.052316073,-0.1633157,16141042,6,1600,0.017537273,882
6000097000072,27000600001713,6000097000075,6000097000000,27,3.060419,6000097000073,-1,6000097000071,6000097000072,-1,38,2.9262328,2.7541015,3.098364,26868,10.347236,44.642902,46.62133,200622,1,5,5,-74.13566,65.22696,33.583294,47.870255,79.200096,0.056275208,0.025236188,-0.11764547,16141066,6,1713,0.012289629,342
6000097000073,26000600001749,6000097000075,6000097000000,26,3.3080978,6000097000074,-1,6000097000072,6000097000073,-1,35,1.1188537,1.1188537,1.1188537,26868,10.399892,44.66457,46.633617,200622,1,5,5,-68.760635,58.120415,24.363724,46.196648,72.08318,-0.029909667,-0.00604454,-0.1361334,16140996,6,1749,0.01579106,561
6000097000074,25000600001487,6000097000075,6000097000000,25,3.575905,6000097000075,-1,6000097000073,6000097000074,-1,35,1.7213135,1.6352477,2.2377074,26868,10.41222,44.60337,46.604633,200622,1,4,5,-59.03914,53.972286,22.446125,46.76819,76.38904,-0.01272873,-0.046389148,-0.1489157,16140953,6,1487,0.012988757,428
6000097000075,24000600002002,6000097000075,6000097000000,24,3.8656828,-1,-1,6000097000074,6000097000075,-1,23,0.86065674,0.86065674,0.9467224,26868,10.48124,44.550343,46.648613,200622,1,4,5,-78.87111,81.28688,35.541515,43.711872,68.47915,0.03058576,0.1662834,-0.073389605,16140966,6,2002,0.013275056,747
6000097000076,35000600003833,6000097000085,6000097000000,35,1.6302707,6000097000077,-1,6000097000027,6000097000076,-1,20,1.2049193,1.032788,1.2909851,26868,9.996021,44.51376,46.872437,200622,1,4,5,-115.95292,226.7913,18.458996,24.93828,54.34763,-0.081951916,0.123804286,0.0016909225,16143630,6,3833,0.019378377,282
6000097000077,34000600003712,6000097000085,6000097000000,34,1.766336,6000097000078,-1,6000097000076,6000097000077,-1,23,1.3770508,1.3770508,1.3770508,26868,10.066465,44.393642,46.842953,200622,1,4,5,-111.02099,210.73502,19.894705,24.523556,53.260876,-0.06999432,0.16283464,-0.041992318,16143612,6,3712,0.017332667,221
6000097000078,33000600003936,6000097000085,6000097000000,33,1.9126327,6000097000079,-1,6000097000077,6000097000078,-1,21,1.549182,1.549182,1.549182,26868,10.119937,44.279945,46.8387,200622,1,4,5,-107.61195,191.47235,19.126001,28.126284,56.563137,0.008687515,0.19898467,-0.018812478,16143612,6,3936,0.015478795,537
6000097000079,32000600003380,6000097000085,6000097000000,32,2.0700274,6000097000080,-1,6000097000078,6000097000079,-1,23,1.6352477,1.6352477,1.6352477,26868,10.173887,44.178177,46.840893,200622,1,4,5,-100.85308,178.80972,20.89293,36.786568,64.805565,-0.067507744,0.08365909,-0.03092734,16143620,6,3380,0.010576123,114
6000097000080,31000600003448,6000097000085,6000097000000,31,2.2394855,6000097000081,-1,6000097000079,6000097000080,-1,23,1.9795104,1.8934448,1.9795104,26868,10.240563,44.0897,46.834675,200622,1,4,5,-100.43159,170.22177,19.6485,41.556545,69.46973,-0.07744667,0.05546386,-0.013392735,16143630,6,3448,0.009535308,750
6000097000081,30000600003413,6000097000085,6000097000000,30,2.422044,6000097000082,-1,6000097000080,6000097000081,-1,21,1.6352477,1.4631164,1.8934448,26868,10.300311,43.99619,46.814487,200622,1,4,5,-96.09391,165.30696,20.356304,33.185406,61.248814,-0.10351984,0.10689443,0.01821458,16113299,6,3413,0.012471897,599
6000097000082,29000600003668,6000097000085,6000097000000,29,2.6188614,6000097000083,-1,6000097000081,6000097000082,-1,20,0.516394,0.0,0.60245967,26868,10.347837,43.856792,46.770153,200620,1,4,5,-90.415115,157.18817,22.531904,30.849386,52.722313,-0.14097783,0.09964704,0.026369942,16143616,6,3668,0.016472688,984
6000097000083,27000600002703,6000097000085,6000097000000,27,3.060419,6000097000084,-1,6000097000082,6000097000083,-1,23,0.9467224,0.9467224,0.9467224,26868,10.435168,43.708622,46.79634,200620,1,4,5,-96.85072,134.20145,26.594984,36.7585,58.16075,-0.20153342,0.09201114,0.07514524,16143658,6,2703,0.014545741,656
6000097000084,26000600002969,6000097000085,6000097000000,26,3.3080978,6000097000085,-1,6000097000083,6000097000084,-1,20,1.4631164,1.3770508,1.4631164,26868,10.468695,43.64781,46.77439,200620,1,4,5,-100.37633,123.04097,23.091003,44.07442,67.64155,-0.17058581,0.16365951,0.13547212,16143612,6,2969,0.009956399,152
6000097000085,25000600002735,6000097000085,6000097000000,25,3.575905,-1,-1,6000097000084,6000097000085,-1,20,0.0,0.0,0.86065674,26868,10.523514,43.61212,46.748543,200620,1,4,5,-95.51006,118.00911,26.832777,38.97216,61.9041,-0.13799255,0.16685855,0.07521715,16143656,6,2735,0.01250089,674
6000097000086,36000600002579,6000097000094,6000097000000,36,1.5036365,6000097000087,-1,6000097000026,6000097000086,-1,33,1.6352477,1.3770508,2.065576,26869,9.999975,45.09154,46.74797,200636,1,5,5,-76.44834,24.225187,103.77137,31.198736,57.36578,0.35581455,-5.4269825E-5,-0.21186814,16140925,6,2579,0.02486216,542
6000097000087,35000600002449,6000097000094,6000097000000,35,1.6302707,6000097000088,-1,6000097000086,6000097000087,-1,31,1.8934448,1.7213135,1.8934448,26869,10.028182,45.063984,46.701344,200636,1,5,5,-57.814686,47.476715,93.75842,26.263144,53.30455,0.29769388,-0.024705812,-0.15596743,16140885,6,2449,0.022462314,5
6000097000088,34000600002679,6000097000094,6000097000000,34,1.766336,6000097000089,-1,6000097000087,6000097000088,-1,32,1.2049193,1.2049193,1.2049193,26869,10.048653,45.04457,46.64165,200636,1,5,5,-50.417786,58.71415,83.98399,26.722597,54.452915,0.3554588,0.04558515,-0.108891554,16140925,6,2679,0.024137348,544
6000097000089,33000600002985,6000097000094,6000097000000,33,1.9126327,6000097000090,-1,6000097000088,6000097000089,-1,28,1.549182,1.4631164,1.549182,26869,10.08803,45.00021,46.610844,200636,1,5,5,-41.346798,64.72149,73.41289,34.18906,57.574802,0.34820202,0.060317192,-0.16552356,16140843,6,2985,0.019622322,434
6000097000090,32000600002129,6000097000094,6000097000000,32,2.0700274,6000097000091,-1,6000097000089,6000097000090,-1,39,1.1188537,1.1188537,1.2049193,26869,10.113937,44.964954,46.565838,200636,1,5,5,-39.546684,73.80608,68.63739,33.108376,60.063465,0.32956666,0.19565247,-0.11027033,16140843,6,2129,0.023679439,482
6000097000091,31000600001876,6000097000094,6000097000000,31,2.2394855,6000097000092,-1,6000097000090,6000097000091,-1,40,1.2049193,1.1188537,1.2049193,26868,10.167974,44.889065,46.54815,200622,1,5,5,-33.16958,79.51368,57.999687,36.380203,62.899082,0.37659463,0.479515,-0.09584263,16140988,6,1876,0.024902016,103
6000097000092,29000600001625,6000097000094,6000097000000,29,2.6188614,6000097000093,-1,6000097000091,6000097000092,-1,44,2.2377074,2.2377074,2.3237731,26868,10.210236,44.841026,46.44829,200622,1,5,5,-24.737154,87.78398,46.263298,43.3096,70.55741,0.29176363,0.5087076,-0.07515802,16140848,6,1625,0.018614175,796
6000097000093,28000600001569,6000097000094,6000097000000,28,2.8311827,6000097000094,-1,6000097000092,6000097000093,-1,42,1.6352477,1.6352477,1.6352477,26868,10.183251,44.812542,46.414196,200622,1,5,5,-34.491085,81.292984,45.36627,42.989708,67.09079,0.34283352,0.42192188,-0.08416104,16140990,6,1569,0.021630416,20
6000097000094,27000600002205,6000097000094,6000097000000,27,3.060419,-1,-1,6000097000093,6000097000094,-1,30,0.6885254,0.6885254,0.6885254,26868,10.175031,44.764324,46.435417,200622,1,5,5,-15.395975,67.49471,22.737175,39.12989,65.12009,0.1122537,0.19799976,0.015071657,16140922,6,2205,0.018902812,361
6000097000095,53000600000418,6000097000124,6000097000000,53,0.2798018,6000097000096,-1,6000097000009,6000097000010,-1,46,0.0,0.0,0.0,26870,9.160299,45.860935,46.73913,200629,1,5,5,-113.28961,345.00024,21.81904,42.799488,79.90382,0.05185877,0.0017373464,0.083089806,16143680,6,418,0.017192947,57
6000097000096,52000600000395,6000097000124,6000097000000,52,0.31970343,6000097000097,-1,6000097000095,6000097000011,-1,67,0.0,0.0,0.0,26870,9.193139,45.735558,46.724987,200629,1,5,5,-112.43343,305.2632,17.556372,41.712307,79.63536,-0.04470181,-0.022972386,0.004452854,16143680,6,395,0.020766169,184
6000097000097,51000600001317,6000097000124,6000097000000,51,0.36234027,6000097000098,-1,6000097000096,6000097000097,-1,72,7.659845,6.024597,6.971319,26870,9.229276,45.627758,46.728855,200629,1,5,5,-111.88249,279.9218,14.6629925,40.651352,80.28439,-0.10770125,-0.036869653,-0.0752132,16143680,6,1317,0.024505023,378
6000097000098,50000600001371,6000097000124,6000097000000,50,0.40789944,6000097000099,-1,6000097000097,6000097000098,-1,75,7.3155823,6.36886,6.885254,26870,9.279045,45.53032,46.716286,200629,1,5,5,-108.48677,264.8403,13.313162,42.670017,85.43516,0.12043345,0.009997855,0.06965077,16143680,6,1371,0.020274982,240
6000097000099,49000600001381,6000097000124,6000097000000,49,0.45657724,6000097000100,-1,6000097000098,6000097000099,-1,80,7.057385,6.36886,6.7131224,26870,9.321588,45.428226,46.7112,200629,1,5,5,-107.049644,254.55434,11.356802,43.337803,86.75668,0.06473872,-0.07038334,-0.11194339,16143680,6,1381,0.021103868,111
6000097000100,48000600001385,6000097000124,6000097000000,48,0.5085914,6000097000101,-1,6000097000099,6000097000100,-1,79,6.971319,6.36886,6.885254,26870,9.361133,45.323902,46.709145,200629,1,5,5,-106.946884,244.10187,12.500429,43.23388,81.38476,-0.007638534,-0.027992938,-0.16640365,16143680,6,1385,0.023144843,419
6000097000101,47000600001410,6000097000124,6000097000000,47,0.5641766,6000097000102,-1,6000097000100,6000097000101,-1,75,7.057385,6.7131224,6.885254,26870,9.404345,45.222893,46.703968,200629,1,5,5,-104.12015,234.06491,10.460676,42.18284,81.79992,0.03358003,-0.0024169972,-0.11570301,16143642,6,1410,0.022578243,409
6000097000102,46000600001393,6000097000124,6000097000000,46,0.6235901,6000097000103,-1,6000097000101,6000097000102,-1,80,7.057385,6.282794,6.6270566,26870,9.44519,45.119892,46.709393,200629,1,5,5,-104.32091,224.07112,10.452981,42.358257,77.81578,0.09732789,0.05081708,-0.074430905,16143642,6,1393,0.027883066,453
6000097000103,45000600001446,6000097000124,6000097000000,45,0.6871088,6000097000104,-1,6000097000102,6000097000103,-1,77,6.7131224,6.1106625,6.1106625,26870,9.50817,45.02799,46.689983,200629,1,5,5,-102.982025,218.93245,10.06818,41.51688,80.87815,0.11676583,0.016881846,-0.11395366,16143635,6,1446,0.02266136,492
6000097000104,44000600001392,6000097000124,6000097000000,44,0.75503564,6000097000105,-1,6000097000103,6000097000104,-1,82,6.36886,5.7664,6.36886,26870,9.540045,44.92663,46.689297,200629,1,5,5,-99.86642,206.61946,12.396133,45.58531,86.42987,0.015955964,-8.680658E-5,-0.19780447,16143635,6,1392,0.021584548,45
6000097000105,43000600001494,6000097000124,6000097000000,43,0.8276991,6000097000106,-1,6000097000104,6000097000105,-1,73,6.971319,6.1106625,6.885254,26871,9.6039915,44.82408,46.678448,200615,1,5,5,-98.398964,199.5104,8.481468,47.717564,86.02697,0.109434836,0.1801809,-0.008512383,16143665,6,1494,0.019027384,690
6000097000106,42000600001505,6000097000124,6000097000000,42,0.9054624,6000097000107,-1,6000097000105,6000097000106,-1,73,6.540991,6.36886,6.36886,26871,9.662999,44.718967,46.667027,200615,1,5,5,-95.34002,198.01099,8.159339,44.70235,82.80291,0.11324478,0.14258315,-0.062470883,16143634,6,1505,0.022551933,372
6000097000107,41000600001445,6000097000124,6000097000000,41,0.98870814,6000097000108,-1,6000097000106,6000097000107,-1,74,6.36886,6.024597,6.282794,26871,9.715866,44.61428,46.67452,200615,1,4,5,-99.22003,187.49553,10.260907,43.777264,79.07295,0.10362425,0.11551706,-0.061328672,16143575,6,1445,0.023055991,663
6000097000108,40000600001641,6000097000124,6000097000000,40,1.0778745,6000097000109,-1,6000097000107,6000097000108,-1,63,5.594269,5.2500057,5.4221373,26871,9.750153,44.514145,46.65975,200615,1,4,5,-99.20655,181.38737,10.6953335,46.564846,84.67598,0.1069946,0.10497053,0.05571995,16143565,6,1641,0.019209825,590
6000097000109,39000600001428,6000097000124,6000097000000,39,1.173417,6000097000110,-1,6000097000108,6000097000109,-1,74,5.9385314,5.4221373,5.8524656,26868,9.805413,44.437775,46.639923,200622,1,4,5,-98.64012,182.0737,12.319789,44.03443,79.91164,0.2904547,0.29346117,-0.279066,16143575,6,1428,0.023784114,425
6000097000110,38000600001392,6000097000124,6000097000000,38,1.2758462,6000097000111,-1,6000097000109,6000097000110,-1,78,6.540991,6.1106625,6.540991,26868,9.8592825,44.357388,46.65548,200622,1,4,5,-95.43119,176.03581,14.447448,47.130177,79.950035,0.20723872,0.26380092,-0.256508,16143653,6,1392,0.026186422,738
6000097000111,37000600001430,6000097000124,6000097000000,37,1.3857181,6000097000112,-1,6000097000110,6000097000111,-1,75,6.799188,6.540991,6.799188,26868,9.913158,44.24837,46.65071,200622,1,4,5,-94.69114,171.21535,14.551021,52.527752,85.026855,0.21676986,0.22530794,-0.18146844,16143637,6,1430,0.019928584,393
6000097000112,36000600001308,6000097000124,6000097000000,36,1.5036365,6000097000113,-1,6000097000111,6000097000112,-1,81,6.36886,5.594269,6.36886,26868,9.953867,44.148697,46.624695,200622,1,4,5,-92.85745,167.32294,17.158535,49.724743,86.39207,0.23333843,0.28452626,-0.2049939,16143653,6,1308,0.02079514,684
6000097000113,35000600001439,6000097000124,6000097000000,35,1.6302707,6000097000114,-1,6000097000112,6000097000113,-1,70,5.680334,5.680334,5.680334,26868,10.007787,44.05545,46.638077,200622,1,4,5,-80.8886,161.39043,18.74032,46.987648,82.85608,0.2269851,0.072458625,0.00861869,16143565,6,1439,0.021322923,382
6000097000114,34000600001558,6000097000124,6000097000000,34,1.766336,6000097000115,-1,6000097000113,6000097000114,-1,63,4.905743,4.5614805,4.905743,26868,10.062713,43.989048,46.602383,200622,1,4,5,-87.177414,154.61128,21.111515,48.966114,82.85588,0.25140625,0.12737174,-0.0940479,16143634,6,1558,0.018195666,61
6000097000115,33000600001714,6000097000124,6000097000000,33,1.9126327,6000097000116,-1,6000097000114,6000097000115,-1,56,4.8196774,4.5614805,4.905743,26868,10.095783,43.89938,46.592495,200620,1,4,5,-76.798195,148.8507,21.80761,53.674778,88.78507,0.16124508,0.12952955,-0.007953083,16143634,6,1714,0.015611588,880
6000097000116,32000600001778,6000097000124,6000097000000,32,2.0700274,6000097000117,-1,6000097000115,6000097000116,-1,51,4.217218,4.131152,4.217218,26868,10.168891,43.801422,46.576298,200620,1,4,5,-81.343544,143.09412,21.842602,50.56484,85.45887,0.15439138,0.117035516,0.04467002,16143634,6,1778,0.014562796,381
6000097000117,31000600001912,6000097000124,6000097000000,31,2.2394855,6000097000118,-1,6000097000116,6000097000117,-1,45,3.7868896,3.7008238,3.9590209,26868,10.176014,43.719418,46.586693,200620,1,4,5,-80.171394,134.36461,21.143547,44.818676,75.385735,0.14880721,-0.059874225,0.08400197,16143635,6,1912,0.020095289,253
6000097000118,30000600002263,6000097000124,6000097000000,30,2.422044,6000097000119,-1,6000097000117,6000097000118,-1,36,2.5819702,2.4959044,2.7541015,26868,10.224123,43.633465,46.59488,200620,1,4,5,-73.65773,136.26825,16.185116,46.413605,77.87816,-0.04122354,0.03438702,0.056812577,16143638,6,2263,0.014391636,245
6000097000119,29000600002108,6000097000124,6000097000000,29,2.6188614,6000097000120,-1,6000097000118,6000097000119,-1,37,2.1516418,2.065576,2.2377074,26868,10.275042,43.54739,46.60543,200620,1,4,5,-74.46241,136.16867,17.859722,42.375523,69.31406,0.028539151,0.086669415,0.03498052,16143634,6,2108,0.017069656,436
6000097000120,28000600002019,6000097000124,6000097000000,28,2.8311827,6000097000121,-1,6000097000119,6000097000120,-1,36,1.4631164,1.3770508,1.4631164,26868,10.295989,43.483814,46.59155,200620,1,4,5,-67.21651,130.73341,21.9207,38.58507,63.81446,-0.00909461,0.069695465,-0.02383817,16143638,6,2019,0.018869052,957
6000097000121,27000600002512,6000097000124,6000097000000,27,3.060419,6000097000122,-1,6000097000120,6000097000121,-1,27,1.7213135,1.7213135,1.7213135,26868,10.315974,43.418903,46.55885,200620,1,4,5,-51.446785,119.43348,23.785835,40.444275,68.36794,0.061491482,-0.023874745,0.062098186,16143638,6,2512,0.012192241,23
6000097000122,26000600002118,6000097000124,6000097000000,26,3.3080978,6000097000123,-1,6000097000121,6000097000122,-1,30,2.065576,2.065576,2.065576,26868,10.363144,43.33949,46.547356,200620,1,4,5,-49.704548,111.89349,27.4963,41.567772,75.53463,0.054176595,-0.044024214,0.007601554,16143654,6,2118,0.012115291,87
6000097000123,25000600002002,6000097000124,6000097000000,25,3.575905,6000097000124,-1,6000097000122,6000097000123,-1,28,1.4631164,1.4631164,1.8073791,26868,10.389117,43.26174,46.520607,200620,1,4,5,-50.322777,101.913734,26.857084,45.12765,81.416916,0.043955594,-0.06561745,0.017023884,16143634,6,2002,0.012509684,49
6000097000124,24000600002432,6000097000124,6000097000000,24,3.8656828,-1,-1,6000097000123,6000097000124,-1,21,1.032788,1.032788,1.2049193,26868,10.431257,43.18761,46.488956,200620,1,4,5,-57.16076,104.599495,26.270746,40.585735,65.71256,0.041935734,-0.025669776,0.08001339,16143634,6,2432,0.010716536,150
