haloID,subHaloID,lastProgenitorId,treeId,snapNum,redshift,firstProgenitorId,nextProgenitorId,descendantId,firstHaloInFOFgroupId,nextHaloInFOFgroupId,np,m_Mean200,m_Crit200,m_TopHat,phKey,x,y,z,zIndex,ix,iy,iz,velX,velY,velZ,velDisp,vMax,spinX,spinY,spinZ,mostBoundID,fileNr,subhaloIndex,halfmassRadius,random
2000056000000,63000200000531,2000056000265,2000056000000,63,0.0,2000056000001,-1,-1,2000056000000,2000056000291,5214,512.09076,398.1398,460.2792,10484,52.67796,43.70068,17.172153,120005,5,4,1,76.10059,-230.01021,64.79926,167.65793,303.48904,1.8209922,-0.6388401,-0.4091454,6892569,2,531,0.112817496,474
2000056000001,62000200000522,2000056000265,2000056000000,62,0.019932542,2000056000002,-1,2000056000000,2000056000001,2000056000292,5202,508.21777,392.37338,460.5374,10484,52.663044,43.74728,17.157146,120005,5,4,1,75.18462,-228.98256,67.18438,165.91075,301.00488,1.8555146,-0.6737661,-0.26729724,6892569,2,522,0.11138142,10
2000056000002,61000200000494,2000056000265,2000056000000,61,0.041403063,2000056000003,-1,2000056000001,2000056000002,2000056000293,5226,505.46368,386.7791,457.43906,10484,52.647022,43.797913,17.13894,120005,5,4,1,72.8997,-224.45149,69.34778,162.24365,297.75284,2.0200868,-0.8450305,-0.36073673,6892569,2,494,0.116153784,910
2000056000003,60000200000515,2000056000265,2000056000000,60,0.064493395,2000056000004,-1,2000056000002,2000056000003,2000056000294,5143,503.57025,386.95126,455.71774,10484,52.632423,43.84694,17.123413,120005,5,4,1,69.860374,-220.61057,73.72959,159.2185,294.24515,1.7344536,-1.1781995,-0.3696685,6892569,2,515,0.12034913,668
2000056000004,59000200000534,2000056000265,2000056000000,59,0.08928783,2000056000005,-1,2000056000003,2000056000004,2000056000295,5195,502.6235,386.00455,454.771,10484,52.623726,43.89146,17.105846,120005,5,4,1,68.49607,-218.22414,74.88227,158.52455,295.73798,1.6765447,-0.88026816,-0.6528245,6895792,2,534,0.1231153,698
2000056000005,58000200000535,2000056000265,2000056000000,58,0.11588337,2000056000006,-1,2000056000004,2000056000005,2000056000296,5123,499.86942,372.75043,451.8448,10484,52.6053,43.95161,17.091927,120007,5,4,1,66.93018,-213.14917,76.662636,160.10805,298.38623,1.5979456,-0.80036694,-0.7136881,6895893,2,535,0.12124556,852
2000056000006,57000200000540,2000056000265,2000056000000,57,0.14438343,2000056000007,-1,2000056000005,2000056000006,2000056000297,5207,497.3735,374.816,451.8448,10484,52.589787,44.00789,17.067513,120007,5,4,1,65.73304,-211.36183,77.963524,159.20276,292.38074,1.5005344,-1.0013046,-0.70484275,6895893,2,540,0.11869402,754
2000056000007,56000200000532,2000056000264,2000056000000,56,0.17489761,2000056000008,2000056000265,2000056000006,2000056000007,2000056000298,5183,493.6727,384.02502,445.7341,10484,52.56964,44.063232,17.038986,120007,5,4,1,64.756355,-210.96709,78.04847,165.05565,297.7781,1.5069622,-0.97281444,-0.50404227,6895893,2,532,0.11593007,779
2000056000008,55000200000528,2000056000264,2000056000000,55,0.20754863,2000056000009,-1,2000056000007,2000056000008,-1,5169,481.88168,397.3652,453.48,10484,52.555264,44.12291,17.012688,120007,5,4,1,62.700466,-206.56206,79.23353,174.86415,309.77185,1.2387502,-0.89283633,-0.70570356,6892569,2,528,0.113698475,38
2000056000009,54000200000534,2000056000260,2000056000000,54,0.24246909,2000056000010,2000056000261,2000056000008,2000056000009,2000056000261,4944,476.8899,413.63162,455.37347,10484,52.534416,44.196617,16.99438,120007,5,4,1,63.221977,-210.16612,76.4574,174.48172,291.70755,0.98697674,-0.967392,-0.53850085,6892569,2,534,0.10879068,280
2000056000010,53000200000528,2000056000260,2000056000000,53,0.2798018,2000056000011,-1,2000056000009,2000056000010,2000056000262,4760,466.73413,422.15213,450.81198,10484,52.507755,44.27059,16.971245,120007,5,4,1,60.671738,-204.44536,79.07118,181.68677,298.91675,0.8654724,-1.1378286,-0.59261787,6892569,2,528,0.09891716,225
2000056000011,52000200000501,2000056000260,2000056000000,52,0.31970343,2000056000012,-1,2000056000010,2000056000011,2000056000263,4702,457.69724,413.28735,440.7423,10484,52.49081,44.330917,16.933823,120007,5,4,1,56.721573,-197.78592,83.90742,200.88939,320.4656,0.8718025,-0.9802907,-0.6679209,6892739,2,501,0.085015796,629
2000056000012,51000200000469,2000056000260,2000056000000,51,0.36234027,2000056000013,-1,2000056000011,2000056000012,2000056000264,4739,450.20953,394.6111,429.12344,10484,52.47632,44.377045,16.866385,120007,5,4,1,55.64978,-191.54422,85.365555,197.43645,325.22687,1.0740919,-1.2523844,-0.83875954,7184199,2,469,0.087306544,731
2000056000013,50000200000494,2000056000163,2000056000000,50,0.40789944,2000056000014,2000056000164,2000056000012,2000056000013,2000056000164,4218,431.7054,362.07828,409.4144,10484,52.46059,44.4209,16.80249,120007,5,4,1,51.85737,-174.43803,105.31206,165.17857,288.50385,1.0434141,-1.0879087,-0.68067235,6892569,2,494,0.10398712,673
2000056000014,49000200000463,2000056000163,2000056000000,49,0.45657724,2000056000015,-1,2000056000013,2000056000014,2000056000165,3884,390.22174,278.16425,341.2504,10484,52.43319,44.47831,16.736145,120007,5,4,1,51.163982,-168.14917,114.40777,156.09142,283.4928,1.5802042,-0.5692679,-0.9332343,6892739,2,463,0.101413146,902
2000056000015,48000200000467,2000056000163,2000056000000,48,0.5085914,2000056000016,-1,2000056000014,2000056000015,2000056000166,3825,313.19296,261.81177,296.5823,10484,52.41583,44.53975,16.686598,120007,5,4,1,50.77966,-168.3349,109.694,149.89314,282.0565,2.105689,-0.15531479,-1.1884972,6895737,2,467,0.10687758,920
2000056000016,47000200000453,2000056000163,2000056000000,47,0.5641766,2000056000017,-1,2000056000015,2000056000016,2000056000167,3528,294.00034,253.7216,280.5741,10484,52.397022,44.601967,16.628452,120007,5,4,1,49.441967,-162.58847,111.94933,147.74583,271.5416,2.32187,0.07208003,-1.0930401,6638298,2,453,0.09595573,594
2000056000017,46000200000481,2000056000131,2000056000000,46,0.6235901,2000056000018,2000056000132,2000056000016,2000056000017,2000056000132,2977,283.50034,248.98799,274.46344,10484,52.37116,44.673615,16.564182,120003,5,5,1,41.895687,-146.33232,118.18825,154.81018,274.95892,2.1888049,0.028051762,-1.1715544,6300313,2,481,0.07614928,823
2000056000018,45000200000445,2000056000131,2000056000000,45,0.6871088,2000056000019,-1,2000056000017,2000056000018,2000056000133,2896,280.40195,244.25438,270.5044,10484,52.35357,44.736244,16.501303,120003,5,5,1,35.857056,-149.05138,110.558754,169.70184,288.9452,2.2860415,0.037804052,-1.2267432,6895563,2,445,0.067081146,736
2000056000019,44000200000399,2000056000131,2000056000000,44,0.75503564,2000056000020,-1,2000056000018,2000056000019,2000056000134,2741,275.66833,245.37323,268.0085,10484,52.347637,44.806423,16.48033,120003,5,5,1,31.100063,-161.81108,107.78525,157.17902,273.0257,2.2471426,-0.06273329,-1.1981401,6638298,2,399,0.068483,77
2000056000020,43000200000363,2000056000131,2000056000000,43,0.8276991,2000056000021,-1,2000056000019,2000056000020,2000056000135,2670,273.2585,241.41422,266.63144,10484,52.334087,44.90678,16.438059,120003,5,5,1,27.602062,-161.71483,110.34042,152.99358,268.56055,1.5776111,0.34646538,-1.2280556,7188794,2,363,0.07188424,751
2000056000021,42000200000364,2000056000131,2000056000000,42,0.9054624,2000056000022,-1,2000056000020,2000056000021,2000056000136,2647,269.0413,217.48795,261.29538,10485,52.33408,44.98886,16.3988,120017,5,5,1,24.559904,-156.26265,118.241455,159.2169,275.8011,1.7194078,0.19560337,-1.1084297,6300350,2,364,0.066870525,307
2000056000022,41000200000312,2000056000131,2000056000000,41,0.98870814,2000056000023,-1,2000056000021,2000056000022,2000056000137,2819,260.43472,217.22975,252.08635,10485,52.326305,45.07427,16.339643,120017,5,5,1,19.84028,-146.46257,120.27928,160.0196,279.55127,1.7913426,-0.36998212,-1.1217921,6300741,2,312,0.07205893,180
2000056000023,40000200000256,2000056000131,2000056000000,40,1.0778745,2000056000024,-1,2000056000022,2000056000023,2000056000138,2927,274.46344,227.3855,267.23392,10485,52.31189,45.155216,16.271717,120017,5,5,1,9.664499,-132.31618,120.11082,160.63939,274.69684,2.2278666,-0.23943813,-1.1424835,6641545,2,256,0.07749567,71
2000056000024,39000200000283,2000056000129,2000056000000,39,1.173417,2000056000025,2000056000130,2000056000023,2000056000024,2000056000139,2589,281.60687,246.23389,280.3159,10485,52.31471,45.22596,16.196571,120017,5,5,1,1.2807194,-118.36078,125.7623,168.72372,276.22614,1.1758418,-0.26276964,-0.7198613,7188744,2,283,0.06460683,696
2000056000025,38000200000287,2000056000129,2000056000000,38,1.2758462,2000056000026,-1,2000056000024,2000056000025,2000056000140,2392,270.7626,253.37733,270.7626,10485,52.290916,45.28827,16.112226,120017,5,5,1,-13.527307,-97.232025,112.65865,176.89598,288.09723,1.529368,-0.23448883,-0.48629895,6895748,2,287,0.054291353,0
2000056000026,37000200000211,2000056000118,2000056000000,37,1.3857181,2000056000027,2000056000119,2000056000025,2000056000026,2000056000141,2368,248.7298,234.78716,250.10684,10485,52.32005,45.307804,16.04137,120017,5,5,1,-39.8022,-95.43462,84.449455,167.69629,280.06857,1.5164548,-0.1117947,-0.544665,6895748,2,211,0.057197522,694
2000056000027,36000200000230,2000056000099,2000056000000,36,1.5036365,2000056000028,2000056000100,2000056000026,2000056000027,2000056000142,2007,213.0986,181.77069,216.45517,10485,52.336765,45.345455,16.005962,120017,5,5,1,-59.346157,-94.99633,62.831364,154.10814,268.97168,0.28366825,-0.27202296,0.2047327,7188819,2,230,0.053154744,123
2000056000028,35000200000254,2000056000097,2000056000000,35,1.6302707,2000056000029,2000056000098,2000056000027,2000056000028,2000056000101,1724,161.02887,151.21738,163.00838,10485,52.368084,45.402794,15.963301,120017,5,5,1,-65.97007,-106.20506,59.08575,155.02765,265.1198,-0.14560299,-0.21041806,0.4692194,7188741,2,254,0.04567888,225
2000056000029,34000200000221,2000056000097,2000056000000,34,1.766336,2000056000030,-1,2000056000028,2000056000029,2000056000102,1659,155.34854,147.94688,158.61903,10485,52.41753,45.46958,15.924056,120017,5,5,1,-67.67219,-117.12866,58.44232,163.16708,271.6855,-0.10561488,-0.43099207,0.46957013,6895820,2,221,0.04228781,685
2000056000030,33000200000217,2000056000097,2000056000000,33,1.9126327,2000056000031,-1,2000056000029,2000056000030,-1,1561,148.97968,144.67639,150.70099,10485,52.46341,45.531864,15.883543,120017,5,5,1,-63.715088,-114.571526,57.040833,169.8484,280.99942,-0.0055031353,-0.5668525,0.56507623,7188821,2,217,0.03796598,661
2000056000031,32000200000174,2000056000097,2000056000000,32,2.0700274,2000056000032,-1,2000056000030,2000056000031,2000056000103,1525,139.08212,135.46736,142.78294,10485,52.51548,45.6075,15.833834,120017,5,5,1,-65.04285,-117.04932,59.869064,164.23097,269.3483,0.0574472,-0.3088168,0.5388508,7184208,2,174,0.03959332,992
2000056000032,31000200000140,2000056000097,2000056000000,31,2.2394855,2000056000033,-1,2000056000031,2000056000032,2000056000104,1501,127.549324,122.643585,131.25015,10485,52.51401,45.66848,15.794438,120017,5,5,1,-64.304276,-118.67167,54.420254,156.17992,260.07544,0.03134615,-0.4107392,0.4797783,7184240,2,140,0.04127918,677
2000056000033,30000200000124,2000056000097,2000056000000,30,2.422044,2000056000034,-1,2000056000032,2000056000033,-1,1480,120.405876,116.70505,126.25834,10485,52.545734,45.73197,15.765492,120017,5,5,1,-56.602818,-118.28506,53.763985,158.64589,258.03467,-0.13560152,-0.48554322,0.48588485,6895923,2,124,0.043315083,128
2000056000034,29000200000117,2000056000073,2000056000000,29,2.6188614,2000056000035,2000056000074,2000056000033,2000056000034,2000056000074,1466,129.70097,126.774734,132.71327,10485,52.57937,45.804985,15.733991,120017,5,5,1,-53.66919,-114.43164,50.893093,159.4917,256.13852,-0.1497131,-0.67738324,0.49655366,7184208,2,117,0.04342446,27
2000056000035,28000200000070,2000056000057,2000056000000,28,2.8311827,2000056000036,2000056000058,2000056000034,2000056000035,2000056000075,1349,132.6272,131.85262,134.43459,10485,52.63041,45.882896,15.738419,120017,5,5,1,-63.215363,-109.03897,53.248894,186.69856,284.18793,-0.25190374,-0.76835454,0.5788666,6895552,2,70,0.034941822,502
2000056000036,27000200000044,2000056000056,2000056000000,27,3.060419,2000056000037,2000056000057,2000056000035,2000056000036,2000056000057,1282,120.66407,119.97555,122.729645,10485,52.654194,45.92463,15.688765,120019,5,5,1,-42.37081,-128.5067,45.11917,200.43341,302.85663,-0.2392749,-0.832879,0.65572584,6638327,2,44,0.028129047,881
2000056000037,26000200000039,2000056000048,2000056000000,26,3.3080978,2000056000038,2000056000049,2000056000036,2000056000076,2000056000060,503,0.0,0.0,0.0,11967,52.735184,46.02173,15.55927,105982,5,5,1,-41.89355,-139.86177,186.53984,119.75526,183.03244,0.2910305,-0.49465021,0.06362393,6895563,2,39,0.027998993,845
2000056000038,25000200000056,2000056000048,2000056000000,25,3.575905,2000056000039,-1,2000056000037,2000056000077,-1,243,0.0,0.0,0.0,11967,52.748096,46.097073,15.445822,105982,5,5,1,-0.5787596,-158.42908,170.72449,104.73009,174.4522,0.09297439,-0.14258282,-0.075454935,6892553,2,56,0.016442833,991
2000056000039,24000200000177,2000056000047,2000056000000,24,3.8656828,2000056000040,2000056000048,2000056000038,2000056000039,-1,294,25.303307,25.131176,26.163963,11967,52.76164,46.153698,15.345944,105982,5,5,1,1.2086066,-140.10109,137.1001,108.897224,177.76239,0.03892707,-0.15225199,-0.008938937,6895563,2,177,0.01815944,919
2000056000040,23000200000196,2000056000047,2000056000000,23,4.1794686,2000056000041,-1,2000056000039,2000056000040,-1,219,20.48363,20.311499,21.172155,11967,52.74063,46.256172,15.272833,105982,5,5,1,18.401403,-142.98183,119.72376,111.65251,174.05208,-0.04068614,-0.076209515,0.047328956,6892749,2,196,0.014240277,428
2000056000041,22000200000157,2000056000047,2000056000000,22,4.5195556,2000056000042,-1,2000056000040,2000056000041,-1,219,13.684442,13.426245,14.631165,11960,52.72488,46.3527,15.203887,105975,5,5,1,6.7845826,-125.16321,106.92623,92.79944,157.15009,0.16341245,0.011115649,-0.12650904,6895765,2,157,0.018266296,990
2000056000042,21000200000252,2000056000047,2000056000000,21,4.888449,2000056000043,-1,2000056000041,2000056000042,-1,115,8.778699,8.778699,9.553289,11960,52.71356,46.4123,15.144127,105975,5,5,1,18.060629,-119.41741,105.556,85.0546,137.67441,0.08909897,-0.1042377,0.057368916,6895564,2,252,0.012716357,658
2000056000043,20000200000217,2000056000047,2000056000000,20,5.2888336,2000056000044,-1,2000056000042,2000056000043,-1,99,7.3155823,7.2295165,7.9180417,11960,52.70721,46.474987,15.099935,105975,5,5,1,20.720932,-111.32204,98.00763,79.003815,132.53114,0.20998804,0.019573823,0.213578,7188786,2,217,0.012548449,582
2000056000044,19000200000185,2000056000047,2000056000000,19,5.7238646,2000056000045,-1,2000056000043,2000056000044,-1,86,5.4221373,5.4221373,5.508203,11960,52.729904,46.525578,15.075006,105975,5,5,1,7.5847106,-115.00516,82.08747,75.35628,125.93747,0.0020090223,0.02903138,0.17305681,6895767,2,185,0.011470793,162
2000056000045,18000200000288,2000056000046,2000056000000,18,6.1968336,2000056000046,2000056000047,2000056000044,2000056000045,-1,51,4.0450864,4.0450864,4.131152,11967,52.76485,46.59165,15.047551,105982,5,5,1,-11.723351,-98.465385,61.828278,72.56749,126.7563,-0.065123685,-0.0030381794,-0.065543264,6892751,2,288,0.007518728,468
2000056000046,17000200000472,2000056000046,2000056000000,17,6.7115865,-1,-1,2000056000045,2000056000046,-1,30,1.9795104,1.9795104,2.1516418,11967,52.786144,46.64232,15.0278845,105982,5,5,1,-18.104828,-86.10147,60.03753,63.859028,109.603676,-0.0977279,0.055596076,-0.03582712,6892751,2,472,0.005450205,850
2000056000047,18000200000702,2000056000047,2000056000000,18,6.1968336,-1,-1,2000056000044,2000056000047,-1,21,0.60245967,0.60245967,0.774591,11960,52.5938,46.680393,14.974755,105975,5,5,1,38.015476,-132.93004,115.55983,51.226997,71.21708,-0.07901697,-0.11114988,-0.107972875,6892760,2,702,0.00942436,907
2000056000048,23000200002270,2000056000048,2000056000000,23,4.1794686,-1,-1,2000056000038,2000056000048,-1,20,0.86065674,0.86065674,0.86065674,11967,52.92045,46.093563,15.017107,105982,5,5,1,-104.89205,-98.61203,153.09618,35.716637,75.26693,0.035115644,-0.21168008,-0.018815015,6895487,2,2270,0.015946312,316
2000056000049,26000200000042,2000056000056,2000056000000,26,3.3080978,2000056000050,-1,2000056000036,2000056000076,-1,51,0.0,0.0,0.0,10485,52.66904,46.14428,15.690664,120019,5,5,1,-18.845932,-171.45241,-133.18535,70.57208,100.44697,0.09825076,0.0075733494,0.20600982,6300101,2,42,0.010930102,130
2000056000050,24000200000110,2000056000056,2000056000000,24,3.8656828,2000056000051,-1,2000056000049,2000056000078,-1,22,0.0,0.0,0.0,10485,52.663822,46.144974,15.852182,120019,5,5,1,106.60486,29.801397,-90.31234,63.778088,97.31652,0.016845258,-0.01832221,0.05645259,6300137,2,110,0.0049269972,580
2000056000051,23000200000100,2000056000056,2000056000000,23,4.1794686,2000056000052,-1,2000056000050,2000056000079,-1,95,0.0,0.0,0.0,10485,52.608307,46.140327,15.861566,120019,5,5,1,83.678665,-11.333576,-40.48176,71.83709,118.635315,-0.0054292693,-0.11877657,0.19013767,6300137,2,100,0.0144469105,161
2000056000052,22000200000680,2000056000056,2000056000000,22,4.5195556,2000056000053,-1,2000056000051,2000056000052,-1,69,4.6475463,4.3032837,4.991809,10485,52.5458,46.15542,15.897395,120019,5,5,1,66.931656,-37.730755,-21.144396,71.21153,125.81108,-0.017854925,-0.054407857,0.07624843,6300145,2,680,0.008791796,790
2000056000053,21000200000804,2000056000056,2000056000000,21,4.888449,2000056000054,-1,2000056000052,2000056000053,-1,49,3.7008238,3.7008238,4.905743,10485,52.539505,46.169323,15.915747,120019,5,5,1,57.626278,-43.64831,-29.483154,64.24644,104.854485,-0.027591284,-0.041327704,0.11919958,6300111,2,804,0.010230861,905
2000056000054,20000200000537,2000056000056,2000056000000,20,5.2888336,2000056000055,-1,2000056000053,2000056000054,-1,50,2.9262328,2.9262328,3.18443,10485,52.479134,46.194237,15.916592,120019,5,5,1,49.16952,-34.99437,-9.255912,58.24655,103.352066,-0.017669927,-0.13054231,0.13139686,6300145,2,537,0.0090095885,401
2000056000055,19000200000675,2000056000056,2000056000000,19,5.7238646,2000056000056,-1,2000056000054,2000056000055,-1,38,2.7541015,2.7541015,2.7541015,10485,52.43393,46.196304,15.930261,120019,5,5,1,51.467453,-29.546787,-1.4333416,67.79659,111.57946,-3.4186294E-5,-0.10915833,0.13399747,7184155,2,675,0.006727059,117
2000056000056,18000200000614,2000056000056,2000056000000,18,6.1968336,-1,-1,2000056000055,2000056000056,-1,32,2.065576,2.065576,2.065576,10485,52.402573,46.2289,15.935303,120019,5,5,1,56.76515,-20.16728,15.5390625,58.95354,110.520706,-0.0031485057,-0.10935048,0.06922613,6300148,2,614,0.0056875553,352
2000056000057,27000200000045,2000056000057,2000056000000,27,3.060419,-1,-1,2000056000035,2000056000036,2000056000059,25,0.0,0.0,0.0,10485,52.725483,45.921356,15.712655,120019,5,5,1,-81.319,-88.35931,203.41924,79.65985,114.8418,-0.031247484,0.013938911,0.015509868,6892550,2,45,0.0046048746,993
2000056000058,28000200000072,2000056000073,2000056000000,28,2.8311827,2000056000059,-1,2000056000034,2000056000035,-1,30,0.0,0.0,0.0,10485,52.569057,45.917496,15.702236,120019,5,5,1,-51.083534,-205.85277,70.777725,71.33294,120.609726,0.05936948,0.02084801,0.014760489,6300320,2,72,0.0052411747,718
2000056000059,27000200000046,2000056000073,2000056000000,27,3.060419,2000056000060,-1,2000056000058,2000056000036,-1,25,0.0,0.0,0.0,10485,52.66609,45.9777,15.660868,120019,5,5,1,-390.54944,47.70599,73.42711,73.11376,105.35735,0.03146294,0.09297903,0.04854524,7188759,2,46,0.0054231626,454
2000056000060,26000200000041,2000056000073,2000056000000,26,3.3080978,2000056000061,-1,2000056000059,2000056000076,2000056000049,91,0.0,0.0,0.0,10486,52.83324,45.897194,15.642917,120024,5,5,1,-150.71858,122.33904,9.988432,89.593666,149.76155,-0.1172247,0.16523685,-0.024388205,6300741,2,41,0.009527295,988
2000056000061,25000200000398,2000056000073,2000056000000,25,3.575905,2000056000062,-1,2000056000060,2000056000061,-1,176,16.524609,15.922149,17.2992,11967,52.904278,45.858532,15.604474,105980,5,5,1,-78.86118,63.982674,18.35724,91.45207,147.6524,-0.2124282,0.32689887,-0.07695806,6300320,2,398,0.01533967,14
2000056000062,24000200000318,2000056000073,2000056000000,24,3.8656828,2000056000063,-1,2000056000061,2000056000062,-1,189,13.168048,13.168048,14.631165,11967,52.940456,45.863197,15.611148,105980,5,5,1,-59.405632,30.911707,24.947086,85.37537,142.48308,-0.2551077,0.40107456,-0.08039289,6300320,2,318,0.01895435,799
2000056000063,23000200000345,2000056000073,2000056000000,23,4.1794686,2000056000064,-1,2000056000062,2000056000063,-1,146,12.651653,12.651653,13.081982,11967,52.964153,45.838753,15.617075,105980,5,5,1,-36.72713,13.011691,17.537228,93.304276,149.99144,-0.096264236,0.26108578,-0.12946138,7188742,2,345,0.014054314,315
2000056000064,22000200000299,2000056000073,2000056000000,22,4.5195556,2000056000065,-1,2000056000063,2000056000064,-1,140,11.5328,11.446734,11.877063,11967,52.985733,45.7973,15.611004,105980,5,5,1,-30.45362,0.5776593,21.732918,96.43122,155.32005,-0.12074024,0.18991064,-0.1304283,7188736,2,299,0.012359142,335
2000056000065,21000200000222,2000056000073,2000056000000,21,4.888449,2000056000066,-1,2000056000064,2000056000065,-1,132,8.864764,8.864764,9.553289,11967,53.018196,45.789745,15.571432,105980,5,5,1,-27.229094,2.1337125,24.89667,89.10298,141.69397,-0.10869085,0.2849407,-0.26766235,6300741,2,222,0.013632171,409
2000056000066,20000200000176,2000056000073,2000056000000,20,5.2888336,2000056000067,-1,2000056000065,2000056000066,-1,120,6.024597,6.024597,6.36886,11967,53.047237,45.810673,15.533172,105980,5,5,1,-28.151896,-10.596448,28.170359,76.50659,128.88463,-0.18011035,0.26587868,-0.30363718,7188759,2,176,0.01391174,832
2000056000067,19000200000291,2000056000071,2000056000000,19,5.7238646,2000056000068,2000056000072,2000056000066,2000056000067,-1,64,5.2500057,5.2500057,5.4221373,11967,53.081158,45.816326,15.51686,105980,5,5,1,-65.94955,-30.312704,29.155993,88.05948,142.38187,0.06109562,0.017760888,0.017480897,7188740,2,291,0.006204454,794
2000056000068,18000200000222,2000056000071,2000056000000,18,6.1968336,2000056000069,-1,2000056000067,2000056000068,-1,60,4.3893495,4.3893495,4.5614805,11967,53.124897,45.848564,15.510202,105980,5,5,1,-61.268913,-29.867817,21.666695,79.62806,132.3467,0.045317773,0.0055552335,-0.0067957314,7188743,2,222,0.007214814,369
2000056000069,17000200000259,2000056000071,2000056000000,17,6.7115865,2000056000070,-1,2000056000068,2000056000069,-1,41,3.5286925,3.5286925,3.6147583,11967,53.153778,45.85185,15.520538,105980,5,5,1,-56.753048,-29.107931,15.830338,76.84884,129.42195,0.018772336,0.05608296,0.0016369165,7188717,2,259,0.005424943,257
2000056000070,16000200000240,2000056000071,2000056000000,16,7.272188,2000056000071,-1,2000056000069,2000056000070,-1,33,2.1516418,2.1516418,2.4098387,11967,53.164337,45.865974,15.519093,105980,5,5,1,-59.77901,-43.292515,9.481233,73.54816,126.9119,-0.047747146,0.06687326,-0.0034893954,7188745,2,240,0.0049522677,366
2000056000071,15000200000175,2000056000071,2000056000000,15,7.8832035,-1,-1,2000056000070,2000056000071,-1,28,1.032788,1.032788,1.032788,11967,53.261627,45.904438,15.5083,105982,5,5,1,-55.698975,-32.751766,9.72492,51.400703,89.35177,0.006932898,0.04007193,-0.0024083399,7188807,2,175,0.00818561,416
2000056000072,19000200000877,2000056000073,2000056000000,19,5.7238646,2000056000073,-1,2000056000066,2000056000072,-1,30,1.8073791,1.8073791,1.8073791,10486,52.872047,45.87871,15.661619,120024,5,5,1,53.327427,0.08711437,15.043265,56.029194,91.03009,0.042911652,-0.013470334,0.12207613,7188748,2,877,0.00822703,218
2000056000073,18000200000935,2000056000073,2000056000000,18,6.1968336,-1,-1,2000056000072,2000056000073,-1,24,0.9467224,0.9467224,1.032788,10486,52.850925,45.824768,15.631158,120024,5,5,1,44.053814,5.578541,21.291859,54.44842,80.51799,-0.019084234,0.029277498,-0.012434109,7188752,2,935,0.0084756715,214
2000056000074,29000200000118,2000056000097,2000056000000,29,2.6188614,2000056000075,-1,2000056000033,2000056000034,-1,72,0.0,0.0,0.0,10485,52.676125,45.807114,15.696074,120017,5,5,1,-155.05281,-103.74304,154.1828,81.157326,142.88069,0.04217948,0.0021075488,-0.032362804,6895917,2,118,0.008096491,302
2000056000075,28000200000071,2000056000097,2000056000000,28,2.8311827,2000056000076,-1,2000056000074,2000056000035,2000056000058,70,0.0,0.0,0.0,10485,52.72719,45.85428,15.649218,120017,5,5,1,21.904793,-107.242294,28.38683,82.258575,130.1158,0.11135352,0.15230979,-0.0076308195,6895823,2,71,0.008502855,547
2000056000076,26000200000040,2000056000097,2000056000000,26,3.3080978,2000056000077,-1,2000056000075,2000056000076,2000056000037,181,91.65994,87.78699,97.68454,10485,52.62989,46.017548,15.783436,120019,5,5,1,-12.450839,-174.6385,-55.336857,100.47572,165.54442,0.06282958,0.45708928,-0.08700243,6638290,2,40,0.01375462,232
2000056000077,25000200000055,2000056000097,2000056000000,25,3.575905,2000056000078,-1,2000056000076,2000056000077,2000056000038,537,44.409885,44.409885,45.786938,10485,52.640293,46.11984,15.77429,120019,5,5,1,-55.94646,-153.02945,-42.44221,149.40358,222.54834,-0.41197273,0.34009647,0.12756021,6638290,2,55,0.021565072,427
2000056000078,24000200000109,2000056000097,2000056000000,24,3.8656828,2000056000079,-1,2000056000077,2000056000078,2000056000050,329,36.319714,36.147583,38.213158,10485,52.701145,46.24092,15.76917,120019,5,5,1,-114.78832,-198.86874,-10.922868,117.51112,188.31,0.09911326,0.14206147,-0.26258245,6895823,2,109,0.018400958,91
2000056000079,23000200000099,2000056000097,2000056000000,23,4.1794686,2000056000080,-1,2000056000078,2000056000079,2000056000051,300,23.0656,22.979534,23.409863,10486,52.781338,46.364883,15.7843895,120026,5,5,1,-116.22364,-188.15959,-11.753057,112.845505,187.58534,0.13775435,0.20580234,-0.48366094,6895918,2,99,0.017163638,366
2000056000080,22000200000132,2000056000097,2000056000000,22,4.5195556,2000056000081,-1,2000056000079,2000056000080,-1,260,19.192644,19.106579,19.622972,10486,52.864292,46.449093,15.776716,120026,5,5,1,-111.885056,-179.36775,-3.4981668,112.1397,184.93956,0.12319134,0.4482055,-0.4827085,6638280,2,132,0.014602591,383
2000056000081,21000200000117,2000056000090,2000056000000,21,4.888449,2000056000082,2000056000091,2000056000080,2000056000081,2000056000091,186,15.405755,15.405755,16.008215,10486,52.933468,46.536343,15.734642,120026,5,5,1,-139.9291,-165.14755,22.087109,107.168625,177.37039,0.1783311,0.32145244,-0.40750098,6895820,2,117,0.013835344,40
2000056000082,20000200000103,2000056000089,2000056000000,20,5.2888336,2000056000083,2000056000090,2000056000081,2000056000082,2000056000092,157,10.8442745,10.8442745,11.102471,10486,53.025578,46.612057,15.712191,120026,5,5,1,-133.82924,-154.66417,20.53511,92.701294,159.31602,0.15541826,-0.036602005,-0.43859482,6638188,2,103,0.0133542,89
2000056000083,19000200000134,2000056000089,2000056000000,19,5.7238646,2000056000084,-1,2000056000082,2000056000083,-1,107,9.036896,9.036896,9.295093,10486,53.1304,46.687065,15.723272,120026,5,5,1,-162.85052,-155.24751,13.407711,92.38169,155.0415,0.10251408,-0.07969526,-0.07912265,6895919,2,134,0.009366547,143
2000056000084,18000200000117,2000056000089,2000056000000,18,6.1968336,2000056000085,-1,2000056000083,2000056000084,-1,85,6.6270566,6.6270566,6.799188,10486,53.174397,46.766823,15.722055,120026,5,5,1,-137.57027,-148.77402,13.53993,92.48246,152.5592,0.07130965,-0.051877383,-0.1209167,6895817,2,117,0.007476432,37
2000056000085,17000200000099,2000056000089,2000056000000,17,6.7115865,2000056000086,-1,2000056000084,2000056000085,-1,71,4.5614805,4.5614805,4.733612,10486,53.251316,46.842136,15.708425,120026,5,5,1,-137.02318,-150.79396,9.173342,86.992935,146.0445,-0.015334255,0.038790748,-0.08093406,6895817,2,99,0.006247439,361
2000056000086,16000200000107,2000056000089,2000056000000,16,7.272188,2000056000087,-1,2000056000085,2000056000086,-1,50,3.7008238,3.7008238,3.7868896,11049,53.30145,46.914265,15.709113,127048,5,5,1,-110.09127,-136.85895,10.638209,66.50722,123.20742,0.004112774,-0.07098552,-0.04563377,6895817,2,107,0.007166377,594
2000056000087,15000200000090,2000056000089,2000056000000,15,7.8832035,2000056000088,-1,2000056000086,2000056000087,-1,41,1.549182,1.549182,1.549182,11049,53.354843,46.968678,15.692664,127048,5,5,1,-110.09375,-123.09607,24.561932,60.50168,113.199646,0.07700109,-0.05415041,-0.01020506,6895823,2,90,0.008062795,385
2000056000088,14000200000173,2000056000089,2000056000000,14,8.549912,2000056000089,-1,2000056000087,2000056000088,-1,21,0.9467224,0.9467224,0.9467224,11049,53.34059,47.02947,15.673455,127048,5,5,1,-78.90925,-102.17007,26.089346,52.9105,87.843636,-0.004757517,-0.023250168,-0.014224308,6895823,2,173,0.005294862,221
2000056000089,13000200000083,2000056000089,2000056000000,13,9.277915,-1,-1,2000056000088,2000056000089,-1,21,1.2909851,1.2909851,1.2909851,11049,53.403683,47.062424,15.646836,127048,5,5,1,-78.86041,-99.86711,22.141077,53.873756,103.169754,-0.003864361,-0.031199766,-0.011475057,6895817,2,83,0.004177587,271
2000056000090,20000200001024,2000056000090,2000056000000,20,5.2888336,-1,-1,2000056000081,2000056000090,-1,29,1.3770508,1.3770508,1.4631164,10486,52.789623,46.77427,15.928826,120026,5,5,1,-22.014765,-183.9093,-27.888777,50.57526,81.05089,-0.015024168,-0.032102376,0.20834352,6895733,2,1024,0.010268879,244
2000056000091,21000200000118,2000056000097,2000056000000,21,4.888449,2000056000092,-1,2000056000080,2000056000081,-1,21,0.0,0.0,0.0,10486,52.869236,46.57443,15.802196,120026,5,5,1,27.926304,-194.8728,-47.482376,58.57681,108.70867,-0.040644325,0.008690577,0.039541066,6895741,2,118,0.0036883405,476
2000056000092,20000200000104,2000056000097,2000056000000,20,5.2888336,2000056000093,-1,2000056000091,2000056000082,-1,22,0.0,0.0,0.0,10486,52.86524,46.63384,15.814354,120026,5,5,1,15.559454,-162.6628,21.652508,56.59123,83.77053,0.019268047,0.049514044,-0.025697282,6895743,2,104,0.0065987706,456
2000056000093,19000200000506,2000056000097,2000056000000,19,5.7238646,2000056000094,-1,2000056000092,2000056000093,-1,40,2.840167,2.840167,3.0122986,10486,52.878952,46.743668,15.798706,120026,5,5,1,8.4426565,-139.30446,33.740585,55.398018,99.936966,-0.05898315,-0.015685469,-0.011187475,6895741,2,506,0.008795759,215
2000056000094,18000200000581,2000056000097,2000056000000,18,6.1968336,2000056000095,-1,2000056000093,2000056000094,-1,31,2.3237731,2.3237731,2.3237731,10486,52.864223,46.805935,15.768982,120026,5,5,1,9.855147,-126.602005,30.04128,52.179916,98.51002,0.0011459849,0.053827833,-0.0690857,6895741,2,581,0.0066167708,752
2000056000095,17000200000470,2000056000097,2000056000000,17,6.7115865,2000056000096,-1,2000056000094,2000056000095,-1,27,2.2377074,2.2377074,2.3237731,11049,52.844673,46.899105,15.7772455,127048,5,5,1,6.7279186,-129.3881,28.886272,55.194862,102.22789,-0.005695989,0.0435684,-0.051489204,6895747,2,470,0.005404817,991
2000056000096,16000200000370,2000056000097,2000056000000,16,7.272188,2000056000097,-1,2000056000095,2000056000096,-1,24,1.7213135,1.7213135,1.8073791,11049,52.861,46.95341,15.74195,127048,5,5,1,0.33290124,-123.021996,24.413809,58.472755,96.137276,0.0060548577,0.053682618,-0.012697447,6638358,2,370,0.005864821,586
2000056000097,15000200000226,2000056000097,2000056000000,15,7.8832035,-1,-1,2000056000096,2000056000097,-1,25,0.86065674,0.86065674,0.9467224,11049,52.87695,47.026764,15.754378,127048,5,5,1,-13.275171,-118.908424,36.914467,52.93528,90.434845,-0.01327003,0.06746639,-0.027541626,6895743,2,226,0.0076237577,789
2000056000098,35000200002990,2000056000099,2000056000000,35,1.6302707,2000056000099,-1,2000056000027,2000056000098,-1,24,1.8934448,1.549182,1.8934448,10485,52.043518,45.442596,16.186079,120017,5,5,1,-182.30324,-274.13034,-159.3428,31.148838,61.65024,-0.027441876,-0.02449679,-0.1466531,6748671,2,2990,0.012660291,695
2000056000099,34000200004373,2000056000099,2000056000000,34,1.766336,-1,-1,2000056000098,2000056000099,-1,21,1.6352477,1.4631164,1.6352477,10485,52.162865,45.5992,16.281454,120017,5,5,1,-226.23877,-294.8087,-124.489655,30.235453,65.38166,0.0074468623,0.109452836,-0.1325337,6748671,2,4373,0.010122054,539
2000056000100,36000200000233,2000056000118,2000056000000,36,1.5036365,2000056000101,-1,2000056000026,2000056000027,-1,31,0.0,0.0,0.0,10485,52.591515,45.471024,16.010397,120017,5,5,1,-135.20384,-95.98561,154.93134,36.638092,75.78681,-0.116364695,-0.06830554,0.10756114,6638070,2,233,0.01297714,198
2000056000101,35000200000255,2000056000118,2000056000000,35,1.6302707,2000056000102,-1,2000056000100,2000056000028,-1,34,0.0,0.0,0.0,10485,52.62129,45.515152,15.926991,120017,5,5,1,-33.57657,-43.253647,151.0955,35.00467,71.88495,-0.07355094,-0.118072264,0.0946346,6638070,2,255,0.013916803,290
2000056000102,34000200000222,2000056000118,2000056000000,34,1.766336,2000056000103,-1,2000056000101,2000056000029,-1,26,0.0,0.0,0.0,10485,52.59337,45.52319,15.862044,120017,5,5,1,93.93496,29.375217,132.56662,48.308258,82.5356,-0.052060127,-0.15979661,0.038615488,6638412,2,222,0.008874446,823
2000056000103,32000200000175,2000056000118,2000056000000,32,2.0700274,2000056000104,-1,2000056000102,2000056000031,-1,40,0.0,0.0,0.0,10485,52.315353,45.527603,15.860304,120017,5,5,1,198.17274,-189.91087,-158.95068,51.882378,88.72335,-0.052410625,-0.017349597,0.057531778,6638413,2,175,0.010509891,861
2000056000104,31000200000141,2000056000118,2000056000000,31,2.2394855,2000056000105,-1,2000056000103,2000056000032,-1,39,0.0,0.0,0.0,10485,52.23575,45.67055,15.966564,120017,5,5,1,74.37271,-249.10825,-140.80675,52.533905,96.325455,0.0018998887,-0.03875981,0.04825008,6638413,2,141,0.008376502,794
2000056000105,30000200001819,2000056000118,2000056000000,30,2.422044,2000056000106,-1,2000056000104,2000056000105,-1,61,4.5614805,4.5614805,4.5614805,10485,52.211994,45.82971,16.044605,120017,5,5,1,2.556373,-262.75067,-112.29328,49.14845,88.70997,-0.039210085,0.048244536,-0.014510699,6638405,2,1819,0.015059684,823
2000056000106,29000200001667,2000056000118,2000056000000,29,2.6188614,2000056000107,-1,2000056000105,2000056000106,-1,60,4.6475463,4.3032837,4.6475463,10485,52.239338,45.98403,16.085445,120019,5,5,1,-34.14022,-277.06073,-89.57089,50.797226,99.986824,-0.054345112,0.097782604,-0.0731782,6638411,2,1667,0.014236541,72
2000056000107,28000200001581,2000056000118,2000056000000,28,2.8311827,2000056000108,-1,2000056000106,2000056000107,-1,52,5.4221373,5.4221373,5.508203,10485,52.27944,46.14211,16.142645,120019,5,5,1,-64.47229,-269.40662,-73.48205,51.925556,95.0964,0.0020150575,0.03400454,-0.03715861,6638416,2,1581,0.012009088,214
2000056000108,27000200001708,2000056000118,2000056000000,27,3.060419,2000056000109,-1,2000056000107,2000056000108,-1,50,5.2500057,5.2500057,5.2500057,10485,52.309395,46.27736,16.183147,120019,5,5,1,-79.755615,-270.00284,-56.127686,59.11868,105.59457,-0.019847153,-0.0014414231,-0.02935846,6638440,2,1708,0.009430966,904
2000056000109,26000200001499,2000056000118,2000056000000,26,3.3080978,2000056000110,-1,2000056000108,2000056000109,-1,52,4.3893495,4.3893495,4.8196774,10485,52.338444,46.44019,16.21338,120019,5,5,1,-89.39403,-253.26772,-47.42871,54.38696,94.78991,-0.057266608,0.012872099,0.022568943,6638422,2,1499,0.0116482945,679
2000056000110,25000200000914,2000056000118,2000056000000,25,3.575905,2000056000111,-1,2000056000109,2000056000110,-1,51,3.0122986,3.0122986,3.18443,10485,52.40351,46.586967,16.253077,120019,5,5,1,-103.31438,-235.96042,-34.84062,51.327076,97.220764,0.0011019021,0.0032249738,-0.092886694,6638422,2,914,0.011575151,637
2000056000111,24000200001518,2000056000118,2000056000000,24,3.8656828,2000056000112,-1,2000056000110,2000056000111,-1,36,2.4098387,2.4098387,2.4959044,10485,52.443844,46.716667,16.27378,120019,5,5,1,-104.586754,-219.45013,-32.263866,46.07567,88.60075,0.014571338,-0.09024567,-0.057015136,6638422,2,1518,0.009598064,766
2000056000112,23000200002356,2000056000118,2000056000000,23,4.1794686,2000056000113,-1,2000056000111,2000056000112,-1,26,1.4631164,1.4631164,1.4631164,10485,52.476692,46.824326,16.287102,120019,5,5,1,-103.029396,-214.54848,-40.51828,42.275845,76.66879,0.070111,-0.025647582,-0.050947573,6638440,2,2356,0.009421865,324
2000056000113,22000200001937,2000056000118,2000056000000,22,4.5195556,2000056000114,-1,2000056000112,2000056000113,-1,24,1.8934448,1.8934448,1.9795104,11054,52.54403,46.94759,16.295826,127041,5,5,1,-100.4826,-196.75243,-23.243305,44.206432,82.3803,0.06105285,0.061090793,-0.09183251,6638422,2,1937,0.0080010425,571
2000056000114,21000200001146,2000056000118,2000056000000,21,4.888449,2000056000115,-1,2000056000113,2000056000114,-1,34,1.8934448,1.8934448,2.065576,11054,52.602154,47.046803,16.30431,127041,5,5,1,-106.25487,-195.30577,-21.144258,49.391453,84.277466,0.099228114,0.029425059,-0.091529235,6638411,2,1146,0.010392371,161
2000056000115,20000200001023,2000056000118,2000056000000,20,5.2888336,2000056000116,-1,2000056000114,2000056000115,-1,33,2.4959044,2.4098387,2.4959044,11054,52.669964,47.145454,16.34779,127041,5,5,1,-105.91833,-181.31952,-23.462866,49.175365,94.69682,0.018497884,0.07946765,-0.11653442,6638440,2,1023,0.008632021,604
2000056000116,19000200000881,2000056000118,2000056000000,19,5.7238646,2000056000117,-1,2000056000115,2000056000116,-1,29,2.4098387,2.4098387,2.5819702,11049,52.73552,47.24953,16.344881,127048,5,5,1,-113.16002,-170.11,-13.839175,57.768932,100.611435,0.07002257,-0.022804102,-0.105691284,6638440,2,881,0.006426607,448
2000056000117,18000200000555,2000056000118,2000056000000,18,6.1968336,2000056000118,-1,2000056000116,2000056000117,-1,33,2.2377074,2.2377074,2.4959044,11049,52.78946,47.34242,16.346163,127048,5,5,1,-107.95731,-161.1796,-18.116516,61.22231,104.11768,0.048675332,-0.0041326145,-0.16416557,6638440,2,555,0.006109589,881
2000056000118,17000200000577,2000056000118,2000056000000,17,6.7115865,-1,-1,2000056000117,2000056000118,-1,24,1.2909851,1.2909851,1.8934448,11049,52.819096,47.424286,16.35913,127048,5,5,1,-103.24636,-142.30745,-29.501993,51.5365,93.82313,-4.075101E-4,0.03578044,-0.07102393,6638440,2,577,0.0074171606,249
2000056000119,37000200000213,2000056000129,2000056000000,37,1.3857181,2000056000120,-1,2000056000025,2000056000026,-1,30,0.0,0.0,0.0,10485,52.06819,45.247375,16.070932,120017,5,5,1,235.26123,-139.10217,-88.75792,35.697098,66.96575,0.086630985,-0.16026713,0.13635832,6638434,2,213,0.017908458,804
2000056000120,36000200000232,2000056000129,2000056000000,36,1.5036365,2000056000121,-1,2000056000119,2000056000027,2000056000100,34,0.0,0.0,0.0,10485,51.95881,45.340088,16.140099,120017,5,5,1,134.98428,-166.19637,-84.322495,38.08457,73.85584,0.17633438,-0.15254278,0.12113305,6638475,2,232,0.013413394,917
2000056000121,35000200002742,2000056000129,2000056000000,35,1.6302707,2000056000122,-1,2000056000120,2000056000121,-1,37,2.5819702,2.4959044,2.6680357,10485,51.894924,45.44455,16.176268,120017,5,5,1,51.698425,-187.7535,-77.23845,38.5578,78.49116,0.05129922,0.04935434,-0.037214663,6638433,2,2742,0.023079557,542
2000056000122,34000200003032,2000056000129,2000056000000,34,1.766336,2000056000123,-1,2000056000121,2000056000122,-1,36,3.0122986,2.840167,3.18443,10485,51.899254,45.570442,16.229994,120017,5,5,1,-2.15278,-210.0261,-77.221146,34.661198,79.04507,0.08067357,-0.01843482,0.061886884,6638425,2,3032,0.022468058,957
2000056000123,33000200002608,2000056000129,2000056000000,33,1.9126327,2000056000124,-1,2000056000122,2000056000123,-1,38,3.5286925,3.2704954,3.6147583,10485,51.926743,45.69107,16.268974,120017,5,5,1,-55.455215,-235.96918,-79.99687,36.983425,80.03,0.07239646,0.013212441,0.07141962,6638433,2,2608,0.01899071,529
2000056000124,32000200004041,2000056000129,2000056000000,32,2.0700274,2000056000125,-1,2000056000123,2000056000124,-1,30,2.840167,2.5819702,2.840167,10485,51.968792,45.826775,16.306513,120017,5,5,1,-87.679794,-249.8268,-81.57785,42.419014,79.32994,0.09875211,0.042602032,0.045463197,6638425,2,4041,0.014131281,563
2000056000125,31000200002842,2000056000129,2000056000000,31,2.2394855,2000056000126,-1,2000056000124,2000056000125,-1,35,3.5286925,2.840167,3.6147583,10485,52.031822,45.980213,16.3318,120019,5,5,1,-103.08245,-267.883,-78.72591,40.86899,75.803696,0.032193623,0.15999103,-0.028251685,6638428,2,2842,0.013034377,655
2000056000126,30000200003253,2000056000129,2000056000000,30,2.422044,2000056000127,-1,2000056000125,2000056000126,-1,29,2.5819702,2.4959044,2.6680357,10485,52.101295,46.12253,16.369484,120019,5,5,1,-108.64595,-266.78452,-70.695114,51.703465,92.07767,-0.025003731,0.12938882,-0.16425584,6638434,2,3253,0.0070788222,313
2000056000127,29000200003414,2000056000129,2000056000000,29,2.6188614,2000056000128,-1,2000056000126,2000056000127,-1,30,1.8934448,1.8934448,1.8934448,10485,52.16951,46.285835,16.420868,120019,5,5,1,-107.26403,-272.58383,-58.89263,36.405396,71.208534,0.11204664,0.14045648,-0.042208128,6638471,2,3414,0.013096366,903
2000056000128,28000200003968,2000056000129,2000056000000,28,2.8311827,2000056000129,-1,2000056000127,2000056000128,-1,25,0.9467224,0.9467224,0.9467224,10485,52.233955,46.38986,16.394894,120019,5,5,1,-103.39892,-255.0946,-53.361565,34.0396,61.053417,-0.06569047,0.024555271,-0.058281384,6638475,2,3968,0.016160589,438
2000056000129,27000200003395,2000056000129,2000056000000,27,3.060419,-1,-1,2000056000128,2000056000129,-1,26,0.6885254,0.516394,0.6885254,10485,52.27525,46.595543,16.516964,120019,5,5,1,-96.91566,-247.68962,-40.33121,31.856964,53.347317,-0.043890085,0.047601733,-0.07535456,6638475,2,3395,0.02162737,942
2000056000130,39000200003965,2000056000131,2000056000000,39,1.173417,2000056000131,-1,2000056000023,2000056000130,-1,21,2.2377074,1.8934448,2.2377074,10485,52.046223,45.045,15.921977,120017,5,5,1,173.5122,-96.75219,-41.289333,28.803087,50.792465,-0.08718939,0.07725592,-0.07970632,6748671,2,3965,0.016056264,89
2000056000131,38000200004060,2000056000131,2000056000000,38,1.2758462,-1,-1,2000056000130,2000056000131,-1,24,2.6680357,2.4959044,2.6680357,10485,51.96347,45.11485,15.972385,120017,5,5,1,90.96544,-124.83616,-112.56955,36.11913,54.208878,0.0014766927,0.021810904,-0.14220726,6751856,2,4060,0.018846104,606
2000056000132,46000200000482,2000056000163,2000056000000,46,0.6235901,2000056000133,-1,2000056000016,2000056000017,-1,47,0.0,0.0,0.0,10484,52.41436,44.710827,16.658562,120007,5,5,1,27.622444,-280.91306,132.7488,47.470715,90.92027,0.00927478,-7.3393685E-4,0.13751702,6892988,2,482,0.012528911,377
2000056000133,45000200000446,2000056000163,2000056000000,45,0.6871088,2000056000134,-1,2000056000132,2000056000018,-1,73,0.0,0.0,0.0,10484,52.38596,44.80516,16.561417,120003,5,5,1,112.999794,-110.645065,294.57718,78.92192,123.07638,-0.05716496,0.042929213,0.038119372,6893005,2,446,0.010159753,850
2000056000134,44000200000400,2000056000163,2000056000000,44,0.75503564,2000056000135,-1,2000056000133,2000056000019,-1,114,0.0,0.0,0.0,10484,52.308784,44.75279,16.406908,120003,5,5,1,86.397095,180.06822,205.80798,78.37736,142.39923,-0.017612122,0.059751406,0.00298666,6893009,2,400,0.013454161,381
2000056000135,43000200000364,2000056000163,2000056000000,43,0.8276991,2000056000136,-1,2000056000134,2000056000020,-1,192,0.0,0.0,0.0,10484,52.29161,44.702606,16.33483,120003,5,5,1,6.1760416,55.12657,97.1728,83.94387,155.553,-0.22429322,0.0056724325,-0.054501534,6893010,2,364,0.015945127,648
2000056000136,42000200000365,2000056000163,2000056000000,42,0.9054624,2000056000137,-1,2000056000135,2000056000021,-1,213,0.0,0.0,0.0,10484,52.30249,44.688538,16.300474,120003,5,5,1,-24.189734,-28.10524,57.0912,81.128105,152.59825,-0.090150155,0.086502805,-0.034297116,6890488,2,365,0.017443081,769
2000056000137,41000200000313,2000056000163,2000056000000,41,0.98870814,2000056000138,-1,2000056000136,2000056000022,-1,244,0.0,0.0,0.0,10484,52.31971,44.72255,16.279854,120003,5,5,1,-41.466633,-101.713326,36.532917,75.25145,145.06645,-0.15880115,0.16483659,-0.0314026,6893012,2,313,0.022419538,98
2000056000138,40000200000257,2000056000163,2000056000000,40,1.0778745,2000056000139,-1,2000056000137,2000056000023,-1,217,0.0,0.0,0.0,10484,52.342712,44.807705,16.265043,120003,5,5,1,-56.657776,-181.70082,23.35112,81.70415,150.27237,-0.24251173,0.08568722,-0.019744586,6893021,2,257,0.018437698,590
2000056000139,39000200000284,2000056000163,2000056000000,39,1.173417,2000056000140,-1,2000056000138,2000056000024,-1,234,0.0,0.0,0.0,10485,52.38131,44.9391,16.240747,120017,5,5,1,-59.6983,-292.4991,19.880728,92.49748,160.04572,-0.312734,0.062250696,-0.07721425,6893012,2,284,0.018609209,885
2000056000140,38000200000288,2000056000163,2000056000000,38,1.2758462,2000056000141,-1,2000056000139,2000056000025,-1,220,0.0,0.0,0.0,10485,52.410477,45.148026,16.22565,120017,5,5,1,-34.72074,-445.22556,50.180767,99.92314,168.68988,-0.119620614,0.11599714,-0.062692896,6893018,2,288,0.014447679,659
2000056000141,37000200000212,2000056000163,2000056000000,37,1.3857181,2000056000142,-1,2000056000140,2000056000026,2000056000119,176,0.0,0.0,0.0,10485,52.40563,45.412083,16.161854,120017,5,5,1,87.56898,-487.8762,211.83746,98.24906,163.46687,-0.0844739,0.036328983,-0.013724469,6890441,2,212,0.01254148,652
2000056000142,36000200000231,2000056000163,2000056000000,36,1.5036365,2000056000143,-1,2000056000141,2000056000027,2000056000120,318,0.0,0.0,0.0,10485,52.323902,45.65896,16.01073,120017,5,5,1,128.1943,-376.18893,290.234,100.6434,172.75934,-0.17395535,0.079212725,-0.30179286,6893042,2,231,0.020320768,869
2000056000143,35000200000619,2000056000163,2000056000000,35,1.6302707,2000056000144,-1,2000056000142,2000056000143,-1,438,41.655785,39.93447,42.086113,10485,52.253403,45.825657,15.839226,120017,5,5,1,132.52737,-302.2136,265.03036,98.23834,175.07611,-0.34260103,-0.01261149,-0.65095764,6893010,2,619,0.026591085,491
2000056000144,34000200000618,2000056000163,2000056000000,34,1.766336,2000056000145,-1,2000056000143,2000056000144,-1,417,36.491844,35.889385,37.00824,10485,52.189293,45.981163,15.680167,120019,5,5,1,129.53789,-264.9589,251.15631,96.62177,170.15324,-0.32536137,0.1303916,-0.40403426,6892980,2,618,0.028105984,238
2000056000145,33000200000634,2000056000163,2000056000000,33,1.9126327,2000056000146,-1,2000056000144,2000056000145,-1,367,33.82381,32.36069,34.340202,11960,52.10196,46.129753,15.543332,105975,5,5,1,120.36607,-237.0496,240.37044,99.42734,171.70522,-0.062991984,0.16600937,-0.28920054,6893010,2,634,0.023638802,102
2000056000146,32000200000586,2000056000163,2000056000000,32,2.0700274,2000056000147,-1,2000056000145,2000056000146,-1,363,32.01643,31.758232,32.44676,11960,52.04141,46.2662,15.396575,105975,5,5,1,123.01387,-218.26901,223.32317,103.96949,180.4117,-0.073530264,0.015574532,-0.15850051,6893010,2,586,0.021069176,217
2000056000147,31000200000563,2000056000163,2000056000000,31,2.2394855,2000056000148,-1,2000056000146,2000056000147,-1,337,29.692657,29.090197,30.381182,11960,51.966686,46.379917,15.283959,105975,5,5,1,118.53183,-202.33969,209.46463,102.77106,176.46777,-0.16624366,0.049767576,-0.14885658,6893042,2,563,0.021381129,482
2000056000148,30000200000529,2000056000163,2000056000000,30,2.422044,2000056000149,-1,2000056000147,2000056000148,-1,324,26.163963,25.561504,27.02462,11960,51.90862,46.48859,15.160704,105975,5,5,1,120.262764,-190.5215,202.9897,90.43006,162.745,-0.12348346,0.10765231,-0.160079,6892978,2,529,0.02344364,325
2000056000149,29000200000563,2000056000163,2000056000000,29,2.6188614,2000056000150,-1,2000056000148,2000056000149,-1,277,23.495928,22.807404,24.184454,11960,51.84471,46.590168,15.05313,105975,5,5,1,110.95386,-176.28761,197.21799,92.34365,167.81136,-0.19979176,0.07285015,-0.18625407,6892989,2,563,0.021112278,530
2000056000150,28000200000524,2000056000163,2000056000000,28,2.8311827,2000056000151,-1,2000056000149,2000056000150,-1,245,22.118877,21.516418,22.549206,11960,51.79649,46.68392,14.93821,105975,5,5,1,110.38901,-161.15149,187.01248,87.061775,154.34903,-0.07151303,0.14569354,-0.13544829,6893020,2,524,0.019644752,99
2000056000151,27000200000383,2000056000163,2000056000000,27,3.060419,2000056000152,-1,2000056000150,2000056000151,-1,271,22.032812,22.032812,22.721336,11960,51.718502,46.75717,14.819508,105974,5,5,1,108.082825,-155.34798,176.60573,93.50263,162.19206,-0.061369743,0.1459093,-0.05814703,6892989,2,383,0.019854434,798
2000056000152,26000200000317,2000056000163,2000056000000,26,3.3080978,2000056000153,-1,2000056000151,2000056000152,-1,273,24.786913,24.184454,25.217241,11960,51.656322,46.87398,14.729297,105974,5,5,1,101.94437,-142.38132,165.03593,103.44982,172.10648,-0.03628543,0.17606004,-0.04216079,6893014,2,317,0.017163295,973
2000056000153,25000200000260,2000056000163,2000056000000,25,3.575905,2000056000154,-1,2000056000152,2000056000153,-1,267,23.581993,23.495928,24.528717,11473,51.59214,46.94623,14.648958,112996,5,5,1,103.36259,-138.16425,165.7352,108.86243,175.75568,0.0415396,0.15051746,-0.123364694,6893014,2,260,0.016185792,703
2000056000154,24000200000237,2000056000163,2000056000000,24,3.8656828,2000056000155,-1,2000056000153,2000056000154,-1,242,20.139366,19.106579,21.172155,11473,51.540234,47.04691,14.557909,112992,5,5,1,102.84997,-130.52335,158.14456,104.93196,170.37341,-0.028695365,0.0613583,-0.21523103,6893014,2,237,0.016968329,256
2000056000155,23000200000215,2000056000163,2000056000000,23,4.1794686,2000056000156,-1,2000056000154,2000056000155,-1,215,16.782806,16.266413,17.729528,11473,51.522423,47.1015,14.470439,112992,5,5,1,94.75319,-131.88176,153.08762,94.00721,158.95723,-0.20727304,0.10947311,-0.20962992,6893008,2,215,0.018150555,984
2000056000156,22000200000160,2000056000163,2000056000000,22,4.5195556,2000056000157,-1,2000056000155,2000056000156,-1,220,12.479523,12.479523,13.254113,11473,51.45757,47.169838,14.381285,112992,5,5,1,83.79537,-111.642944,138.9677,92.82109,155.54477,-0.3870893,0.3293642,-0.2269126,6893056,2,160,0.017919103,548
2000056000157,21000200000189,2000056000163,2000056000000,21,4.888449,2000056000158,-1,2000056000156,2000056000157,-1,142,9.725421,9.725421,10.069683,11473,51.419373,47.202953,14.312177,112992,5,5,1,88.105705,-122.62227,138.77113,90.516945,149.18759,0.05521779,0.25146273,-0.17444903,6893008,2,189,0.013088092,723
2000056000158,20000200000128,2000056000163,2000056000000,20,5.2888336,2000056000159,-1,2000056000157,2000056000158,-1,147,8.176239,8.090173,8.778699,11473,51.385258,47.249874,14.248922,112992,5,5,1,82.5706,-113.84381,135.24998,84.216095,145.03873,0.120075166,0.13019286,-0.15641841,6890444,2,128,0.013568026,728
2000056000159,19000200000151,2000056000163,2000056000000,19,5.7238646,2000056000160,-1,2000056000158,2000056000159,-1,98,7.4016476,7.4016476,8.004107,11473,51.36256,47.304783,14.176957,112992,5,5,1,38.8394,-103.01047,123.701805,88.0729,143.85745,0.07745873,-0.14045003,-0.05181609,6890444,2,151,0.010142932,526
2000056000160,18000200000146,2000056000163,2000056000000,18,6.1968336,2000056000161,-1,2000056000159,2000056000160,-1,76,6.540991,6.540991,6.7131224,11473,51.347218,47.365562,14.087579,112992,5,5,1,39.191883,-95.67415,110.61255,94.49569,155.70589,0.006453588,-0.080703326,-0.0719965,6893010,2,146,0.0066586337,289
2000056000161,17000200000102,2000056000163,2000056000000,17,6.7115865,2000056000162,-1,2000056000160,2000056000161,-1,70,4.8196774,4.8196774,5.1639404,11473,51.319103,47.400795,14.02691,112992,5,5,1,49.56823,-97.360855,111.678604,84.93959,144.96204,-0.02192796,-0.089456454,-0.05912143,6893014,2,102,0.007483051,833
2000056000162,16000200000253,2000056000163,2000056000000,16,7.272188,2000056000163,-1,2000056000161,2000056000162,-1,32,1.4631164,1.4631164,1.6352477,11473,51.34117,47.419285,13.947386,112992,5,5,1,35.59674,-87.680336,115.9669,71.587265,97.74224,0.018264687,-0.060430743,-0.09091563,6892952,2,253,0.0071809376,168
2000056000163,15000200000282,2000056000163,2000056000000,15,7.8832035,-1,-1,2000056000162,2000056000163,-1,22,0.9467224,0.9467224,0.9467224,11473,51.326534,47.48741,13.8849535,112992,5,5,1,12.597297,-107.98383,99.67489,47.243244,83.36692,-0.0116155585,-0.00525456,-0.022860838,6892987,2,282,0.008067349,426
2000056000164,50000200000495,2000056000260,2000056000000,50,0.40789944,2000056000165,-1,2000056000012,2000056000013,2000056000278,439,0.0,0.0,0.0,10484,52.420383,44.574112,16.975327,120007,5,4,1,83.26935,-353.29205,-130.20909,110.757614,182.006,0.10528598,-0.08784849,0.13030379,6891026,2,495,0.025326323,4
2000056000165,49000200000464,2000056000260,2000056000000,49,0.45657724,2000056000166,-1,2000056000164,2000056000014,-1,634,0.0,0.0,0.0,10484,52.391964,44.70716,17.022026,120007,5,5,1,66.60503,-306.2942,-89.854065,110.439224,185.55444,0.04674025,0.17854396,0.061967917,6890605,2,464,0.035286166,863
2000056000166,48000200000468,2000056000260,2000056000000,48,0.5085914,2000056000167,-1,2000056000165,2000056000015,-1,636,0.0,0.0,0.0,10484,52.370167,44.8315,17.05108,120007,5,5,1,61.798336,-274.8322,-69.56135,116.058945,191.87613,-0.112509735,0.2278604,-0.0905478,6890605,2,468,0.03295432,701
2000056000167,47000200000454,2000056000260,2000056000000,47,0.5641766,2000056000168,-1,2000056000166,2000056000016,-1,795,0.0,0.0,0.0,10485,52.339832,44.94948,17.07717,120021,5,5,1,57.026207,-260.7984,-50.90933,110.0936,187.14034,-0.020357218,0.46072552,-0.33074072,6890605,2,454,0.04247376,497
2000056000168,46000200000685,2000056000260,2000056000000,46,0.6235901,2000056000169,-1,2000056000167,2000056000168,-1,1098,109.733734,99.319786,106.97963,10485,52.31774,45.043575,17.093489,120021,5,5,1,60.991653,-243.03351,-29.436277,108.75289,183.32066,-0.25411764,0.56462157,-0.5061927,6891017,2,685,0.06439317,556
2000056000169,45000200000680,2000056000260,2000056000000,45,0.6871088,2000056000170,-1,2000056000168,2000056000169,-1,1049,102.332085,90.71322,97.85667,10485,52.298866,45.13363,17.08609,120021,5,5,1,64.92184,-236.10591,-19.069666,114.51279,190.37279,-0.26530188,0.71070915,-0.65351546,6891015,2,680,0.057309013,292
2000056000170,44000200000642,2000056000260,2000056000000,44,0.75503564,2000056000171,-1,2000056000169,2000056000170,-1,987,92.77879,83.2255,90.02469,10485,52.266285,45.24021,17.102745,120021,5,5,1,69.87888,-222.89891,-4.0624223,129.69698,210.16154,-0.3695841,0.55121785,-0.6232452,6890605,2,642,0.04175203,434
2000056000171,43000200000621,2000056000222,2000056000000,43,0.8276991,2000056000172,2000056000223,2000056000170,2000056000171,2000056000223,865,92.5206,82.364845,89.59436,10485,52.21348,45.406578,17.133127,120021,5,5,1,78.77247,-220.20242,0.46430102,113.496506,176.12413,-0.6017886,0.56291634,-0.7827271,6890605,2,621,0.05418734,747
2000056000172,42000200000631,2000056000222,2000056000000,42,0.9054624,2000056000173,-1,2000056000171,2000056000172,2000056000224,610,84.00009,63.086136,80.29927,10485,52.153767,45.53083,17.14551,120021,5,5,1,112.02433,-226.93544,-12.046521,95.93147,163.17601,-0.36151868,0.5546112,-0.20059475,6890605,2,631,0.047033694,30
2000056000173,41000200000581,2000056000222,2000056000000,41,0.98870814,2000056000174,-1,2000056000172,2000056000173,2000056000225,591,51.209076,44.840214,50.434483,10485,52.081284,45.64538,17.154469,120021,5,5,1,119.33882,-213.17223,6.090963,85.82853,152.2842,-0.28155845,0.47151375,0.102950834,6891089,2,581,0.04787798,184
2000056000174,40000200000676,2000056000222,2000056000000,40,1.0778745,2000056000175,-1,2000056000173,2000056000174,-1,520,46.217266,41.483654,46.045135,10485,52.023,45.75731,17.14837,120021,5,5,1,126.71367,-208.88557,27.143211,90.73274,164.85976,-0.46920228,0.20231828,0.064274065,6891137,2,676,0.04360637,223
2000056000175,39000200000720,2000056000222,2000056000000,39,1.173417,2000056000176,-1,2000056000174,2000056000175,2000056000368,438,41.827915,38.299225,41.397587,10485,51.93732,45.886555,17.129217,120021,5,5,1,133.63533,-202.2637,36.219822,88.891304,158.03296,-0.22404511,0.036125198,0.1976967,6891137,2,720,0.034188017,566
2000056000176,38000200000673,2000056000222,2000056000000,38,1.2758462,2000056000177,-1,2000056000175,2000056000176,-1,485,50.176285,48.196777,50.176285,10485,51.86941,45.98024,17.109581,120023,5,5,1,146.4854,-184.42725,63.605244,92.22046,162.7199,-0.23797466,0.053516984,0.34804118,6892454,2,673,0.035329815,941
2000056000177,37000200000605,2000056000222,2000056000000,37,1.3857181,2000056000178,-1,2000056000176,2000056000177,2000056000369,495,41.483654,40.19267,41.483654,10485,51.77613,46.093925,17.073093,120023,5,5,1,141.53134,-176.60431,83.1727,95.100624,165.05136,-0.23708998,0.16952254,0.3398968,6891089,2,605,0.034210827,5
2000056000178,36000200000642,2000056000222,2000056000000,36,1.5036365,2000056000179,-1,2000056000177,2000056000178,-1,455,49.487762,47.250053,50.004154,10485,51.69521,46.20162,17.020128,120022,5,5,1,142.62962,-181.61914,103.93316,102.08508,169.77399,-0.21578299,0.13853621,0.12889752,7184053,2,642,0.030703401,776
2000056000179,35000200000579,2000056000222,2000056000000,35,1.6302707,2000056000180,-1,2000056000178,2000056000179,-1,419,47.250053,44.668083,47.76645,10485,51.617603,46.29198,16.967268,120022,5,5,1,135.30846,-187.16304,118.03956,104.237114,175.05948,-0.3779756,0.16915701,0.20946766,6891062,2,579,0.026242835,77
2000056000180,34000200000550,2000056000222,2000056000000,34,1.766336,2000056000181,-1,2000056000179,2000056000180,-1,436,36.83611,34.512333,37.3525,10485,51.541115,46.412777,16.874207,120022,5,5,1,142.14622,-140.5561,112.27167,100.446266,165.52007,-0.25333947,0.03148161,0.017056605,6891089,2,550,0.031524215,318
2000056000181,33000200000526,2000056000217,2000056000000,33,1.9126327,2000056000182,2000056000218,2000056000180,2000056000181,2000056000218,403,33.135284,31.155773,33.737743,10485,51.453716,46.49754,16.80106,120022,5,5,1,144.32852,-133.0368,117.16756,95.23884,170.12744,-0.5460083,0.08098386,0.3079265,6891043,2,526,0.026915668,596
2000056000182,32000200000568,2000056000217,2000056000000,32,2.0700274,2000056000183,-1,2000056000181,2000056000182,-1,370,32.44676,31.155773,33.479546,10485,51.37708,46.57789,16.726362,120022,5,5,1,136.33313,-124.30296,117.51671,94.508514,162.56146,-0.27077848,0.08025114,0.39975318,6891043,2,568,0.027151544,681
2000056000183,31000200000511,2000056000217,2000056000000,31,2.2394855,2000056000184,-1,2000056000182,2000056000183,-1,365,32.704956,31.930365,33.135284,10485,51.31723,46.626984,16.657621,120022,5,5,1,132.35948,-109.609795,116.389984,97.07388,164.86772,-0.29970634,0.18933727,0.39429837,6891043,2,511,0.026504692,105
2000056000184,30000200000497,2000056000202,2000056000000,30,2.422044,2000056000185,2000056000203,2000056000183,2000056000184,2000056000203,291,30.725445,30.295116,31.241838,10485,51.204105,46.69008,16.61389,120022,5,5,1,137.84769,-105.60125,107.71617,108.7125,163.01463,-0.13150291,0.086607054,0.27216393,6891013,2,497,0.020428484,420
2000056000185,29000200000504,2000056000202,2000056000000,29,2.6188614,2000056000186,-1,2000056000184,2000056000185,2000056000204,240,27.971344,26.85249,28.401672,10485,51.16613,46.77172,16.533611,120018,5,5,1,106.71366,-106.668434,139.38126,91.345695,151.3266,-0.21022734,0.09665051,0.27805674,6891013,2,504,0.020768356,630
2000056000186,28000200000422,2000056000202,2000056000000,28,2.8311827,2000056000187,-1,2000056000185,2000056000186,2000056000205,199,20.569695,20.397564,22.721336,10485,51.115627,46.834072,16.448511,120018,5,5,1,84.79435,-76.229,138.22232,88.026344,154.69232,-0.39708033,0.052916285,-0.12138787,7184064,2,422,0.01727178,962
2000056000187,27000200000588,2000056000202,2000056000000,27,3.060419,2000056000188,-1,2000056000186,2000056000187,-1,160,13.168048,12.995916,13.340179,10485,51.082928,46.857296,16.36479,120018,5,5,1,90.53294,-58.636375,130.6667,82.443436,144.30235,-0.24998379,0.1335125,-0.18879214,6891026,2,588,0.015046562,893
2000056000188,26000200000519,2000056000202,2000056000000,26,3.3080978,2000056000189,-1,2000056000187,2000056000188,-1,157,11.446734,11.446734,12.307391,10485,51.042686,46.860653,16.286716,120018,5,5,1,87.97188,-37.85594,130.90176,78.64253,134.63972,-0.26863623,0.030792003,-0.14129993,6891009,2,519,0.016909953,701
2000056000189,25000200000289,2000056000202,2000056000000,25,3.575905,2000056000190,-1,2000056000188,2000056000189,2000056000208,145,12.13526,11.877063,12.479523,11054,50.98697,46.896236,16.187527,127040,5,5,1,89.80439,-22.742474,123.24583,82.71011,139.98979,-0.2539034,0.015783628,-0.34539214,6891033,2,289,0.015178204,467
2000056000190,24000200000418,2000056000202,2000056000000,24,3.8656828,2000056000191,-1,2000056000189,2000056000190,-1,138,12.479523,12.479523,12.823785,11054,50.94087,46.91103,16.115107,127040,5,5,1,90.96118,-27.543474,122.60491,80.3549,135.3063,-0.32480225,0.019546352,-0.28482467,6891031,2,418,0.015147437,426
2000056000191,23000200000316,2000056000202,2000056000000,23,4.1794686,2000056000192,-1,2000056000190,2000056000191,-1,150,12.479523,12.479523,13.081982,11054,50.886887,46.94434,16.05293,127040,5,5,1,93.51857,-19.256191,112.783134,85.086945,143.02477,-0.10062506,-0.0123913875,-0.32840717,7184054,2,316,0.014563742,191
2000056000192,22000200000255,2000056000202,2000056000000,22,4.5195556,2000056000193,-1,2000056000191,2000056000192,-1,153,13.51231,13.51231,13.856573,11054,50.839283,46.9396,15.989718,127040,5,5,1,91.85399,-18.906586,107.8424,92.70509,155.80234,-0.10136749,-0.014209999,-0.27163866,6891019,2,255,0.013425461,103
2000056000193,21000200000183,2000056000202,2000056000000,21,4.888449,2000056000194,-1,2000056000192,2000056000193,-1,144,11.877063,11.790997,12.13526,11054,50.79311,46.980545,15.898541,127040,5,5,1,80.18875,-29.212349,103.27845,102.40532,154.18497,-0.26091525,-0.091409855,-0.23187052,6891018,2,183,0.013298896,483
2000056000194,20000200000079,2000056000202,2000056000000,20,5.2888336,2000056000195,-1,2000056000193,2000056000194,2000056000246,135,9.036896,9.036896,9.381158,11057,50.743557,46.97603,15.878674,126985,5,5,1,75.18446,-27.180838,100.18017,87.84375,145.59058,-0.27022946,-0.14639738,-0.31917405,7184064,2,79,0.012911967,476
2000056000195,19000200000223,2000056000202,2000056000000,19,5.7238646,2000056000196,-1,2000056000194,2000056000195,-1,77,3.18443,3.18443,3.8729553,11057,50.677883,46.94792,15.863097,126985,5,5,1,69.70219,-7.4062767,85.52403,74.255424,111.42532,-0.12040618,0.091223694,-0.01548727,6643095,2,223,0.013159672,87
2000056000196,18000200000503,2000056000199,2000056000000,18,6.1968336,2000056000197,2000056000200,2000056000195,2000056000196,-1,37,2.065576,2.065576,2.1516418,11057,50.639584,46.931675,15.827925,126985,5,5,1,84.23328,10.004173,53.188984,64.80714,108.44307,0.05653537,0.04333218,-0.11984566,6891018,2,503,0.008518268,364
2000056000197,17000200000578,2000056000199,2000056000000,17,6.7115865,2000056000198,-1,2000056000196,2000056000197,-1,23,1.549182,1.549182,1.549182,11057,50.608356,46.89632,15.813378,126985,5,5,1,76.792114,10.156309,65.549164,52.159218,90.87871,0.048214946,0.0110704955,-0.069407165,6891018,2,578,0.0062683327,614
2000056000198,16000200000528,2000056000199,2000056000000,16,7.272188,2000056000199,-1,2000056000197,2000056000198,-1,21,0.60245967,0.60245967,0.60245967,11057,50.61764,46.93203,15.768409,126985,5,5,1,60.693512,12.402919,62.355194,52.28332,80.37642,-0.003625195,-0.0185458,-0.08176132,6891066,2,528,0.0073304814,20
2000056000199,15000200000224,2000056000199,2000056000000,15,7.8832035,-1,-1,2000056000198,2000056000199,-1,25,0.6885254,0.6885254,0.6885254,11057,50.57853,46.924118,15.751386,126985,5,5,1,47.872272,14.468831,47.19217,43.71734,76.16802,-0.07049152,0.0040317345,-0.020026611,6891066,2,224,0.008294073,863
2000056000200,18000200000405,2000056000202,2000056000000,18,6.1968336,2000056000201,-1,2000056000195,2000056000200,-1,39,3.2704954,3.2704954,3.3565612,11057,50.717487,46.987453,15.691947,126985,5,5,1,36.75244,-29.356812,103.6823,62.28645,104.31574,-0.017462961,0.006483263,0.020002771,6891023,2,405,0.008571255,265
2000056000201,17000200000499,2000056000202,2000056000000,17,6.7115865,2000056000202,-1,2000056000200,2000056000201,-1,29,2.4098387,2.4098387,2.4098387,11057,50.714657,47.003162,15.644872,126985,5,5,1,48.746086,-22.096727,109.94857,70.75027,117.72345,-0.036310386,-0.018563699,-0.041614685,6891027,2,499,0.004887617,828
2000056000202,16000200000372,2000056000202,2000056000000,16,7.272188,-1,-1,2000056000201,2000056000202,-1,24,1.8934448,1.8934448,1.8934448,11470,50.65859,46.995754,15.600339,112941,5,5,1,63.47329,-32.69605,107.79333,58.9218,98.17334,-0.025653297,-0.03417618,-0.0384494,6891058,2,372,0.0064762356,66
2000056000203,30000200000498,2000056000217,2000056000000,30,2.422044,2000056000204,-1,2000056000183,2000056000184,-1,23,0.0,0.0,0.0,10485,51.238083,46.71889,16.597511,120018,5,5,1,71.92302,50.569954,138.72714,70.655304,102.384026,-0.06838835,-0.042972516,0.009056387,6891077,2,498,0.00455284,76
2000056000204,29000200000505,2000056000217,2000056000000,29,2.6188614,2000056000205,-1,2000056000203,2000056000185,-1,34,0.0,0.0,0.0,10485,51.145813,46.714775,16.545715,120018,5,5,1,221.37955,-36.66296,31.992075,62.190525,112.49699,0.011608409,-0.017819017,-0.0285835,6891003,2,505,0.0067607835,286
2000056000205,28000200000423,2000056000217,2000056000000,28,2.8311827,2000056000206,-1,2000056000204,2000056000186,-1,77,0.0,0.0,0.0,10485,51.03354,46.742092,16.50882,120018,5,5,1,205.17221,-88.22503,72.14956,60.216526,114.46852,-0.189163,0.052498132,-0.19869283,6891003,2,423,0.011916381,580
2000056000206,27000200000993,2000056000217,2000056000000,27,3.060419,2000056000207,-1,2000056000205,2000056000206,-1,83,8.090173,7.9180417,8.348371,10485,50.91134,46.803486,16.462997,120018,5,5,1,173.5331,-111.97246,84.55963,63.1831,120.164,-0.18033582,0.07370188,-0.1788358,6891084,2,993,0.011540764,234
2000056000207,26000200000940,2000056000217,2000056000000,26,3.3080978,2000056000208,-1,2000056000206,2000056000207,-1,82,6.4549255,6.196728,7.4877133,10485,50.80307,46.850952,16.402447,120018,5,5,1,139.73558,-121.28263,86.47349,62.39835,107.42459,-0.13793693,-0.0052220463,-0.17988174,6891084,2,940,0.014869887,779
2000056000208,25000200000290,2000056000217,2000056000000,25,3.575905,2000056000209,-1,2000056000207,2000056000189,-1,75,0.0,0.0,0.0,11057,50.747055,46.945995,16.375824,126985,5,5,1,110.804474,-125.77808,88.59146,64.44619,124.0192,-0.14084119,-0.018457692,-0.11896657,6892415,2,290,0.00963998,278
2000056000209,24000200000789,2000056000217,2000056000000,24,3.8656828,2000056000210,-1,2000056000208,2000056000209,-1,78,6.7131224,6.7131224,7.057385,11057,50.69111,47.027306,16.320871,126985,5,5,1,84.64373,-134.61743,92.518875,69.0891,124.30358,-0.17037886,0.039998658,-0.1518421,6891084,2,789,0.01042727,662
2000056000210,23000200000502,2000056000217,2000056000000,23,4.1794686,2000056000211,-1,2000056000209,2000056000210,-1,85,6.6270566,6.540991,7.2295165,11057,50.650517,47.122925,16.275663,126985,5,5,1,65.67988,-133.28572,90.49522,67.92573,117.93383,-0.21252432,0.07145204,-0.10304646,6891097,2,502,0.012098729,894
2000056000211,22000200000471,2000056000217,2000056000000,22,4.5195556,2000056000212,-1,2000056000210,2000056000211,-1,75,7.1434507,7.1434507,7.573779,11057,50.620903,47.163673,16.217257,126985,5,5,1,45.09879,-127.98141,80.94291,73.55852,124.7132,-0.07339267,0.04060515,-0.19635049,6643040,2,471,0.010206622,57
2000056000212,21000200000462,2000056000217,2000056000000,21,4.888449,2000056000213,-1,2000056000211,2000056000212,-1,73,5.508203,5.3360715,5.680334,11057,50.61643,47.221737,16.14019,126985,5,5,1,38.49533,-111.0228,74.32751,72.48767,117.23745,-0.114148244,0.11612098,-0.29858324,6643040,2,462,0.01074451,626
2000056000213,20000200000356,2000056000217,2000056000000,20,5.2888336,2000056000214,-1,2000056000212,2000056000213,-1,70,3.442627,3.442627,3.7868896,11057,50.605003,47.269154,16.084562,126985,5,5,1,24.385893,-100.413475,78.55139,64.61413,108.922165,-0.014719134,0.03901749,-0.22199862,6891077,2,356,0.012830567,338
2000056000214,19000200000261,2000056000217,2000056000000,19,5.7238646,2000056000215,-1,2000056000213,2000056000214,-1,69,2.4959044,2.4959044,2.4959044,11057,50.576653,47.333473,16.041471,126985,5,5,1,26.558073,-95.49113,79.09704,62.194633,100.053246,-0.018491762,0.060543336,-0.17513211,6643031,2,261,0.014053561,544
2000056000215,18000200000345,2000056000217,2000056000000,18,6.1968336,2000056000216,-1,2000056000214,2000056000215,-1,46,1.6352477,1.6352477,1.8934448,11057,50.555676,47.391834,16.022556,126985,5,5,1,14.264837,-68.12208,85.99417,60.323467,90.09541,-0.041031107,0.0112804845,-0.2162658,6643043,2,345,0.011697382,677
2000056000216,17000200000324,2000056000217,2000056000000,17,6.7115865,2000056000217,-1,2000056000215,2000056000216,-1,36,1.4631164,1.4631164,1.549182,11057,50.53671,47.421196,15.991707,126985,5,5,1,17.088274,-75.68509,82.83587,59.714912,90.347595,-0.060409505,-0.045798857,-0.17878415,6891088,2,324,0.009212532,149
2000056000217,16000200000276,2000056000217,2000056000000,16,7.272188,-1,-1,2000056000216,2000056000217,-1,28,0.6885254,0.6885254,0.86065674,11057,50.54035,47.43158,15.953049,126985,5,5,1,7.8221555,-75.801025,85.40067,51.489155,82.73366,-0.22488509,-0.16725089,-0.18147387,6891080,2,276,0.008986268,721
2000056000218,33000200000527,2000056000222,2000056000000,33,1.9126327,2000056000219,-1,2000056000180,2000056000181,-1,31,0.0,0.0,0.0,10485,51.431126,46.162125,16.896257,120022,5,5,1,118.02549,62.259483,55.699116,38.026073,66.283745,0.011461683,0.13578056,-0.22977081,6299783,2,527,0.01766665,28
2000056000219,32000200003306,2000056000222,2000056000000,32,2.0700274,2000056000220,-1,2000056000218,2000056000219,-1,33,3.3565612,3.098364,3.6147583,10485,51.377068,46.13369,16.854637,120022,5,5,1,73.670456,47.977493,49.176712,46.056816,75.198685,-0.02614347,-0.10379557,-0.03302843,6274260,2,3306,0.012141456,702
2000056000220,31000200003147,2000056000222,2000056000000,31,2.2394855,2000056000221,-1,2000056000219,2000056000220,-1,36,2.4959044,2.4098387,2.4959044,10485,51.343063,46.107086,16.80765,120022,5,5,1,59.12282,32.288948,41.950787,39.804176,70.057365,-0.048249774,-0.07378052,-0.08374786,6274260,2,3147,0.016114645,317
2000056000221,30000200003325,2000056000222,2000056000000,30,2.422044,2000056000222,-1,2000056000220,2000056000221,-1,28,2.2377074,2.1516418,2.2377074,10485,51.303886,46.098408,16.799309,120022,5,5,1,52.587135,20.333551,41.85352,36.237045,67.18263,-0.028037513,-0.12379687,-0.007268814,6274260,2,3325,0.016317673,552
2000056000222,29000200004372,2000056000222,2000056000000,29,2.6188614,-1,-1,2000056000221,2000056000222,-1,24,1.4631164,1.4631164,1.4631164,10485,51.264256,46.098232,16.758678,120022,5,5,1,47.640457,13.451257,49.887917,36.476337,66.91755,-0.08814126,0.012776333,-0.107413486,6299777,2,4372,0.0110295005,931
2000056000223,43000200000622,2000056000260,2000056000000,43,0.8276991,2000056000224,-1,2000056000170,2000056000171,-1,63,0.0,0.0,0.0,10485,52.246243,45.314117,17.08588,120021,5,5,1,15.085101,-85.63473,94.35717,68.54668,113.11829,0.24078922,0.027570687,0.045885365,6890678,2,622,0.011831833,82
2000056000224,42000200000632,2000056000260,2000056000000,42,0.9054624,2000056000225,-1,2000056000223,2000056000172,-1,213,0.0,0.0,0.0,10485,52.222458,45.39231,17.044115,120021,5,5,1,23.644386,-150.549,73.55168,87.35404,141.48361,0.27829817,0.02784639,-0.053028002,6890674,2,632,0.020276003,973
2000056000225,41000200000582,2000056000260,2000056000000,41,0.98870814,2000056000226,-1,2000056000224,2000056000173,-1,269,0.0,0.0,0.0,10485,52.2201,45.476593,17.009499,120021,5,5,1,39.25434,-162.89214,66.44375,79.483444,139.95647,0.16903108,0.20551339,0.06581642,6890674,2,582,0.02631291,811
2000056000226,40000200000843,2000056000260,2000056000000,40,1.0778745,2000056000227,-1,2000056000225,2000056000226,-1,320,33.909874,29.692657,33.565613,10485,52.188526,45.552284,16.975584,120021,5,5,1,57.37957,-167.57564,72.98199,75.46577,136.12642,-0.057552718,0.15910378,0.07042412,7183753,2,843,0.033634976,439
2000056000227,39000200000798,2000056000260,2000056000000,39,1.173417,2000056000228,-1,2000056000226,2000056000227,-1,364,34.77053,31.500036,34.082005,10485,52.143288,45.634388,16.943031,120021,5,5,1,74.907196,-170.99867,86.34443,80.04609,144.01395,0.07218524,0.30826244,0.2685427,7183753,2,798,0.036487497,476
2000056000228,38000200000656,2000056000260,2000056000000,38,1.2758462,2000056000229,-1,2000056000227,2000056000228,2000056000316,384,33.221348,30.553314,33.221348,10485,52.11035,45.728348,16.891758,120021,5,5,1,93.58128,-172.40843,99.645386,80.81428,140.86652,-0.20164022,0.15716551,-0.1566504,7183808,2,656,0.03649831,321
2000056000229,37000200000586,2000056000260,2000056000000,37,1.3857181,2000056000230,-1,2000056000228,2000056000229,2000056000317,399,40.19267,33.737743,40.450867,10485,52.066338,45.83286,16.834007,120021,5,5,1,109.44944,-196.17508,118.53388,84.76958,142.15904,-0.13052475,0.24835953,-0.03164944,6890674,2,586,0.036793783,957
2000056000230,36000200000590,2000056000260,2000056000000,36,1.5036365,2000056000231,-1,2000056000229,2000056000230,2000056000318,350,56.11482,53.791046,56.45908,10485,52.010597,45.945377,16.769167,120023,5,5,1,92.18882,-211.1729,141.04958,89.89204,141.04929,0.16324678,0.2608273,-0.07380544,6890666,2,590,0.034176946,930
2000056000231,35000200000546,2000056000258,2000056000000,35,1.6302707,2000056000232,2000056000259,2000056000230,2000056000231,2000056000319,293,37.3525,34.5984,38.55742,10485,51.94851,46.06788,16.668844,120023,5,5,1,69.27655,-222.63727,166.8035,79.327896,141.6229,0.0704237,0.1826969,-0.154319,7183808,2,546,0.027776532,987
2000056000232,34000200000709,2000056000258,2000056000000,34,1.766336,2000056000233,-1,2000056000231,2000056000232,2000056000259,274,25.04511,24.184454,25.991833,10485,51.89705,46.202625,16.58542,120019,5,5,1,82.48383,-202.72508,172.80585,81.23463,142.75421,-0.024940914,0.2504397,-0.033248357,6890645,2,709,0.026378738,489
2000056000233,33000200000771,2000056000258,2000056000000,33,1.9126327,2000056000234,-1,2000056000232,2000056000233,-1,264,21.86068,21.08609,22.204943,10485,51.84662,46.321762,16.460842,120019,5,5,1,90.78769,-178.67796,172.36942,78.05517,136.59247,0.005757315,0.3443924,-0.05284754,7183799,2,771,0.028151164,598
2000056000234,32000200000735,2000056000258,2000056000000,32,2.0700274,2000056000235,-1,2000056000233,2000056000234,-1,252,20.655762,20.0533,21.172155,10485,51.789825,46.417923,16.364843,120019,5,5,1,98.940155,-156.66472,168.82483,80.41909,137.19888,0.03140469,0.34254387,-0.043744434,7184044,2,735,0.02642592,941
2000056000235,31000200000714,2000056000250,2000056000000,31,2.2394855,2000056000236,2000056000251,2000056000234,2000056000235,2000056000251,201,16.868872,16.610674,17.213135,10485,51.71645,46.51198,16.288548,120018,5,5,1,117.360435,-143.19788,169.10435,86.00427,141.63347,0.13629809,0.36217654,0.23312756,7183799,2,714,0.018876586,421
2000056000236,30000200000674,2000056000250,2000056000000,30,2.422044,2000056000237,-1,2000056000235,2000056000236,-1,219,15.2336235,15.2336235,16.09428,10485,51.656445,46.587296,16.223183,120018,5,5,1,111.37991,-121.158585,166.69312,75.54853,125.85919,0.03358508,0.16782606,-0.10625121,6891052,2,674,0.028653726,86
2000056000237,29000200000859,2000056000248,2000056000000,29,2.6188614,2000056000238,2000056000249,2000056000236,2000056000237,2000056000249,117,9.295093,9.122961,9.725421,10485,51.56789,46.650013,16.14046,120018,5,5,1,135.88435,-104.126434,136.80824,67.32909,115.7697,0.06652068,-0.13108915,0.009146683,6890677,2,859,0.018256756,371
2000056000238,28000200000703,2000056000248,2000056000000,28,2.8311827,2000056000239,-1,2000056000237,2000056000238,2000056000250,134,8.176239,8.176239,8.262304,10485,51.468002,46.7158,16.073954,120018,5,5,1,126.01441,-87.0709,148.67377,64.091606,112.421074,0.16222295,0.045980815,0.21074533,7184043,2,703,0.020796483,641
2000056000239,27000200000705,2000056000248,2000056000000,27,3.060419,2000056000240,-1,2000056000238,2000056000239,-1,130,6.6270566,6.540991,7.057385,10485,51.405033,46.771637,15.980587,120018,5,5,1,119.51813,-67.20467,143.41382,59.956196,104.23451,0.15786187,0.23807643,0.1904888,6890721,2,705,0.023922803,180
2000056000240,26000200000859,2000056000247,2000056000000,26,3.3080978,2000056000241,2000056000248,2000056000239,2000056000240,-1,83,6.7131224,6.6270566,6.885254,10485,51.330242,46.79437,15.912437,120018,5,5,1,124.85844,-64.21692,138.66895,56.952084,100.2186,-0.1070987,-0.043092057,0.09044385,6890674,2,859,0.0173327,307
2000056000241,25000200000882,2000056000247,2000056000000,25,3.575905,2000056000242,-1,2000056000240,2000056000241,-1,70,5.508203,5.4221373,5.680334,10485,51.249634,46.84407,15.816573,120018,5,5,1,118.88073,-55.53573,143.17744,60.151325,103.621414,-0.14208297,-0.10064928,0.089643285,7183802,2,882,0.012673662,737
2000056000242,24000200000808,2000056000247,2000056000000,24,3.8656828,2000056000243,-1,2000056000241,2000056000242,-1,68,5.0778747,5.0778747,5.2500057,10485,51.19406,46.857845,15.74023,120018,5,5,1,106.343666,-48.998104,141.95895,61.13336,102.399254,-0.13354222,0.025921552,-0.05612364,6890674,2,808,0.013579753,878
2000056000243,23000200000596,2000056000247,2000056000000,23,4.1794686,2000056000244,-1,2000056000242,2000056000243,-1,81,5.2500057,5.2500057,5.7664,11054,51.137695,46.87594,15.676404,127040,5,5,1,101.33361,-31.800024,150.58205,57.84195,107.66619,-0.17667931,-0.101336785,-0.053183638,6890674,2,596,0.015443337,22
2000056000244,22000200000532,2000056000247,2000056000000,22,4.5195556,2000056000245,-1,2000056000243,2000056000244,-1,81,4.6475463,4.6475463,5.3360715,11473,51.099728,46.89965,15.589459,112996,5,5,1,106.029015,-21.912287,141.62608,65.74426,107.66092,-0.0027479823,-0.24471608,-0.0021047099,7183753,2,532,0.01454027,906
2000056000245,21000200000356,2000056000247,2000056000000,21,4.888449,2000056000246,-1,2000056000244,2000056000245,-1,79,4.5614805,4.5614805,4.5614805,11473,51.063652,46.944668,15.515749,112996,5,5,1,102.26377,-15.873115,149.5748,69.40013,110.440285,-0.19045565,-0.16159198,-0.017117674,7183753,2,356,0.013490669,2
2000056000246,20000200000080,2000056000247,2000056000000,20,5.2888336,2000056000247,-1,2000056000245,2000056000194,-1,85,0.0,0.0,0.0,11473,50.963806,46.91629,15.480286,112996,5,5,1,108.491035,-21.949816,142.0191,71.10943,107.91755,0.043975715,-0.11664123,0.07688382,7183796,2,80,0.015766134,824
2000056000247,19000200000332,2000056000247,2000056000000,19,5.7238646,-1,-1,2000056000246,2000056000247,-1,57,1.032788,1.032788,1.549182,11473,50.926723,46.947357,15.358957,112996,5,5,1,115.1715,-23.136751,144.91753,60.922318,85.37837,-0.23629226,-0.21857086,-0.06820828,7183792,2,332,0.015842661,6
2000056000248,26000200002341,2000056000248,2000056000000,26,3.3080978,-1,-1,2000056000239,2000056000248,-1,28,1.8073791,1.7213135,1.8073791,10485,51.441654,46.79847,15.721848,120018,5,5,1,96.55549,-16.119719,161.35861,44.736973,69.871086,-0.17809647,0.16509458,-0.2460617,6892845,2,2341,0.012369108,758
2000056000249,29000200000860,2000056000250,2000056000000,29,2.6188614,2000056000250,-1,2000056000236,2000056000237,-1,33,0.0,0.0,0.0,10485,51.59806,46.64805,15.981604,120018,5,5,1,60.25558,-69.24116,237.95177,51.697765,81.820335,0.0024031086,0.015416631,-0.10918799,7184664,2,860,0.010880001,213
2000056000250,28000200000704,2000056000250,2000056000000,28,2.8311827,-1,-1,2000056000249,2000056000238,-1,26,0.0,0.0,0.0,10485,51.56995,46.66362,15.824502,120018,5,5,1,51.212543,-44.802147,197.90108,44.369507,67.539276,0.053264543,-0.037730142,0.044040293,6892848,2,704,0.013409366,433
2000056000251,31000200000715,2000056000258,2000056000000,31,2.2394855,2000056000252,-1,2000056000234,2000056000235,-1,22,0.0,0.0,0.0,10485,51.81769,46.398212,16.29648,120019,5,5,1,41.65431,-102.98513,173.19128,33.409428,66.85585,-0.057365473,-0.027562901,-0.035346184,6890700,2,715,0.010438054,224
2000056000252,29000200003774,2000056000258,2000056000000,29,2.6188614,2000056000253,-1,2000056000251,2000056000252,-1,23,2.1516418,2.1516418,2.1516418,10485,51.746147,46.49908,16.09627,120018,5,5,1,82.27435,-119.535576,198.12602,42.59942,78.88583,0.038614184,0.00995801,-0.07712501,6890695,2,3774,0.0077077937,293
2000056000253,28000200003161,2000056000258,2000056000000,28,2.8311827,2000056000254,-1,2000056000252,2000056000253,-1,28,2.4959044,2.4959044,2.7541015,10485,51.695072,46.58698,15.967075,120018,5,5,1,101.14493,-113.81094,201.15942,41.353012,76.92564,0.09641329,-0.016592268,-0.08937951,6890697,2,3161,0.0108156735,593
2000056000254,27000200001383,2000056000258,2000056000000,27,3.060419,2000056000255,-1,2000056000253,2000056000254,-1,29,2.3237731,2.3237731,2.9262328,10485,51.641968,46.645203,15.869014,120018,5,5,1,116.762474,-114.82079,200.32799,35.67219,73.67441,0.07496061,-0.0023284846,-0.07270313,6890707,2,1383,0.01321169,997
2000056000255,26000200001210,2000056000258,2000056000000,26,3.3080978,2000056000256,-1,2000056000254,2000056000255,-1,28,2.9262328,2.840167,2.9262328,10485,51.558403,46.71466,15.742306,120018,5,5,1,144.31291,-112.51098,213.3596,39.92345,78.39818,0.048170358,-0.09215317,-0.11060401,6890704,2,1210,0.009968924,346
2000056000256,25000200001222,2000056000258,2000056000000,25,3.575905,2000056000257,-1,2000056000255,2000056000256,-1,28,3.098364,3.0122986,3.2704954,11960,51.466877,46.771507,15.585685,105974,5,5,1,165.28098,-113.087074,219.9375,47.192062,80.16996,0.09920892,-0.06480249,-0.12805587,6890718,2,1222,0.009328645,511
2000056000257,24000200002769,2000056000258,2000056000000,24,3.8656828,2000056000258,-1,2000056000256,2000056000257,-1,23,2.1516418,2.1516418,2.1516418,11960,51.351913,46.85236,15.473636,105974,5,5,1,177.87346,-104.00562,212.77966,48.08224,86.814545,0.021678897,0.03192549,-0.060540993,6890691,2,2769,0.0070083686,823
2000056000258,23000200002741,2000056000258,2000056000000,23,4.1794686,-1,-1,2000056000257,2000056000258,-1,21,1.3770508,1.3770508,1.7213135,11473,51.261604,46.91103,15.363391,112996,5,5,1,174.78531,-83.70782,201.09589,40.19254,70.449196,0.015632397,0.06737605,-0.05273107,6890707,2,2741,0.010476631,927
2000056000259,34000200000710,2000056000260,2000056000000,34,1.766336,2000056000260,-1,2000056000230,2000056000232,-1,30,0.0,0.0,0.0,10485,51.77734,46.106373,16.656158,120023,5,5,1,138.78067,11.224653,36.267002,36.68769,53.241753,-0.31251,0.3439096,0.35637107,6274262,2,710,0.036266167,398
2000056000260,33000200002649,2000056000260,2000056000000,33,1.9126327,-1,-1,2000056000259,2000056000260,-1,32,2.1516418,2.1516418,2.4098387,10485,51.76012,46.07867,16.712563,120023,5,5,1,143.05983,19.505764,61.017788,35.49269,52.33116,-0.24883614,0.2598577,0.25765112,7183995,2,2649,0.025592411,668
2000056000261,54000200000535,2000056000264,2000056000000,54,0.24246909,2000056000262,-1,2000056000008,2000056000009,-1,121,0.0,0.0,0.0,10484,52.5507,44.1166,16.906895,120007,5,4,1,6.033815,-82.941124,225.39471,74.25006,132.38554,0.068692125,0.17259815,-0.109603874,6891068,2,535,0.013406965,911
2000056000262,53000200000529,2000056000264,2000056000000,53,0.2798018,2000056000263,-1,2000056000261,2000056000010,-1,117,0.0,0.0,0.0,10484,52.544918,44.164104,16.856436,120007,5,4,1,36.57299,-191.57797,101.941864,84.98174,143.01448,-0.016146436,0.016315132,-0.11025351,6891039,2,529,0.011617057,870
2000056000263,52000200000502,2000056000264,2000056000000,52,0.31970343,2000056000264,-1,2000056000262,2000056000011,2000056000276,94,0.0,0.0,0.0,10484,52.527065,44.253807,16.845697,120007,5,4,1,95.178795,-313.56195,-34.01911,75.71166,128.51,0.09539628,0.007971364,0.15228266,6890605,2,502,0.011554948,916
2000056000264,51000200000470,2000056000264,2000056000000,51,0.36234027,-1,-1,2000056000263,2000056000012,-1,61,0.0,0.0,0.0,10484,52.457275,44.420734,16.910652,120007,5,4,1,109.89513,-481.05984,-255.30727,79.26272,130.01689,0.11497555,-0.026948106,0.042746034,6891068,2,470,0.0069512716,452
2000056000265,56000200000534,2000056000265,2000056000000,56,0.17489761,-1,-1,2000056000006,2000056000007,-1,20,0.0,0.0,0.0,10484,52.571976,44.11573,17.097326,120007,5,4,1,72.72688,-191.89828,133.09737,40.990196,78.0701,0.0031569272,0.06497849,0.019381003,6891068,2,534,0.008395889,739