haloID,subHaloID,lastProgenitorId,treeId,snapNum,redshift,firstProgenitorId,nextProgenitorId,descendantId,firstHaloInFOFgroupId,nextHaloInFOFgroupId,np,m_Mean200,m_Crit200,m_TopHat,phKey,x,y,z,zIndex,ix,iy,iz,velX,velY,velZ,velDisp,vMax,spinX,spinY,spinZ,mostBoundID,fileNr,subhaloIndex,halfmassRadius,random
700000000,63000000001342,700000038,700000000,63,0.0,700000001,-1,-1,700000000,-1,125,10.586078,6.540991,9.467224,1439,23.45335,4.844866,26.846188,23204,2,0,3,85.93345,-170.86609,102.39305,37.031788,75.507614,-0.16392964,0.0316443,0.016033536,675235,0,1342,0.052393395,534
700000001,62000000001360,700000038,700000000,62,0.019932542,700000002,-1,700000000,700000001,-1,126,10.586078,6.885254,9.725421,1439,23.442074,4.876506,26.826002,23204,2,0,3,86.45537,-171.09694,104.12533,36.888763,74.031395,-0.12152815,0.039563116,0.008040417,675118,0,1360,0.05403816,336
700000002,61000000001379,700000038,700000000,61,0.041403063,700000003,-1,700000001,700000002,-1,123,10.758209,6.885254,9.811486,1120,23.424234,4.907587,26.800144,22767,2,0,3,87.44172,-169.83476,105.64345,37.430103,72.437416,-0.016427878,0.029745625,0.082926966,675118,0,1379,0.046690572,755
700000003,60000000001371,700000038,700000000,60,0.064493395,700000004,-1,700000002,700000003,-1,124,10.672143,7.2295165,9.639355,1120,23.398697,4.9482245,26.77618,22767,2,0,2,87.82131,-168.82858,106.77861,40.777893,81.78869,-0.039990723,0.054322768,0.036949664,675236,0,1371,0.047192823,691
700000004,59000000001409,700000038,700000000,59,0.08928783,700000005,-1,700000003,700000004,-1,121,10.500011,7.3155823,9.381158,1120,23.37321,4.9904885,26.75075,22767,2,0,2,87.89244,-167.9275,108.94555,42.95961,82.60896,-0.15056647,0.017430078,-0.026112322,675118,0,1409,0.04024022,900
700000005,58000000001399,700000038,700000000,58,0.11588337,700000006,-1,700000004,700000005,-1,118,10.069683,7.7459106,9.639355,1120,23.34405,5.0276465,26.723387,22767,2,0,2,86.4318,-165.2707,110.293274,44.316704,84.42492,-0.1813574,0.008590404,0.07944759,675118,0,1399,0.036610644,951
700000006,57000000001462,700000038,700000000,57,0.14438343,700000007,-1,700000005,700000006,-1,113,9.983618,8.004107,9.467224,1120,23.324171,5.0669966,26.693165,22767,2,0,2,85.78868,-165.69775,112.47096,46.14297,85.477516,-0.2894459,0.017545806,-0.009309211,675140,0,1462,0.034273043,611
700000007,56000000001463,700000038,700000000,56,0.17489761,700000008,-1,700000006,700000007,-1,111,9.8975525,7.9180417,9.122961,1120,23.307339,5.1040044,26.663097,22767,2,0,2,86.22973,-165.22118,113.11915,45.289078,83.74146,-0.26152337,0.092060715,0.021282831,675118,0,1463,0.03126062,571
700000008,55000000001464,700000038,700000000,55,0.20754863,700000009,-1,700000007,700000008,-1,111,9.725421,7.7459106,8.778699,1120,23.274117,5.142308,26.628292,22767,2,0,2,85.27413,-161.12856,113.9099,41.877407,79.30993,-0.25136063,0.067472145,0.054451287,675118,0,1464,0.038713645,564
700000009,54000000001487,700000038,700000000,54,0.24246909,700000010,-1,700000008,700000009,-1,103,9.553289,7.1434507,8.692633,1120,23.252127,5.197086,26.596445,22767,2,0,2,85.42189,-160.03082,114.3108,40.615562,76.38095,-0.21671261,0.09921909,-0.0030975796,675235,0,1487,0.033103116,788
700000010,53000000001450,700000038,700000000,53,0.2798018,700000011,-1,700000009,700000010,-1,112,9.553289,6.282794,8.004107,1120,23.218704,5.2414446,26.55172,22767,2,0,2,83.495605,-158.16257,115.2044,40.672184,82.88473,-0.22021542,0.15368596,-0.09098346,675140,0,1450,0.045659106,400
700000011,52000000001423,700000038,700000000,52,0.31970343,700000012,-1,700000010,700000011,-1,112,8.778699,6.1106625,7.573779,1120,23.190332,5.2940297,26.505169,22767,2,0,2,82.04776,-155.11786,115.29788,42.673073,88.87003,-0.21617079,0.122296944,0.014059552,675140,0,1423,0.04332357,475
700000012,51000000001462,700000038,700000000,51,0.36234027,700000013,-1,700000011,700000012,-1,109,8.606567,6.6270566,7.831976,1120,23.151121,5.3667254,26.462694,22767,2,0,2,83.06885,-152.16057,116.225174,38.216805,75.64088,-0.13687614,0.19025977,0.097735,675100,0,1462,0.041107133,267
700000013,50000000001580,700000038,700000000,50,0.40789944,700000014,-1,700000012,700000013,-1,98,8.520501,7.1434507,7.9180417,1120,23.119379,5.423555,26.428501,22767,2,0,2,84.583115,-143.79674,116.13058,39.650394,77.89337,-0.009188291,0.19282992,0.059925567,675100,0,1580,0.03413789,547
700000014,49000000001554,700000038,700000000,49,0.45657724,700000015,-1,700000013,700000014,-1,99,8.520501,6.6270566,8.004107,1120,23.083727,5.4871464,26.3889,22767,2,0,2,84.13,-141.44524,116.566925,42.171577,76.11026,-0.044644024,0.17696999,0.0059687435,675100,0,1554,0.033655476,209
700000015,48000000001495,700000038,700000000,48,0.5085914,700000016,-1,700000014,700000015,-1,104,8.176239,7.2295165,7.9180417,1120,23.051237,5.5430083,26.338076,22763,2,0,2,79.96228,-142.92242,117.77784,45.13432,90.32627,-0.14819226,0.21012035,0.024725026,675222,0,1495,0.033503424,825
700000016,47000000001587,700000038,700000000,47,0.5641766,700000017,-1,700000015,700000016,-1,92,8.004107,6.799188,7.831976,1120,23.018715,5.5956717,26.274767,22763,2,0,2,81.524445,-136.07098,116.84101,45.05103,81.79099,0.072799,0.06698674,0.07271717,675222,0,1587,0.031458497,365
700000017,46000000001660,700000038,700000000,46,0.6235901,700000018,-1,700000016,700000017,-1,93,7.4877133,6.6270566,7.4877133,1120,22.983347,5.648793,26.232914,22763,2,0,2,79.16859,-130.8,115.49306,40.722034,78.81964,0.05888115,0.11568407,0.12750144,675129,0,1660,0.034001645,715
700000018,45000000001701,700000038,700000000,45,0.6871088,700000019,-1,700000017,700000018,-1,88,6.971319,6.1106625,6.885254,1120,22.937965,5.6985292,26.173336,22763,2,0,2,78.1732,-127.93366,114.50317,39.41105,80.5033,0.067194834,0.06950474,0.08491189,675222,0,1701,0.03660162,340
700000019,44000000001874,700000038,700000000,44,0.75503564,700000020,-1,700000018,700000019,-1,76,6.6270566,4.8196774,5.9385314,1120,22.897223,5.7612324,26.119137,22763,2,0,2,73.50418,-119.381805,113.49835,40.053265,83.3699,0.10185645,7.5262634E-4,0.1618183,675118,0,1874,0.029820751,20
700000020,43000000001897,700000038,700000000,43,0.8276991,700000021,-1,700000019,700000020,-1,72,6.024597,5.0778747,6.024597,1120,22.863892,5.8188767,26.061903,22763,2,0,2,75.18461,-114.39615,110.62551,40.01963,75.83787,0.06718129,0.017790316,0.11559927,675116,0,1897,0.025746293,524
700000021,42000000001830,700000038,700000000,42,0.9054624,700000022,-1,700000020,700000021,-1,76,5.9385314,5.4221373,5.7664,1127,22.823494,5.8716536,26.016644,22777,2,0,2,73.95494,-110.79995,113.04541,44.066063,82.768814,0.07148809,0.10103584,0.046604652,675116,0,1830,0.023341035,431
700000022,41000000001985,700000038,700000000,41,0.98870814,700000023,-1,700000021,700000022,-1,68,5.7664,5.508203,5.7664,1127,22.793238,5.9225926,25.955032,22777,2,0,2,72.18639,-104.066055,106.64375,50.407948,86.35664,-0.09948286,0.07244953,-0.02903711,675124,0,1985,0.01864005,895
700000023,40000000002067,700000038,700000000,40,1.0778745,700000024,-1,700000022,700000023,-1,63,5.594269,5.4221373,5.594269,1127,22.75187,5.990921,25.904322,22777,2,0,2,70.86487,-98.94705,105.38381,46.281227,80.89165,-0.06554415,0.13963741,-0.07521115,675152,0,2067,0.018979536,475
700000024,39000000002011,700000038,700000000,39,1.173417,700000025,-1,700000023,700000024,-1,64,5.4221373,5.0778747,5.4221373,1127,22.710358,6.0269713,25.856356,22777,2,0,2,71.21804,-94.38533,103.09657,44.503414,77.71923,-0.16472885,0.136322,-0.08094901,675231,0,2011,0.022322834,60
700000025,38000000002011,700000038,700000000,38,1.2758462,700000026,-1,700000024,700000025,-1,62,5.3360715,4.6475463,5.3360715,1127,22.660673,6.0808573,25.790203,22777,2,0,2,68.57181,-81.230385,103.855705,42.773952,79.30421,-0.12001196,0.16142972,-0.011698891,675014,0,2011,0.02171911,653
700000026,37000000002072,700000038,700000000,37,1.3857181,700000027,-1,700000025,700000026,-1,61,4.217218,3.9590209,4.217218,1127,22.603243,6.133522,25.742008,22777,2,0,2,64.94304,-81.962975,100.09752,40.787117,72.205215,-0.1613701,0.14307566,-0.060293935,675014,0,2072,0.026087722,490
700000027,36000000002291,700000038,700000000,36,1.5036365,700000028,-1,700000026,700000027,-1,51,3.7008238,3.098364,3.7008238,1127,22.56384,6.15038,25.695328,22777,2,0,2,64.001236,-77.50859,104.5037,40.032764,77.84164,-0.25607193,0.17290196,-0.10676,675090,0,2291,0.017658724,553
700000028,35000000002678,700000038,700000000,35,1.6302707,700000029,-1,700000027,700000028,-1,42,3.2704954,3.2704954,3.2704954,1127,22.530266,6.1988854,25.631922,22777,2,0,2,62.71448,-68.292465,105.501465,39.582043,74.95976,-0.12007889,-0.001177885,0.036582693,675090,0,2678,0.015147378,137
700000029,34000000002381,700000038,700000000,34,1.766336,700000030,-1,700000028,700000029,-1,47,3.18443,2.9262328,3.18443,1127,22.481195,6.222495,25.564322,22777,2,0,2,59.014477,-65.785255,104.12355,40.47822,72.47358,-0.08516017,0.030868206,0.027754664,675090,0,2381,0.01932843,492
700000030,33000000002477,700000038,700000000,33,1.9126327,700000031,-1,700000029,700000030,-1,44,3.442627,3.3565612,3.7008238,1127,22.481894,6.2817264,25.511791,22777,2,0,2,53.186474,-57.468266,104.24754,42.69947,76.3748,-0.009819014,0.0213193,-0.04000651,675126,0,2477,0.016931817,542
700000031,32000000002522,700000038,700000000,32,2.0700274,700000032,-1,700000030,700000031,-1,40,2.9262328,2.9262328,2.9262328,1127,22.46347,6.32094,25.44865,22777,2,0,2,51.40711,-55.30018,102.17476,44.078106,76.66725,-0.03789226,0.08319166,0.022336047,675228,0,2522,0.015217195,772
700000032,31000000002933,700000038,700000000,31,2.2394855,700000033,-1,700000031,700000032,-1,33,2.6680357,2.5819702,2.6680357,1127,22.427235,6.3382854,25.395227,22776,2,0,2,44.25701,-54.36877,97.53967,44.403828,77.070305,-0.019200949,0.055362307,-0.02993635,675236,0,2933,0.012799745,59
700000033,30000000002624,700000038,700000000,30,2.422044,700000034,-1,700000032,700000033,-1,36,2.2377074,2.2377074,2.4959044,1126,22.419012,6.395163,25.319643,22748,2,0,2,42.0022,-54.94727,98.36565,39.120804,80.297356,0.002735672,0.02183417,-0.110618286,675116,0,2624,0.01404778,468
700000034,29000000002223,700000038,700000000,29,2.6188614,700000035,-1,700000033,700000034,-1,41,2.4959044,2.4959044,2.4959044,1126,22.409355,6.4284487,25.264103,22748,2,0,2,42.640163,-53.990826,92.089966,43.77015,77.73398,0.08035531,-0.06518816,-0.06472188,675125,0,2223,0.013524274,870
700000035,28000000002265,700000038,700000000,28,2.8311827,700000036,-1,700000034,700000035,-1,37,3.098364,3.098364,3.098364,1126,22.378983,6.468284,25.225254,22748,2,0,2,37.059776,-51.21422,90.10023,51.943165,95.00155,0.057962358,-0.065168165,-0.08739748,675228,0,2265,0.010311958,417
700000036,27000000002234,700000038,700000000,27,3.060419,700000037,-1,700000035,700000036,-1,35,3.0122986,3.0122986,3.0122986,1126,22.34315,6.4763,25.177721,22748,2,0,2,38.90774,-47.050632,85.39741,52.173637,81.87392,0.025709415,-0.07658314,-0.10115253,675228,0,2234,0.011925042,710
700000037,26000000002763,700000038,700000000,26,3.3080978,700000038,-1,700000036,700000037,-1,26,2.065576,2.065576,2.2377074,1126,22.328579,6.5296025,25.125305,22748,2,0,2,39.24321,-43.589577,71.18568,44.989117,82.19771,0.09437126,-0.12848453,-0.036313895,675017,0,2763,0.009336143,352
700000038,25000000002554,700000038,700000000,25,3.575905,-1,-1,700000037,700000038,-1,26,1.3770508,1.3770508,1.6352477,1126,22.294456,6.544254,25.087948,22748,2,0,2,33.264378,-41.18604,71.2005,39.9806,73.16908,0.07457292,-0.1105973,-0.043825183,675151,0,2554,0.009679272,899
