haloID,subHaloID,lastProgenitorId,treeId,snapNum,redshift,firstProgenitorId,nextProgenitorId,descendantId,firstHaloInFOFgroupId,nextHaloInFOFgroupId,np,m_Mean200,m_Crit200,m_TopHat,phKey,x,y,z,zIndex,ix,iy,iz,velX,velY,velZ,velDisp,vMax,spinX,spinY,spinZ,mostBoundID,fileNr,subhaloIndex,halfmassRadius,random
119000000,63000000000584,119000128,119000000,63,0.0,119000001,-1,-1,119000000,-1,1064,96.30749,69.88532,84.68862,2687,29.719425,24.468712,23.563065,32330,3,2,2,141.26065,-241.22577,-173.06882,90.52303,170.14575,-0.547814,0.04577474,1.0202954,1592350,0,584,0.07731609,549
119000001,62000000000585,119000128,119000000,62,0.019932542,119000002,-1,119000000,119000001,-1,1095,96.479614,69.368935,83.39764,2687,29.690641,24.510958,23.597527,32330,3,2,2,142.07713,-241.33533,-174.11429,89.15709,165.86644,-0.64573264,0.0281223,1.2542354,1592350,0,585,0.07934332,537
119000002,61000000000604,119000128,119000000,61,0.041403063,119000003,-1,119000001,119000002,-1,1033,95.705025,69.79926,83.65583,2687,29.655996,24.560524,23.629587,32330,3,2,2,140.76683,-241.37802,-177.68443,90.305626,168.79486,-0.34197992,-0.036230378,1.0251045,1586962,0,604,0.077394746,27
119000003,60000000000603,119000128,119000000,60,0.064493395,119000004,-1,119000002,119000003,-1,1053,95.44683,69.88532,83.31157,2687,29.621084,24.618076,23.670198,32330,3,2,2,140.44485,-242.05629,-180.95476,89.298996,164.53264,-0.666738,0.10928737,1.0532483,1592350,0,603,0.07781588,685
119000004,59000000000625,119000128,119000000,59,0.08928783,119000005,-1,119000003,119000004,-1,1013,95.2747,68.25008,83.053375,2687,29.58421,24.679354,23.718294,32330,3,2,2,137.96227,-242.245,-183.16325,90.18382,164.0611,-0.5411484,0.15802713,1.089297,1592350,0,625,0.073388174,787
119000005,58000000000589,119000128,119000000,58,0.11588337,119000006,-1,119000004,119000005,-1,1042,94.32797,66.873024,83.053375,2687,29.544548,24.741255,23.7653,32330,3,2,2,136.59674,-239.13266,-184.44481,90.08215,168.35414,-0.7761919,0.18654133,1.3970009,1592350,0,589,0.075606115,258
119000006,57000000000609,119000128,119000000,57,0.14438343,119000007,-1,119000005,119000006,-1,1067,92.692726,66.27057,82.27878,2687,29.49957,24.807425,23.81644,32330,3,2,2,136.19492,-238.13162,-186.42749,90.776726,167.99011,-0.6912803,0.22907715,1.279907,1586962,0,609,0.07746871,191
119000007,56000000000586,119000128,119000000,56,0.17489761,119000008,-1,119000006,119000007,-1,1064,92.348465,67.561554,82.70911,2687,29.456244,24.875648,23.86742,32330,3,2,2,136.11176,-239.28491,-190.71803,90.71341,165.2049,-0.5980166,0.7130719,1.3127428,1583130,0,586,0.076732464,782
119000008,55000000000587,119000128,119000000,55,0.20754863,119000009,-1,119000007,119000008,-1,1039,92.5206,67.99188,82.53698,2687,29.409496,24.947838,23.927517,32330,3,2,2,133.75822,-235.21774,-191.38707,91.53008,165.25122,-0.5673441,0.21797337,1.266764,1583041,0,587,0.07884676,833
119000009,54000000000541,119000128,119000000,54,0.24246909,119000010,-1,119000008,119000009,-1,1076,92.09027,70.31565,83.56976,2687,29.36574,25.018864,23.984566,32330,3,2,2,135.32924,-238.54088,-196.32634,92.608505,167.5557,-0.62573326,0.6340026,1.3130025,1583130,0,541,0.08111387,930
119000010,53000000000574,119000128,119000000,53,0.2798018,119000011,-1,119000009,119000010,-1,1054,92.692726,68.59434,84.34436,2687,29.319921,25.091599,24.047346,32330,3,2,2,131.74683,-236.05325,-198.03787,93.8987,167.10573,-0.51722974,0.4273053,1.0859425,1592350,0,574,0.07806427,925
119000011,52000000000543,119000128,119000000,52,0.31970343,119000012,-1,119000010,119000011,-1,1073,91.65994,71.86484,84.946815,2684,29.271029,25.175406,24.118134,32323,3,2,2,130.64984,-233.52628,-197.44044,99.134605,171.47539,-0.2909293,0.5377409,1.1006896,1587020,0,543,0.07440295,579
119000012,51000000000549,119000100,119000000,51,0.36234027,119000013,119000101,119000011,119000012,119000101,1004,90.885345,76.426315,86.065674,2684,29.244625,25.259491,24.188148,32323,3,2,2,125.566475,-231.50542,-198.0437,100.57476,167.10878,-0.07077056,0.44237378,1.0372452,1583130,0,549,0.06929513,48
119000013,50000000000589,119000081,119000000,50,0.40789944,119000014,119000082,119000012,119000013,119000102,927,88.47551,74.44681,83.39764,2684,29.209427,25.336937,24.253233,32323,3,2,2,113.780464,-225.39952,-201.38234,102.56506,172.78094,-0.037018396,-0.14192773,0.55328935,1583144,0,589,0.059171848,781
119000014,49000000000540,119000081,119000000,49,0.45657724,119000015,-1,119000013,119000014,119000083,866,83.7419,70.83205,78.92222,2685,29.178152,25.424643,24.33641,32337,3,2,2,112.89728,-222.2945,-205.00397,102.76396,169.96014,-0.22666661,0.30871227,0.8369819,1592324,0,540,0.05777533,290
119000015,48000000000534,119000081,119000000,48,0.5085914,119000016,-1,119000014,119000015,119000084,804,77.28697,65.668106,73.75828,2685,29.149061,25.506233,24.417992,32341,3,2,2,109.17447,-221.1477,-210.03247,99.40999,169.94458,-0.066449374,0.46889472,0.67234915,1583053,0,534,0.053329173,645
119000016,47000000000557,119000075,119000000,47,0.5641766,119000017,119000076,119000015,119000016,119000105,728,71.77877,60.6763,67.47549,2685,29.106817,25.602634,24.52134,32341,3,2,2,112.60256,-213.86705,-219.91574,97.1818,171.8457,-0.20181577,0.045459114,0.28157508,1583053,0,557,0.049061295,144
119000017,46000000000562,119000075,119000000,46,0.6235901,119000018,-1,119000016,119000017,119000106,730,68.42221,54.565636,62.569744,2685,29.04992,25.690704,24.62498,32341,3,2,2,113.18435,-207.85497,-209.33379,92.26518,163.77898,-0.10756685,-0.37457007,0.68582517,1583053,0,562,0.053955927,266
119000018,45000000000557,119000075,119000000,45,0.6871088,119000019,-1,119000017,119000018,119000107,685,61.45089,54.221375,58.86892,2685,29.004778,25.793503,24.718672,32341,3,2,2,116.6338,-206.68652,-211.1237,92.21183,161.06187,-0.13386191,-0.63902146,0.4814325,1592350,0,557,0.05047778,699
119000019,44000000000605,119000075,119000000,44,0.75503564,119000020,-1,119000018,119000019,-1,625,59.815643,53.016453,57.319736,2685,28.961601,25.879166,24.810013,32341,3,2,2,117.14501,-200.56798,-204.90805,101.404976,173.0086,0.13352717,-0.26382628,0.42032936,1592324,0,605,0.040355258,444
119000020,43000000000569,119000075,119000000,43,0.8276991,119000021,-1,119000019,119000020,-1,632,57.577934,50.606613,55.85662,2685,28.911798,25.97055,24.916481,32341,3,2,2,115.15658,-198.5778,-202.45387,98.39301,166.54846,-0.18780966,-0.40016544,0.6552385,1578357,0,569,0.0448394,2
119000021,42000000000546,119000075,119000000,42,0.9054624,119000022,-1,119000020,119000021,-1,627,56.63121,49.401695,55.426292,2685,28.845507,26.079456,25.01599,32341,3,2,2,117.031364,-195.90607,-200.45421,95.014206,166.06549,-0.21348703,-0.41812795,0.85785705,1578357,0,546,0.043502305,472
119000022,41000000000573,119000075,119000000,41,0.98870814,119000023,-1,119000021,119000022,-1,593,53.963177,49.315628,53.27465,2685,28.784332,26.177256,25.11679,32341,3,2,2,114.68632,-192.28365,-200.15146,94.70781,166.2405,-0.11064712,-0.463807,0.58955175,1587007,0,573,0.044476595,981
119000023,40000000000547,119000075,119000000,40,1.0778745,119000024,-1,119000022,119000023,-1,584,53.360718,47.594315,52.67219,2685,28.723541,26.269382,25.226685,32341,3,2,2,120.45628,-187.0594,-189.53142,93.321014,162.50204,0.114083394,0.08422817,0.522805,1583001,0,547,0.041817278,483
119000024,39000000000539,119000075,119000000,39,1.173417,119000025,-1,119000023,119000024,-1,579,53.53285,48.368908,53.360718,2685,28.655832,26.377258,25.317444,32343,3,2,2,118.76754,-180.46945,-186.44969,100.871315,173.05933,0.150075,-0.33562896,0.3695877,1583023,0,539,0.04044905,113
119000025,38000000000523,119000075,119000000,38,1.2758462,119000026,-1,119000024,119000025,-1,572,53.360718,49.659893,53.53285,2682,28.591236,26.44669,25.415731,32371,3,2,2,119.294716,-177.15128,-184.67888,103.116295,172.62878,0.22832425,-0.3240174,0.33689082,1587058,0,523,0.03617387,257
119000026,37000000000516,119000075,119000000,37,1.3857181,119000027,-1,119000025,119000026,-1,557,51.725468,49.659893,52.155796,2682,28.508467,26.537952,25.510284,32371,3,2,2,115.19145,-175.1252,-183.68315,111.19922,174.37784,0.234228,-0.38141763,0.45121098,1583001,0,516,0.034708727,580
119000027,36000000000512,119000075,119000000,36,1.5036365,119000028,-1,119000026,119000027,-1,525,47.163986,45.95907,47.50825,2682,28.470087,26.648022,25.615805,32371,3,2,2,112.211555,-173.40349,-178.2145,112.375275,179.43466,0.2967436,-0.36420038,0.35911593,1587007,0,512,0.031039806,230
119000028,35000000000472,119000059,119000000,35,1.6302707,119000029,119000060,119000027,119000028,119000060,487,39.76234,37.95496,39.93447,2682,28.419735,26.753563,25.719019,32371,3,2,2,98.43264,-174.90938,-164.84465,92.53378,155.74062,0.23426664,-0.24106735,0.3147819,1582926,0,472,0.038191088,611
119000029,34000000000493,119000055,119000000,34,1.766336,119000030,119000056,119000028,119000029,119000061,389,30.725445,29.60659,31.327904,2682,28.370157,26.845936,25.815752,32371,3,3,2,89.023415,-169.58899,-168.13666,93.92815,162.99841,-0.16490266,-0.41337904,0.31289077,1582926,0,493,0.029644536,333
119000030,33000000000577,119000055,119000000,33,1.9126327,119000031,-1,119000029,119000030,-1,316,27.62708,26.85249,27.885277,2682,28.317509,26.958572,25.91793,32370,3,3,2,85.133,-162.65312,-160.15433,94.79479,159.04262,0.0752531,-0.024570461,0.06697178,1586960,0,577,0.025198082,996
119000031,32000000000580,119000055,119000000,32,2.0700274,119000032,-1,119000030,119000031,-1,278,24.959045,24.098389,25.991833,2682,28.276749,27.050684,26.01071,32370,3,3,2,91.003136,-154.13516,-163.41696,87.630775,148.94334,-0.15412614,-0.016785467,0.026066737,1582926,0,580,0.025462007,940
119000032,31000000000516,119000055,119000000,31,2.2394855,119000033,-1,119000031,119000032,-1,297,23.323797,23.0656,24.872978,2682,28.210192,27.130323,26.088713,32370,3,3,2,84.713104,-152.21483,-157.77301,82.87305,143.95752,0.042539217,-0.123064026,0.072659284,1587058,0,516,0.028408414,750
119000033,30000000000464,119000055,119000000,30,2.422044,119000034,-1,119000032,119000033,-1,292,23.754126,22.549206,25.303307,2682,28.161928,27.207767,26.178936,32370,3,3,2,81.649994,-145.42494,-157.39969,84.3465,145.78722,0.13881668,-0.06397624,0.15520948,1587007,0,464,0.027758766,250
119000034,29000000000430,119000055,119000000,29,2.6188614,119000035,-1,119000033,119000034,-1,279,24.356585,24.098389,25.04511,2682,28.10643,27.287136,26.276638,32370,3,3,2,77.88096,-141.20276,-150.97931,95.27424,158.69736,0.19016021,-0.21286218,0.115663595,1587023,0,430,0.02263485,778
119000035,28000000000350,119000055,119000000,28,2.8311827,119000036,-1,119000034,119000035,-1,269,23.926256,23.66806,24.356585,2629,28.062433,27.362694,26.352457,32480,3,3,2,78.88141,-129.46706,-145.34695,101.52357,162.62698,0.10700324,-0.34928378,0.24661568,1586953,0,350,0.020184873,195
119000036,27000000000337,119000055,119000000,27,3.060419,119000037,-1,119000035,119000036,-1,248,20.397564,20.225433,20.827892,2629,28.050068,27.433867,26.421509,32484,3,3,2,75.98183,-123.70566,-136.90002,95.198654,155.86139,0.092573196,-0.4997335,0.14143416,1586950,0,337,0.02041028,371
119000037,26000000000339,119000055,119000000,26,3.3080978,119000038,-1,119000036,119000037,-1,215,16.352478,15.836083,17.2992,2629,27.988644,27.505337,26.494392,32484,3,3,2,72.78742,-115.499626,-132.12523,90.23943,145.68015,0.031466495,-0.42622757,0.25330955,1586950,0,339,0.019962266,44
119000038,25000000000359,119000055,119000000,25,3.575905,119000039,-1,119000037,119000038,-1,165,13.340179,13.081982,13.942638,2629,27.909456,27.566984,26.619034,32484,3,3,2,74.6914,-115.212715,-140.34726,89.195366,143.34053,-0.08561573,-0.21805762,0.12043099,1586960,0,359,0.01651078,808
119000039,24000000000319,119000047,119000000,24,3.8656828,119000040,119000048,119000038,119000039,119000048,117,6.282794,6.282794,7.2295165,2629,27.930988,27.628202,26.630043,32484,3,3,2,62.860493,-101.1079,-137.70877,75.406746,111.67612,-0.04055482,-0.4372174,0.17135693,1583041,0,319,0.01771034,118
119000040,23000000000710,119000047,119000000,23,4.1794686,119000041,-1,119000039,119000040,-1,55,3.9590209,3.9590209,4.131152,2629,27.908058,27.665548,26.658335,32484,3,3,2,53.664288,-70.72983,-84.132355,59.848953,106.274086,-0.12508012,0.1144609,0.095846035,1583003,0,710,0.00987013,387
119000041,22000000000597,119000047,119000000,22,4.5195556,119000042,-1,119000040,119000041,-1,58,3.3565612,3.3565612,4.5614805,2629,27.87227,27.716959,26.736324,32484,3,3,2,41.261757,-65.45355,-88.60517,66.42212,103.30017,-0.028787265,0.12903431,0.16020902,1586962,0,597,0.011078545,132
119000042,21000000000541,119000047,119000000,21,4.888449,119000043,-1,119000041,119000042,-1,50,4.131152,4.131152,4.3032837,2629,27.861507,27.759062,26.766174,32484,3,3,2,18.902912,-69.39094,-103.38879,67.77822,109.261566,0.0042172717,0.059800778,0.08138301,1583052,0,541,0.009381507,360
119000043,20000000000437,119000047,119000000,20,5.2888336,119000044,-1,119000042,119000043,-1,52,3.18443,3.18443,3.442627,2629,27.85034,27.783754,26.817171,32484,3,3,3,26.563469,-62.71623,-103.70996,63.035877,106.66375,7.7701046E-4,0.014043516,0.08206412,1583052,0,437,0.010556757,967
119000044,19000000000554,119000047,119000000,19,5.7238646,119000045,-1,119000043,119000044,-1,37,3.18443,3.18443,3.2704954,2629,27.82267,27.829264,26.882574,32484,3,3,3,23.624094,-62.436813,-110.025795,64.934586,110.67539,-0.021586226,-0.034077313,0.06453272,1583044,0,554,0.006523879,537
119000045,18000000000424,119000047,119000000,18,6.1968336,119000046,-1,119000044,119000045,-1,35,2.9262328,2.9262328,2.9262328,2629,27.832232,27.86697,26.946663,32484,3,3,3,21.566763,-60.664646,-107.0057,71.88098,122.28453,-0.024351379,-0.016600257,0.046137333,1583039,0,424,0.005382283,865
119000046,17000000000525,119000047,119000000,17,6.7115865,119000047,-1,119000045,119000046,-1,23,1.4631164,1.4631164,1.8073791,2629,27.81611,27.913883,27.034307,32484,3,3,3,7.9826035,-63.040043,-119.48041,70.33731,126.71518,-0.03877819,-0.12557764,-0.012689124,1583065,0,525,0.0029314666,437
119000047,16000000000285,119000047,119000000,16,7.272188,-1,-1,119000046,119000047,-1,25,0.86065674,0.86065674,0.86065674,2629,27.825678,27.942055,27.1159,32484,3,3,3,8.619961,-63.29478,-111.82132,45.043697,80.96511,-0.026303465,-0.10094387,9.0661756E-4,1583030,0,285,0.008205513,22
119000048,24000000000320,119000055,119000000,24,3.8656828,119000049,-1,119000038,119000039,-1,27,0.0,0.0,0.0,2629,27.857204,27.648006,26.715271,32484,3,3,2,109.52921,-131.3116,-161.42197,66.912704,115.86698,-0.057295643,-0.06370975,-0.019948266,1586952,0,320,0.00460132,732
119000049,23000000000523,119000055,119000000,23,4.1794686,119000050,-1,119000048,119000049,-1,86,4.5614805,4.5614805,5.0778747,2629,27.783346,27.70905,26.79969,32484,3,3,3,78.30516,-122.61926,-171.5538,60.520626,107.76696,-0.061536007,-0.20843595,-0.21412657,1586953,0,523,0.014686389,80
119000050,22000000000496,119000055,119000000,22,4.5195556,119000051,-1,119000049,119000050,-1,72,3.8729553,3.8729553,4.131152,2629,27.71878,27.76663,26.877325,32484,3,3,3,69.85849,-110.194984,-151.42058,62.78699,101.00742,-0.07082004,-0.059600785,-0.03963575,1586959,0,496,0.014919687,179
119000051,21000000000447,119000055,119000000,21,4.888449,119000052,-1,119000050,119000051,-1,67,3.7008238,3.7008238,3.9590209,2629,27.694635,27.822683,26.964193,32484,3,3,3,70.05516,-103.86685,-146.08513,63.99632,106.29637,0.0056575383,-0.20094347,-0.12378884,1586952,0,447,0.01140216,484
119000052,20000000000306,119000055,119000000,20,5.2888336,119000053,-1,119000051,119000052,-1,67,3.098364,3.098364,3.8729553,2629,27.663746,27.875126,27.045547,32484,3,3,3,61.23138,-101.8438,-138.77808,67.04388,110.292725,-0.053330302,-0.18750486,-0.19402629,1586960,0,306,0.012556343,90
119000053,19000000000339,119000055,119000000,19,5.7238646,119000054,-1,119000052,119000053,-1,49,3.098364,3.098364,3.3565612,2629,27.64903,27.915676,27.124674,32484,3,3,3,47.465595,-82.67386,-145.76599,65.10907,111.75946,-0.10584752,-0.118637614,-0.108009376,1586960,0,339,0.008105639,853
119000054,18000000000466,119000055,119000000,18,6.1968336,119000055,-1,119000053,119000054,-1,32,2.840167,2.840167,2.840167,2629,27.619738,27.951609,27.223293,32484,3,3,3,34.431686,-65.771065,-153.87483,78.70442,128.28891,-0.0037602105,-0.049590904,-0.045408893,1582926,0,466,0.0042598713,725
119000055,17000000000369,119000055,119000000,17,6.7115865,-1,-1,119000054,119000055,-1,29,1.8073791,1.8073791,1.9795104,2629,27.608463,27.978651,27.303492,32484,3,3,3,37.50657,-64.828995,-150.1151,54.09123,101.49209,-0.032944262,-0.07423831,-0.046200775,1582926,0,369,0.006021793,387
119000056,34000000003768,119000059,119000000,34,1.766336,119000057,-1,119000028,119000056,-1,27,1.8073791,1.6352477,1.8073791,2682,28.1626,26.972061,25.626692,32370,3,3,2,193.2168,-227.10692,-49.71364,36.23076,65.16278,0.033085257,0.09804361,0.024592109,1592078,0,3768,0.013771536,585
119000057,33000000003951,119000059,119000000,33,1.9126327,119000058,-1,119000056,119000057,-1,25,1.9795104,1.8934448,1.9795104,2682,28.045792,27.11937,25.646475,32370,3,3,2,175.72382,-215.5477,-58.566166,34.246613,61.003986,0.0023282617,0.08289083,-0.02609199,1592386,0,3951,0.0145729305,991
119000058,32000000004254,119000059,119000000,32,2.0700274,119000059,-1,119000057,119000058,-1,22,1.6352477,1.6352477,1.6352477,2682,27.945662,27.233469,25.664871,32370,3,3,2,163.10384,-203.36353,-59.717907,36.105556,63.336258,0.017990299,0.09001715,-0.04305297,1592079,0,4254,0.01447131,154
119000059,31000000004417,119000059,119000000,31,2.2394855,-1,-1,119000058,119000059,-1,20,1.549182,1.2049193,1.6352477,2629,27.86032,27.34987,25.69779,32480,3,3,2,151.70877,-195.66458,-64.54871,29.910555,58.38707,0.05133333,-0.010171056,-0.008795147,1592482,0,4417,0.013548121,513
119000060,35000000000473,119000075,119000000,35,1.6302707,119000061,-1,119000027,119000028,-1,26,0.0,0.0,0.0,2682,28.319883,26.676626,25.746561,32370,3,2,2,244.374,-72.514885,-243.03676,48.011658,84.411415,0.050449323,0.036314946,-0.007359021,1587211,0,473,0.008761542,649
119000061,34000000000494,119000075,119000000,34,1.766336,119000062,-1,119000060,119000029,-1,53,0.0,0.0,0.0,2682,28.186632,26.727928,25.890139,32370,3,2,2,198.86018,-106.931725,-241.86874,48.526875,86.336136,-0.019142948,0.003375505,0.03439001,1587212,0,494,0.01340752,376
119000062,33000000001655,119000075,119000000,33,1.9126327,119000063,-1,119000061,119000062,-1,63,4.991809,4.5614805,4.991809,2682,28.089804,26.774305,26.023623,32370,3,2,2,178.09004,-127.74133,-232.66928,49.733673,91.014,-0.03205597,0.021573476,-0.049714718,1587212,0,1655,0.017111719,758
119000063,32000000001719,119000075,119000000,32,2.0700274,119000064,-1,119000062,119000063,-1,60,4.5614805,4.5614805,4.6475463,2682,27.971926,26.84324,26.155037,32370,3,3,2,156.28882,-133.1441,-223.9061,48.929657,85.18129,0.04239135,-0.011103725,-0.0036656936,1587066,0,1719,0.01796169,377
119000064,31000000001720,119000075,119000000,31,2.2394855,119000065,-1,119000063,119000064,-1,58,4.4754148,4.3032837,4.905743,2682,27.891195,26.920795,26.28756,32370,3,3,2,143.18475,-140.72519,-215.95517,47.194527,84.49854,0.07074679,-0.09845691,0.10311052,1587066,0,1720,0.018070456,934
119000065,30000000001683,119000075,119000000,30,2.422044,119000066,-1,119000064,119000065,-1,56,4.4754148,4.3893495,4.5614805,2682,27.821533,27.042486,26.416073,32374,3,3,2,134.38763,-141.97354,-210.00497,47.048935,86.86733,0.1465735,-0.09060667,0.09075236,1586988,0,1683,0.016822688,14
119000066,29000000001846,119000075,119000000,29,2.6188614,119000067,-1,119000065,119000066,-1,51,4.3893495,4.131152,4.733612,2682,27.742083,27.105743,26.520056,32374,3,3,2,132.07733,-148.70189,-201.45625,53.858047,91.76554,0.07132378,-0.020299625,0.023850726,1586849,0,1846,0.01256621,119
119000067,28000000001692,119000075,119000000,28,2.8311827,119000068,-1,119000066,119000067,-1,50,3.6147583,3.6147583,4.0450864,2682,27.673218,27.199354,26.639172,32374,3,3,2,120.19737,-140.59596,-189.89874,46.60433,85.145645,0.021532187,-0.024090573,0.06506048,1586988,0,1692,0.015346559,574
119000068,27000000001631,119000075,119000000,27,3.060419,119000069,-1,119000067,119000068,-1,48,2.840167,2.840167,3.098364,2682,27.64807,27.29586,26.72059,32374,3,3,2,117.59742,-140.28215,-187.27765,44.264774,79.72184,0.043824647,-0.043912794,0.07197533,1587072,0,1631,0.0167743,350
119000069,26000000001545,119000075,119000000,26,3.3080978,119000070,-1,119000068,119000069,-1,46,2.9262328,2.840167,2.9262328,2629,27.581882,27.360872,26.849018,32484,3,3,3,119.90964,-133.61938,-173.94987,44.951405,83.54803,0.09155142,-0.026434612,-0.06755811,1587072,0,1545,0.01411047,961
119000070,25000000001708,119000075,119000000,25,3.575905,119000071,-1,119000069,119000070,-1,39,2.4959044,2.4959044,2.5819702,2629,27.528795,27.428795,26.961624,32484,3,3,3,107.853615,-136.64586,-167.60995,50.72129,83.95378,-0.041558776,0.009767759,0.12611574,1587066,0,1708,0.01152147,288
119000071,24000000002524,119000075,119000000,24,3.8656828,119000072,-1,119000070,119000071,-1,24,1.7213135,1.7213135,1.9795104,2629,27.441002,27.510529,27.057062,32484,3,3,3,97.33918,-142.546,-162.34624,46.435635,86.50087,0.03930528,0.007117639,0.12669769,1587215,0,2524,0.0102976775,622
119000072,23000000001583,119000075,119000000,23,4.1794686,119000073,-1,119000071,119000072,-1,32,1.1188537,1.1188537,1.1188537,2629,27.449865,27.58805,27.125208,32484,3,3,3,111.11777,-144.76329,-150.07802,39.40173,65.11504,0.013843768,-0.0049440027,0.1446188,1587068,0,1583,0.015260439,29
119000073,22000000002203,119000075,119000000,22,4.5195556,119000074,-1,119000072,119000073,-1,21,0.60245967,0.60245967,0.6885254,2652,27.285845,27.665043,27.21463,32429,3,3,3,120.21384,-143.21619,-140.86708,39.913418,64.965416,-0.11523597,0.15466863,-0.017068708,1587215,0,2203,0.01109516,277
119000074,21000000001332,119000075,119000000,21,4.888449,119000075,-1,119000073,119000074,-1,24,0.9467224,0.9467224,0.9467224,2652,27.219683,27.713083,27.287016,32429,3,3,3,106.77793,-123.648544,-150.80402,44.834583,71.01695,0.0023888308,-0.0043255077,-0.18975163,1587215,0,1332,0.011555344,238
119000075,19000000000769,119000075,119000000,19,5.7238646,-1,-1,119000074,119000075,-1,28,0.86065674,0.86065674,0.86065674,2643,27.21119,27.877975,27.389872,32649,3,3,3,106.61337,-129.57489,-101.541595,44.930256,77.183685,0.019208025,0.064210266,0.019194478,1586999,0,769,0.010294519,490
119000076,47000000000559,119000081,119000000,47,0.5641766,119000077,-1,119000015,119000016,-1,21,0.0,0.0,0.0,2685,29.073313,25.840492,24.675003,32341,3,2,2,68.41159,-351.52713,-290.0619,22.958422,40.558743,0.0046941303,-0.23495354,0.06511718,1584680,0,559,0.029012883,86
119000077,46000000003908,119000081,119000000,46,0.6235901,119000078,-1,119000076,119000077,-1,23,1.8073791,1.7213135,1.8073791,2685,29.00359,25.990137,24.771925,32341,3,2,2,62.105896,-325.9152,-281.8137,25.729256,47.47432,-0.023467226,-0.19981137,0.097925894,1584641,0,3908,0.022403795,998
119000078,45000000004030,119000081,119000000,45,0.6871088,119000079,-1,119000077,119000078,-1,23,1.8073791,1.4631164,1.8073791,2685,28.97186,26.14266,24.922789,32341,3,2,2,62.502987,-310.5946,-275.91824,26.19474,46.17847,-0.026026936,-0.19531041,0.08122023,1584641,0,4030,0.020925935,337
119000079,44000000004302,119000081,119000000,44,0.75503564,119000080,-1,119000078,119000079,-1,22,1.6352477,1.3770508,1.549182,2685,28.933983,26.279856,25.028238,32341,3,2,2,62.6928,-295.10587,-269.0515,25.156725,44.781033,6.680218E-4,-0.17441791,0.08288355,1584688,0,4302,0.024783293,49
119000080,43000000004541,119000081,119000000,43,0.8276991,119000081,-1,119000079,119000080,-1,21,1.2049193,0.9467224,1.032788,2685,28.936047,26.445665,25.151052,32343,3,2,2,65.20088,-283.24475,-258.00986,23.876873,41.58294,0.027235033,-0.21606477,-0.0095528215,1584686,0,4541,0.02606673,368
119000081,42000000004673,119000081,119000000,42,0.9054624,-1,-1,119000080,119000081,-1,20,1.6352477,1.1188537,1.549182,2685,28.88621,26.57785,25.284582,32343,3,2,2,66.67358,-276.81076,-252.96107,25.179544,45.463463,0.032762837,-0.22012645,-0.013587193,1584680,0,4673,0.024256768,64
119000082,50000000000591,119000100,119000000,50,0.40789944,119000083,-1,119000012,119000013,-1,24,0.0,0.0,0.0,2685,29.079002,25.414816,24.19801,32337,3,2,2,234.15854,-355.474,-216.15668,29.869354,59.283253,-0.015305026,0.073739305,-0.03136458,1583511,0,591,0.015667828,282
119000083,49000000000541,119000100,119000000,49,0.45657724,119000084,-1,119000082,119000014,119000103,35,0.0,0.0,0.0,2685,28.9897,25.54827,24.286873,32337,3,2,2,199.5169,-339.3374,-239.46387,32.123238,61.09854,-0.0028616274,0.04198237,0.007909445,1582909,0,541,0.02046474,558
119000084,48000000000535,119000100,119000000,48,0.5085914,119000085,-1,119000083,119000015,119000104,45,0.0,0.0,0.0,2685,28.919693,25.694798,24.39303,32337,3,2,2,169.08543,-324.97778,-253.6289,32.005917,63.08091,0.02676677,0.22363691,0.08115764,1583510,0,535,0.021985622,268
119000085,47000000002407,119000100,119000000,47,0.5641766,119000086,-1,119000084,119000085,-1,43,4.3893495,4.131152,4.3032837,2685,28.848381,25.828602,24.506182,32341,3,2,2,149.94427,-310.495,-263.2896,35.531025,63.56908,0.07427346,0.18847577,0.015974833,1583461,0,2407,0.021304933,472
119000086,46000000002427,119000100,119000000,46,0.6235901,119000087,-1,119000085,119000086,-1,44,4.131152,3.8729553,4.131152,2685,28.778095,25.954504,24.614021,32341,3,2,2,129.37193,-291.58606,-270.74158,38.028484,74.809616,-0.030825865,0.12592632,0.0020456759,1583207,0,2427,0.01655149,184
119000087,45000000002773,119000100,119000000,45,0.6871088,119000088,-1,119000086,119000087,-1,41,3.7008238,2.840167,3.2704954,2685,28.709211,26.075222,24.730427,32341,3,2,2,118.70805,-277.644,-276.07077,36.104397,62.842422,0.0219581,0.1440786,0.069653235,1583461,0,2773,0.020296315,121
119000088,44000000002410,119000100,119000000,44,0.75503564,119000089,-1,119000087,119000088,-1,46,3.8729553,3.442627,3.7008238,2685,28.652029,26.221102,24.857748,32341,3,2,2,106.82041,-261.6284,-282.4845,30.681593,60.034855,-0.08634491,0.114505045,0.037351348,1583511,0,2410,0.027867647,94
119000089,43000000002592,119000100,119000000,43,0.8276991,119000090,-1,119000088,119000089,-1,43,3.5286925,3.0122986,3.2704954,2685,28.607218,26.356655,24.997093,32341,3,2,2,96.34043,-244.20865,-281.03415,30.266142,56.77307,-0.075735636,0.1870849,0.069259115,1583511,0,2592,0.028839288,748
119000090,42000000002439,119000100,119000000,42,0.9054624,119000091,-1,119000089,119000090,-1,48,3.0122986,2.3237731,3.0122986,2685,28.573639,26.486834,25.138365,32343,3,2,2,85.66961,-232.44113,-286.77136,28.336369,54.733944,-0.19109796,0.14319761,0.064524114,1583510,0,2439,0.033618957,938
119000091,41000000002238,119000100,119000000,41,0.98870814,119000092,-1,119000090,119000091,-1,52,2.4959044,2.4098387,2.4959044,2685,28.559147,26.607521,25.294907,32343,3,2,2,74.84217,-216.04323,-284.17105,30.725836,55.250107,-0.42994305,0.015983004,0.12437306,1582909,0,2238,0.03659119,851
119000092,40000000002166,119000100,119000000,40,1.0778745,119000093,-1,119000091,119000092,-1,52,3.3565612,2.4098387,3.3565612,2682,28.501665,26.727278,25.464825,32371,3,2,2,60.390614,-199.42303,-285.94366,32.627285,55.91094,-0.41501573,0.089723386,0.104146324,1583204,0,2166,0.03459103,986
119000093,39000000001895,119000100,119000000,39,1.173417,119000094,-1,119000092,119000093,-1,55,3.5286925,3.2704954,3.5286925,2682,28.494923,26.814444,25.6352,32371,3,3,2,48.526962,-185.84099,-287.0829,36.062763,61.794304,-0.49329,0.10990834,0.08692826,1583511,0,1895,0.02914359,320
119000094,38000000001827,119000100,119000000,38,1.2758462,119000095,-1,119000093,119000094,-1,54,4.991809,4.3032837,4.991809,2682,28.452135,26.902094,25.810528,32371,3,3,2,32.55965,-163.11835,-287.48688,43.419147,66.88769,-0.35506406,0.17107141,0.04130116,1583461,0,1827,0.027067622,473
119000095,37000000001975,119000100,119000000,37,1.3857181,119000096,-1,119000094,119000095,-1,49,5.1639404,4.5614805,5.1639404,2682,28.420511,26.986876,25.911558,32371,3,3,2,26.734215,-142.00969,-289.77798,49.830124,74.41733,-0.2964094,0.16534875,0.09019662,1583452,0,1975,0.017485807,192
119000096,36000000002206,119000100,119000000,36,1.5036365,119000097,-1,119000095,119000096,-1,47,4.905743,4.5614805,5.2500057,2682,28.422083,27.052763,26.092201,32371,3,3,2,16.052425,-135.70863,-292.5119,45.189293,75.8716,-0.16730188,0.20164616,0.22516675,1583510,0,2206,0.018375654,229
119000097,35000000002452,119000100,119000000,35,1.6302707,119000098,-1,119000096,119000097,-1,44,2.5819702,2.2377074,2.5819702,2682,28.405039,27.10921,26.227495,32371,3,3,2,16.4119,-117.99434,-288.35086,41.835106,65.336006,-0.169452,0.118423596,0.108616896,1583511,0,2452,0.02378364,236
119000098,34000000003997,119000100,119000000,34,1.766336,119000099,-1,119000097,119000098,-1,25,1.9795104,1.9795104,1.9795104,2682,28.378288,27.171803,26.365574,32371,3,3,2,14.815314,-114.32146,-260.79465,41.1865,66.28429,-0.006798623,-0.09291758,0.013209228,1583510,0,3997,0.011331518,122
119000099,33000000002660,119000100,119000000,33,1.9126327,119000100,-1,119000098,119000099,-1,41,1.549182,1.4631164,1.6352477,2682,28.37256,27.249851,26.526941,32375,3,3,2,14.14717,-104.794395,-275.07498,35.594704,58.776016,-0.21426988,0.11972623,0.06715838,1583204,0,2660,0.025242303,58
119000100,32000000004516,119000100,119000000,32,2.0700274,-1,-1,119000099,119000100,-1,20,1.3770508,0.9467224,1.3770508,2682,28.367813,27.306824,26.672037,32375,3,3,2,11.94696,-107.97438,-249.0811,30.008938,54.405956,0.021510674,-0.10354412,0.07073451,1583204,0,4516,0.015302307,17
119000101,51000000000550,119000128,119000000,51,0.36234027,119000102,-1,119000011,119000012,-1,26,0.0,0.0,0.0,2687,29.33691,25.260193,24.297548,32330,3,2,2,211.83229,-213.12296,-246.01675,32.930336,56.5176,0.0570853,-0.16440563,0.15451622,1582850,0,550,0.017387938,642
119000102,50000000000590,119000128,119000000,50,0.40789944,119000103,-1,119000101,119000013,119000082,31,0.0,0.0,0.0,2684,29.245739,25.341852,24.368877,32323,3,2,2,263.92618,-206.21515,-188.16933,42.25543,66.07038,-0.17562187,-0.05538374,0.15240018,1582832,0,590,0.014207409,211
119000103,49000000000542,119000128,119000000,49,0.45657724,119000104,-1,119000102,119000014,-1,26,0.0,0.0,0.0,2685,29.12751,25.414755,24.434649,32341,3,2,2,271.94473,-216.43944,-109.36583,37.540234,70.348145,-0.12623751,0.04656325,0.07822684,1582731,0,542,0.01183932,362
119000104,48000000000536,119000128,119000000,48,0.5085914,119000105,-1,119000103,119000015,-1,24,0.0,0.0,0.0,2685,29.034298,25.509346,24.45931,32341,3,2,2,223.5795,-242.52861,-38.67653,34.155647,61.13583,-0.09034345,0.13660736,-6.6951866E-4,1582731,0,536,0.016229227,696
119000105,47000000000558,119000128,119000000,47,0.5641766,119000106,-1,119000104,119000016,119000076,52,0.0,0.0,0.0,2685,28.951105,25.616167,24.475712,32341,3,2,2,141.50087,-244.53038,-28.713789,45.076576,77.83904,-0.18037675,-0.04803354,0.19279118,1582731,0,558,0.018800236,770
119000106,46000000000563,119000128,119000000,46,0.6235901,119000107,-1,119000105,119000017,-1,63,0.0,0.0,0.0,2685,28.896013,25.729906,24.495085,32341,3,2,2,94.30238,-229.69518,-40.17086,43.77624,77.28503,0.017865555,-0.09880572,0.17359766,1582832,0,563,0.02002215,410
119000107,45000000000558,119000128,119000000,45,0.6871088,119000108,-1,119000106,119000018,-1,68,0.0,0.0,0.0,2685,28.862898,25.844471,24.507978,32341,3,2,2,62.94374,-222.58896,-58.407295,38.46797,73.34989,0.07078846,-0.14516863,0.31002602,1582838,0,558,0.026760513,446
119000108,44000000001407,119000128,119000000,44,0.75503564,119000109,-1,119000107,119000108,-1,69,7.659845,6.1106625,7.3155823,2685,28.837431,25.943195,24.55845,32341,3,2,2,48.25093,-210.00749,-83.190384,34.906933,67.20144,0.06712075,-0.015834918,0.27653384,1582542,0,1407,0.032573823,613
119000109,43000000001648,119000128,119000000,43,0.8276991,119000110,-1,119000108,119000109,-1,77,6.36886,4.8196774,6.282794,2685,28.818398,26.037237,24.587471,32341,3,2,2,34.817234,-200.5143,-107.54471,33.812122,68.281715,0.02728619,-0.043312054,0.2892094,1582542,0,1648,0.033837453,124
119000110,42000000001694,119000128,119000000,42,0.9054624,119000111,-1,119000109,119000110,-1,79,6.36886,4.0450864,6.282794,2685,28.820509,26.124945,24.658873,32341,3,2,2,25.21244,-194.39076,-127.638695,37.24778,69.942184,0.12832868,-0.01905768,0.23716629,1582542,0,1694,0.03614889,880
119000111,41000000001668,119000128,119000000,41,0.98870814,119000112,-1,119000110,119000111,-1,80,4.733612,4.131152,4.6475463,2685,28.817772,26.198019,24.711851,32341,3,2,2,14.450891,-190.35675,-147.20473,42.537987,68.637856,-0.027686384,-0.014687726,0.2332799,1582836,0,1668,0.03722069,961
119000112,40000000001621,119000128,119000000,40,1.0778745,119000113,-1,119000111,119000112,-1,88,7.4877133,6.6270566,7.4877133,2685,28.781027,26.355558,24.79619,32341,3,2,2,1.6946651,-168.59454,-162.48584,51.789875,80.32997,0.28655997,0.034865044,0.23135586,1582654,0,1621,0.027874386,165
119000113,39000000001707,119000128,119000000,39,1.173417,119000114,-1,119000112,119000113,-1,77,6.799188,6.282794,6.799188,2685,28.783865,26.400244,24.88524,32343,3,2,2,-7.9328256,-170.59132,-177.81429,54.946743,85.43806,0.0062420466,-0.14846356,0.2003114,1582653,0,1707,0.02039254,441
119000114,38000000001695,119000128,119000000,38,1.2758462,119000115,-1,119000113,119000114,-1,77,7.057385,6.024597,7.057385,2685,28.786089,26.525452,24.994057,32343,3,2,2,-14.227774,-157.93646,-191.68651,50.65645,81.67838,-0.05830191,-0.09271653,0.20668346,1582622,0,1695,0.024307085,957
119000115,37000000001753,119000128,119000000,37,1.3857181,119000116,-1,119000114,119000115,-1,74,3.6147583,3.3565612,3.7868896,2685,28.810986,26.638647,25.103966,32343,3,2,2,-18.253963,-146.18185,-204.71362,44.82372,71.11237,0.043803904,-0.0681123,0.20510952,1582538,0,1753,0.031137554,949
119000116,36000000003121,119000122,119000000,36,1.5036365,119000117,119000123,119000115,119000116,-1,29,2.6680357,2.4959044,2.6680357,2685,28.825472,26.759146,25.20861,32343,3,2,2,-33.85023,-186.90247,-212.49355,31.53956,61.09462,-0.088569626,-0.01185307,-0.10068393,1582622,0,3121,0.017016564,656
119000117,35000000003522,119000122,119000000,35,1.6302707,119000118,-1,119000116,119000117,-1,29,2.065576,1.8934448,2.065576,2685,28.845963,26.850128,25.344479,32343,3,3,2,-33.115833,-170.84563,-225.5681,32.830765,65.80992,-0.122874595,-0.010956218,-0.15912114,1582542,0,3522,0.012819717,262
119000118,34000000003996,119000122,119000000,34,1.766336,119000119,-1,119000117,119000118,-1,25,1.8934448,1.8073791,1.8934448,2682,28.87418,26.941412,25.450212,32371,3,3,2,-33.52659,-159.6235,-232.36455,34.41013,60.203545,0.011487612,-0.051410403,-0.10991187,1582627,0,3996,0.013957809,870
119000119,33000000003826,119000122,119000000,33,1.9126327,119000120,-1,119000118,119000119,-1,26,1.8934448,1.8934448,1.9795104,2682,28.90055,27.053526,25.601057,32371,3,3,2,-31.019869,-145.99431,-236.77344,36.75959,67.133644,0.0072905133,-0.050162833,-0.11956365,1582844,0,3826,0.013890414,165
119000120,32000000002735,119000122,119000000,32,2.0700274,119000121,-1,119000119,119000120,-1,36,1.8073791,1.8073791,1.8934448,2682,28.912033,27.142183,25.757145,32371,3,3,2,-28.746662,-128.1877,-240.65547,36.59683,67.91032,-0.039930772,-0.024222942,-0.15816742,1582844,0,2735,0.015715279,227
119000121,31000000003652,119000122,119000000,31,2.2394855,119000122,-1,119000120,119000121,-1,25,1.8073791,1.8073791,1.8073791,2682,28.920061,27.226463,25.903574,32371,3,3,2,-23.97062,-131.20807,-235.18257,35.81589,67.716606,0.08679781,-0.04076469,-0.059530992,1582845,0,3652,0.014077095,76
119000122,30000000003876,119000122,119000000,30,2.422044,-1,-1,119000121,119000122,-1,23,0.86065674,0.86065674,0.86065674,2682,28.924002,27.340086,26.028017,32371,3,3,2,-18.028595,-123.60124,-235.31404,34.35344,55.66898,0.12626033,-0.0496642,-0.052475676,1582621,0,3876,0.019339547,310
119000123,36000000003186,119000128,119000000,36,1.5036365,119000124,-1,119000115,119000123,-1,34,2.3237731,2.3237731,2.3237731,2685,28.811226,26.620815,25.230225,32343,3,2,2,-11.42341,-101.67218,-215.31555,39.22676,66.124054,0.04241121,-0.19729294,0.024011372,1582623,0,3186,0.016744543,627
119000124,35000000003177,119000128,119000000,35,1.6302707,119000125,-1,119000123,119000124,-1,34,2.7541015,2.6680357,2.7541015,2685,28.823677,26.653135,25.358524,32343,3,2,2,-13.205343,-102.162544,-229.14171,40.28814,63.862286,0.06932424,-0.19399811,0.0443207,1582652,0,3177,0.018353749,719
119000125,34000000003360,119000128,119000000,34,1.766336,119000126,-1,119000124,119000125,-1,28,2.5819702,1.9795104,2.5819702,2682,28.843525,26.727558,25.475891,32371,3,2,2,-4.83113,-95.32922,-227.96297,35.04223,61.6822,0.0556682,-0.098295674,0.05890379,1582653,0,3360,0.0152902715,443
119000126,33000000003605,119000128,119000000,33,1.9126327,119000127,-1,119000125,119000126,-1,26,1.3770508,1.1188537,1.549182,2682,28.841724,26.792753,25.569197,32371,3,3,2,-6.991181,-94.35759,-240.27301,31.426636,53.51172,0.036412437,-0.20828143,0.062565446,1582654,0,3605,0.020108819,104
119000127,32000000003757,119000128,119000000,32,2.0700274,119000128,-1,119000126,119000127,-1,26,1.549182,1.549182,1.6352477,2682,28.836666,26.835037,25.733099,32371,3,3,2,-1.8334242,-92.4426,-238.8772,29.831144,58.077145,0.062495865,-0.06274368,0.031939287,1582654,0,3757,0.017792324,788
119000128,31000000004174,119000128,119000000,31,2.2394855,-1,-1,119000127,119000128,-1,22,1.032788,1.032788,1.3770508,2682,28.849564,26.892244,25.828625,32371,3,3,2,2.0623524,-89.3917,-228.04453,32.16346,59.770237,-0.03209179,0.018495781,0.06607594,1582654,0,4174,0.015771752,715
