haloID,subHaloID,lastProgenitorId,treeId,snapNum,redshift,firstProgenitorId,nextProgenitorId,descendantId,firstHaloInFOFgroupId,nextHaloInFOFgroupId,np,m_Mean200,m_Crit200,m_TopHat,phKey,x,y,z,zIndex,ix,iy,iz,velX,velY,velZ,velDisp,vMax,spinX,spinY,spinZ,mostBoundID,fileNr,subhaloIndex,halfmassRadius,random
6000101000000,63000600000403,6000101000181,6000101000000,63,0.0,6000101000001,-1,-1,6000101000000,6000101000222,1049,103.19274,66.01237,83.39764,26092,25.586243,49.1482,35.806656,209688,2,5,4,322.72592,-48.740997,-255.82314,82.430725,136.74112,-0.28522527,0.65184784,-0.53919256,15520943,6,403,0.10464128,377
6000101000001,62000600000379,6000101000150,6000101000000,62,0.019932542,6000101000002,6000101000151,6000101000000,6000101000001,6000101000264,1011,101.81569,61.79515,82.27878,26092,25.525434,49.1566,35.855846,209688,2,5,4,324.08395,-52.669346,-257.91736,81.614,134.0678,-0.15640217,1.4874946,-1.2189163,15521516,6,379,0.10555231,975
6000101000002,61000600000380,6000101000150,6000101000000,61,0.041403063,6000101000003,-1,6000101000001,6000101000002,6000101000224,1023,100.18044,58.86892,81.41812,26092,25.45053,49.16918,35.915974,209688,2,5,4,328.04367,-51.620167,-259.6886,81.30664,135.3884,0.2423587,1.3262717,-1.0678725,15521516,6,380,0.10811395,129
6000101000003,60000600000329,6000101000115,6000101000000,60,0.064493395,6000101000004,6000101000116,6000101000002,6000101000003,6000101000185,934,97.42634,55.85662,76.94271,26091,25.372372,49.18956,35.985847,209681,2,5,4,322.74533,-55.39248,-260.7811,81.258316,132.0429,-0.31537476,1.5978543,-0.61860526,15521516,6,329,0.100036055,598
6000101000004,59000600000374,6000101000115,6000101000000,59,0.08928783,6000101000005,-1,6000101000003,6000101000004,6000101000186,1049,96.90994,53.10252,71.262375,26091,25.282604,49.204582,36.0571,209681,2,5,4,319.11755,-49.064747,-254.83997,80.50739,138.37498,-0.016960386,1.1091528,-0.50555146,15520961,6,374,0.10311592,855
6000101000005,58000600000395,6000101000115,6000101000000,58,0.11588337,6000101000006,-1,6000101000004,6000101000005,6000101000187,924,93.20912,50.86481,68.33614,26091,25.180784,49.217384,36.12976,209681,2,5,4,325.42554,-50.126293,-251.06226,78.580315,126.842766,0.077749684,1.6916541,-1.1824176,15521191,6,395,0.11043405,874
6000101000006,57000600000390,6000101000115,6000101000000,57,0.14438343,6000101000007,-1,6000101000005,6000101000006,6000101000227,859,86.496,47.93858,65.58204,26091,25.078169,49.235252,36.19791,209685,2,5,4,329.46075,-50.40703,-248.2869,74.79969,117.96144,0.12578462,1.6266185,-1.6673886,15521516,6,390,0.11719267,834
6000101000007,56000600000396,6000101000115,6000101000000,56,0.17489761,6000101000008,-1,6000101000006,6000101000007,6000101000119,772,80.2132,40.3648,64.03286,26091,24.972696,49.251064,36.263855,209685,2,5,4,331.81644,-42.484467,-243.34706,71.7243,113.327095,-0.14116867,1.6167585,-1.2347268,15520956,6,396,0.11712899,866
6000101000008,55000600000351,6000101000109,6000101000000,55,0.20754863,6000101000009,6000101000110,6000101000007,6000101000008,6000101000120,707,71.34844,35.114796,51.811535,26091,24.853098,49.265827,36.32691,209685,2,5,4,323.54584,-32.84612,-232.60312,70.25562,113.77786,-0.9068573,0.69483066,-0.75319123,15520971,6,351,0.11208033,578
6000101000009,54000600000415,6000101000101,6000101000000,54,0.24246909,6000101000010,6000101000102,6000101000008,6000101000009,6000101000121,163,84.172226,37.094303,69.88532,26091,24.741299,49.28231,36.401802,209685,2,5,4,330.3615,-37.90129,-223.3055,60.405643,106.12601,-0.29426092,0.14545606,0.04885114,15520941,6,415,0.029370854,836
6000101000010,53000600000339,6000101000101,6000101000000,53,0.2798018,6000101000011,-1,6000101000009,6000101000010,6000101000231,774,58.52466,29.43446,46.30333,26091,24.635084,49.293606,36.467808,209685,2,5,4,306.23572,-29.57483,-231.95633,72.82216,112.273834,-0.5034662,0.94702387,-1.8401353,15520941,6,339,0.12164615,606
6000101000011,52000600000311,6000101000101,6000101000000,52,0.31970343,6000101000012,-1,6000101000010,6000101000011,6000101000336,709,60.590233,29.864788,47.33612,26091,24.529379,49.291958,36.55163,209685,2,5,4,298.9862,-24.41892,-228.25302,74.93745,116.48694,-0.20409894,0.74452174,-0.97286326,15521491,6,311,0.11037147,937
6000101000012,51000600000301,6000101000101,6000101000000,51,0.36234027,6000101000013,-1,6000101000011,6000101000012,6000101000337,717,63.516464,32.704956,48.799236,26091,24.423367,49.28939,36.64321,209685,2,5,4,289.64316,-11.556867,-226.57576,74.54261,114.99324,0.09034007,0.8698863,-0.9812417,15520941,6,301,0.1085263,467
6000101000013,50000600000293,6000101000080,6000101000000,50,0.40789944,6000101000014,6000101000081,6000101000012,6000101000013,6000101000338,740,71.17631,35.717255,56.45908,26091,24.333939,49.298855,36.727932,209684,2,5,4,284.4274,-4.522837,-219.84283,77.468575,118.312096,-0.3792454,0.73258823,-1.4223875,15520962,6,293,0.10286044,107
6000101000014,49000600000319,6000101000080,6000101000000,49,0.45657724,6000101000015,-1,6000101000013,6000101000014,6000101000339,812,75.90992,47.68038,64.89352,26091,24.241533,49.303764,36.82466,209684,2,5,4,286.09747,-1.6969362,-223.05534,82.43711,122.7745,-0.09685876,0.21410775,-0.89274937,15521211,6,319,0.10341753,127
6000101000015,48000600000343,6000101000080,6000101000000,48,0.5085914,6000101000016,-1,6000101000014,6000101000015,6000101000236,599,86.754196,54.995964,72.12303,26091,24.13682,49.290253,36.91977,209684,2,5,4,251.01024,24.706057,-212.67854,79.07718,120.888596,-0.19685398,0.023574058,-0.6116154,15520961,6,343,0.0771999,845
6000101000016,47000600000345,6000101000062,6000101000000,47,0.5641766,6000101000017,6000101000063,6000101000015,6000101000016,6000101000341,589,82.27878,60.504166,73.15582,26091,24.051271,49.262897,37.01191,209684,2,5,4,263.6083,18.976645,-215.97325,81.89259,124.121284,-0.5587322,0.38057852,-0.03420746,15521269,6,345,0.07376352,386
6000101000017,46000600000362,6000101000062,6000101000000,46,0.6235901,6000101000018,-1,6000101000016,6000101000017,6000101000342,624,79.61075,59.987774,72.55336,26090,23.930113,49.25867,37.112667,209712,2,5,4,289.38733,8.334429,-208.31973,86.498245,130.30234,-0.18946788,1.3245121,-0.058679376,15520964,6,362,0.07095403,994
6000101000018,45000600000353,6000101000062,6000101000000,45,0.6871088,6000101000019,-1,6000101000017,6000101000018,6000101000343,599,70.57385,61.62302,67.47549,26090,23.79107,49.250195,37.227528,209712,2,5,4,311.02606,8.052347,-215.7784,88.26035,131.7365,-1.0945783,0.80854666,-0.55844957,15520964,6,353,0.06906047,3
6000101000019,44000600000366,6000101000062,6000101000000,44,0.75503564,6000101000020,-1,6000101000018,6000101000019,6000101000240,497,65.06565,43.1189,61.19269,26090,23.635893,49.22487,37.318447,209712,2,5,4,309.5615,11.186441,-208.16956,88.65574,136.73552,-0.6524433,0.07063201,-0.5031354,15521481,6,366,0.054077886,962
6000101000020,43000600000405,6000101000062,6000101000000,43,0.8276991,6000101000021,-1,6000101000019,6000101000020,6000101000241,457,38.987747,33.393482,37.6107,26090,23.490252,49.20746,37.408623,209712,2,5,4,303.7902,6.84446,-201.17255,83.888,127.651375,-0.53321546,0.20510721,-0.35289145,15522100,6,405,0.053062804,708
6000101000021,42000600000489,6000101000041,6000101000000,42,0.9054624,6000101000022,6000101000042,6000101000020,6000101000021,6000101000133,323,32.704956,22.893469,30.983643,25879,23.33159,49.207787,37.50583,209273,2,5,4,299.47357,-15.775032,-183.52321,69.22421,111.84637,-0.20638227,0.389526,-0.27982372,15520959,6,489,0.05021839,522
6000101000022,41000600000485,6000101000041,6000101000000,41,0.98870814,6000101000023,-1,6000101000021,6000101000022,6000101000134,277,22.635271,18.848381,22.377075,25879,23.187477,49.197964,37.615463,209273,2,5,4,293.63498,-21.938622,-180.90895,60.363396,103.57718,-0.21103992,0.1927782,-0.3376464,15521516,6,485,0.050103758,622
6000101000023,40000600000604,6000101000041,6000101000000,40,1.0778745,6000101000024,-1,6000101000022,6000101000023,6000101000135,214,17.213135,15.405755,16.954937,25879,23.05317,49.209557,37.682964,209273,2,5,4,285.09702,-29.18353,-163.94064,59.497757,108.4673,-0.06613009,0.45843917,-0.18623827,15521217,6,604,0.038255196,974
6000101000024,39000600000606,6000101000041,6000101000000,39,1.173417,6000101000025,-1,6000101000023,6000101000024,6000101000136,185,15.577887,14.372967,15.31969,25879,22.91041,49.22672,37.766125,209273,2,5,4,277.81677,-25.025866,-157.07582,62.019707,104.78522,-0.29369688,0.23526123,-0.013070338,15521217,6,606,0.035762873,263
6000101000025,38000600000606,6000101000041,6000101000000,38,1.2758462,6000101000026,-1,6000101000024,6000101000025,6000101000137,181,15.147558,13.340179,15.147558,25879,22.771408,49.247063,37.849678,209273,2,5,4,263.023,-25.618395,-152.2146,60.859653,106.25568,0.014213274,0.4081394,0.20488204,15521222,6,606,0.031972278,288
6000101000026,37000600000618,6000101000041,6000101000000,37,1.3857181,6000101000027,-1,6000101000025,6000101000026,6000101000138,150,12.565588,11.877063,12.651653,25879,22.63726,49.25777,37.93474,209273,2,5,4,251.28194,-27.504221,-142.77571,61.260017,107.18469,-0.047907516,0.20910381,0.35659504,15521210,6,618,0.024610655,653
6000101000027,36000600000809,6000101000041,6000101000000,36,1.5036365,6000101000028,-1,6000101000026,6000101000027,-1,141,11.446734,11.016406,11.704931,25879,22.491207,49.267944,38.01574,209273,2,5,4,242.67111,-29.07267,-136.02048,60.67458,107.35768,-0.018526377,0.18179157,0.24494274,15520959,6,809,0.025055468,646
6000101000028,35000600000854,6000101000041,6000101000000,35,1.6302707,6000101000029,-1,6000101000027,6000101000028,-1,127,10.500011,9.983618,11.360668,25879,22.348438,49.277622,38.09177,209276,2,5,4,233.69362,-25.906538,-134.37697,60.490788,109.908035,-0.060150575,0.20936553,0.35739794,15521210,6,854,0.021088371,174
6000101000029,34000600000898,6000101000041,6000101000000,34,1.766336,6000101000030,-1,6000101000028,6000101000029,-1,123,8.434436,7.573779,8.778699,25879,22.200823,49.296646,38.169167,209276,2,5,4,226.84985,-25.842348,-135.96693,58.437057,107.95587,-0.042626675,0.22906092,0.26828563,15521210,6,898,0.02526544,734
6000101000030,33000600000889,6000101000041,6000101000000,33,1.9126327,6000101000031,-1,6000101000029,6000101000030,-1,121,6.540991,6.196728,6.971319,25879,22.055153,49.311592,38.25477,209276,2,5,4,213.4227,-21.873266,-141.53244,57.000347,102.701416,-0.23093086,0.1650625,0.10703231,15521221,6,889,0.027534295,14
6000101000031,32000600000946,6000101000041,6000101000000,32,2.0700274,6000101000032,-1,6000101000030,6000101000031,-1,101,6.6270566,6.4549255,6.7131224,25879,21.92516,49.32639,38.321594,209276,2,5,4,208.29532,-29.447056,-134.4296,54.666885,94.66829,-0.0016434485,0.08585766,0.0854898,15520965,6,946,0.02164429,140
6000101000032,31000600001031,6000101000041,6000101000000,31,2.2394855,6000101000033,-1,6000101000031,6000101000032,-1,84,6.282794,6.196728,6.36886,25879,21.810694,49.354385,38.410576,209276,2,5,4,196.10458,-27.214983,-129.99596,58.064613,100.11903,-0.16013123,-0.008974989,-0.02974948,15521214,6,1031,0.017283257,6
6000101000033,30000600001071,6000101000041,6000101000000,30,2.422044,6000101000034,-1,6000101000032,6000101000033,-1,81,6.1106625,6.1106625,6.282794,25879,21.718796,49.353508,38.47758,209276,2,5,4,190.3393,-28.534575,-126.43911,61.56857,104.06476,-0.13701817,0.02976263,-0.16138333,15521270,6,1071,0.01462034,218
6000101000034,29000600000986,6000101000041,6000101000000,29,2.6188614,6000101000035,-1,6000101000033,6000101000034,-1,82,4.733612,4.733612,5.0778747,25879,21.643978,49.359726,38.536404,209276,2,5,4,189.25098,-29.012394,-133.59172,59.810444,87.02544,-0.2364369,0.0785626,0.038163934,15521214,6,986,0.02398645,738
6000101000035,28000600000894,6000101000041,6000101000000,28,2.8311827,6000101000036,-1,6000101000034,6000101000035,-1,85,5.7664,5.680334,6.196728,25879,21.485968,49.390392,38.635376,209276,2,5,4,181.13615,-32.35626,-128.81293,58.29318,100.3001,-0.28881827,0.050689843,0.009021465,15521204,6,894,0.017035397,159
6000101000036,27000600001113,6000101000041,6000101000000,27,3.060419,6000101000037,-1,6000101000035,6000101000036,-1,62,4.991809,4.8196774,5.1639404,25872,21.394089,49.398247,38.69273,209269,2,5,4,169.92497,-31.134766,-121.03374,58.462013,98.168976,-0.08730744,0.018935211,-0.1359787,15521516,6,1113,0.0125870565,137
6000101000037,26000600000982,6000101000041,6000101000000,26,3.3080978,6000101000038,-1,6000101000036,6000101000037,-1,63,3.7868896,3.7008238,3.9590209,25872,21.280962,49.43162,38.772717,209269,2,5,4,157.31206,-28.791878,-114.7169,56.584095,90.081215,-0.10081404,0.09072391,-0.2247977,15520966,6,982,0.015252426,335
6000101000038,25000600000867,6000101000041,6000101000000,25,3.575905,6000101000039,-1,6000101000037,6000101000038,-1,62,2.3237731,2.2377074,2.3237731,25872,21.308805,49.394325,38.833637,209269,2,5,4,153.2427,-14.129604,-115.90464,55.058556,85.91919,-0.088304624,0.09747864,-0.17422587,15520965,6,867,0.021393437,738
6000101000039,24000600001760,6000101000040,6000101000000,24,3.8656828,6000101000040,6000101000041,6000101000038,6000101000039,-1,25,1.8934448,1.8934448,1.8934448,25872,21.279985,49.405403,38.88767,209269,2,5,4,110.62226,-30.184072,-129.32263,48.43741,78.83345,-0.072560765,0.03583407,0.11067461,15521216,6,1760,0.008858376,242
6000101000040,23000600001706,6000101000040,6000101000000,23,4.1794686,-1,-1,6000101000039,6000101000040,-1,25,0.9467224,0.9467224,1.2049193,25872,21.19775,49.440586,38.941296,209269,2,5,4,116.05373,-30.581701,-128.78429,46.35778,72.133644,-0.03596206,0.054478776,0.072377145,15520985,6,1706,0.011446779,668
6000101000041,24000600001547,6000101000041,6000101000000,24,3.8656828,-1,-1,6000101000038,6000101000041,-1,32,1.032788,1.032788,1.032788,25872,21.03709,49.4351,38.9203,209269,2,5,4,169.46542,-16.138725,-110.54664,42.89273,68.76014,-0.07207463,0.0109641645,-0.23778331,15521214,6,1547,0.0143536385,907
6000101000042,42000600002292,6000101000048,6000101000000,42,0.9054624,6000101000043,6000101000049,6000101000020,6000101000042,-1,25,2.4959044,1.9795104,2.4098387,26090,23.596397,49.25608,37.492027,209712,2,5,4,207.64949,-40.477043,-86.945076,25.310118,49.876762,0.09987787,-0.13284664,0.15494686,15541440,6,2292,0.02131197,922
6000101000043,41000600001933,6000101000048,6000101000000,41,0.98870814,6000101000044,-1,6000101000042,6000101000043,-1,26,2.4098387,1.8073791,2.4098387,26090,23.495096,49.269516,37.52482,209712,2,5,4,225.13286,-32.7972,-79.90371,26.821028,51.401897,0.121804304,-0.100162864,0.08796062,15541444,6,1933,0.021974148,30
6000101000044,40000600003279,6000101000048,6000101000000,40,1.0778745,6000101000045,-1,6000101000043,6000101000044,-1,25,2.1516418,2.1516418,2.1516418,25879,23.348703,49.3046,37.571865,209273,2,5,4,235.16626,-21.648943,-76.22463,29.011219,54.82421,0.10667053,-0.11123147,0.14796236,15541444,6,3279,0.020821624,839
6000101000045,39000600003069,6000101000048,6000101000000,39,1.173417,6000101000046,-1,6000101000044,6000101000045,-1,25,1.8934448,1.7213135,1.8934448,25879,23.241608,49.285877,37.61183,209273,2,5,4,242.86153,-10.7273245,-72.30472,29.465878,50.298504,0.08144568,-0.06163098,0.19825548,15541445,6,3069,0.019436365,67
6000101000046,38000600002979,6000101000048,6000101000000,38,1.2758462,6000101000047,-1,6000101000045,6000101000046,-1,28,1.7213135,1.4631164,1.7213135,25879,23.074238,49.32554,37.649868,209273,2,5,4,244.09856,6.4632506,-68.17752,33.853096,55.90121,0.07045691,-0.11110325,0.16710173,15540214,6,2979,0.01776719,742
6000101000047,36000600002694,6000101000048,6000101000000,36,1.5036365,6000101000048,-1,6000101000046,6000101000047,-1,26,1.4631164,1.1188537,1.4631164,25879,22.788782,49.30536,37.72263,209273,2,5,4,245.3187,20.647097,-73.225945,25.90096,48.0938,-0.0063559106,-0.061390422,0.06516594,15540214,6,2694,0.024659136,490
6000101000048,35000600002978,6000101000048,6000101000000,35,1.6302707,-1,-1,6000101000047,6000101000048,-1,21,0.60245967,0.516394,0.6885254,25879,22.649485,49.28732,37.775597,209273,2,5,4,246.68819,30.317848,-67.45859,22.768461,43.99695,3.2660514E-4,0.046335768,0.062010545,15540214,6,2978,0.026596162,388
6000101000049,42000600000491,6000101000062,6000101000000,42,0.9054624,6000101000050,-1,6000101000020,6000101000021,-1,40,0.0,0.0,0.0,25879,23.346312,49.160603,37.662598,209273,2,5,4,345.17633,112.029785,-324.58197,43.236275,72.06452,-0.017996997,0.095894836,0.18508904,15522584,6,491,0.016905116,715
6000101000050,41000600000487,6000101000062,6000101000000,41,0.98870814,6000101000051,-1,6000101000049,6000101000022,-1,47,0.0,0.0,0.0,25879,23.171848,49.119102,37.822605,209273,2,5,4,341.00165,103.05355,-291.46548,43.038662,72.05969,-0.010689289,0.014683697,0.16402717,15522584,6,487,0.019659806,190
6000101000051,40000600002058,6000101000062,6000101000000,40,1.0778745,6000101000052,-1,6000101000050,6000101000051,-1,48,4.0450864,3.7008238,4.0450864,25879,22.996424,49.05717,37.96952,209273,2,5,4,337.95953,96.48579,-272.148,39.661682,71.82477,-0.06671243,-0.0062860423,0.15479727,15522880,6,2058,0.022613246,437
6000101000052,39000600002135,6000101000062,6000101000000,39,1.173417,6000101000053,-1,6000101000051,6000101000052,-1,46,3.6147583,3.2704954,3.6147583,25879,22.810392,49.00459,38.09758,209277,2,5,4,332.37637,92.05916,-258.38327,35.743633,64.58551,-0.099808715,0.13194412,0.12242254,15522880,6,2135,0.025568213,577
6000101000053,38000600002211,6000101000062,6000101000000,38,1.2758462,6000101000054,-1,6000101000052,6000101000053,-1,44,2.4959044,1.7213135,2.4959044,25879,22.61724,48.961452,38.217297,209277,2,5,4,317.23422,86.36892,-242.73642,34.3802,59.34536,-0.08952176,0.089661196,0.10445455,15522583,6,2211,0.029568115,831
6000101000054,37000600002857,6000101000062,6000101000000,37,1.3857181,6000101000055,-1,6000101000053,6000101000054,-1,32,1.8073791,1.6352477,1.8934448,25879,22.461267,48.923515,38.35643,209277,2,5,4,298.77292,84.68732,-231.71114,31.299448,72.48492,0.005509251,-0.02044282,0.19638869,15522585,6,2857,0.023358174,99
6000101000055,36000600002396,6000101000062,6000101000000,36,1.5036365,6000101000056,-1,6000101000054,6000101000055,-1,39,1.8073791,0.86065674,1.8073791,25879,22.315372,48.88233,38.496544,209276,2,5,4,298.66522,78.098145,-219.737,31.90739,57.78586,0.046370015,0.15429485,0.28661448,15522880,6,2396,0.026457166,960
6000101000056,35000600002136,6000101000062,6000101000000,35,1.6302707,6000101000057,-1,6000101000055,6000101000056,-1,43,1.549182,1.3770508,1.7213135,25879,22.156263,48.82828,38.633938,209276,2,5,4,288.85834,73.28204,-208.93976,31.741562,65.85129,0.018823635,0.17165251,0.26728112,15522584,6,2136,0.029296424,538
6000101000057,34000600002083,6000101000062,6000101000000,34,1.766336,6000101000058,-1,6000101000056,6000101000057,-1,42,1.8934448,1.7213135,1.9795104,25878,22.014818,48.766712,38.741043,209262,2,5,4,279.34103,70.60302,-206.4586,33.47674,60.745422,0.059612874,0.1970766,0.33020696,15522583,6,2083,0.02472771,438
6000101000058,33000600002580,6000101000062,6000101000000,33,1.9126327,6000101000059,-1,6000101000057,6000101000058,-1,30,2.4098387,2.4098387,2.4098387,25878,21.866297,48.704998,38.841717,209262,2,5,4,262.10144,79.22527,-199.42639,35.481125,62.41411,-0.09817356,0.11104465,-0.16021934,15522585,6,2580,0.018807163,232
6000101000059,32000600002244,6000101000062,6000101000000,32,2.0700274,6000101000060,-1,6000101000058,6000101000059,-1,33,2.9262328,2.7541015,2.9262328,25878,21.723001,48.662487,38.96655,209262,2,5,4,259.02463,88.14223,-201.44917,41.92097,69.56302,-0.13891296,0.14762075,0.019202169,15522589,6,2244,0.015686205,80
6000101000060,31000600002342,6000101000062,6000101000000,31,2.2394855,6000101000061,-1,6000101000059,6000101000060,-1,28,2.6680357,2.5819702,2.6680357,25833,21.591248,48.6299,39.069057,211018,2,5,4,252.23964,86.90419,-196.75769,39.552166,67.04494,-0.055803657,0.052952517,-0.004430463,15522888,6,2342,0.015203723,806
6000101000061,30000600002849,6000101000062,6000101000000,30,2.422044,6000101000062,-1,6000101000060,6000101000061,-1,22,1.6352477,1.6352477,1.6352477,25838,21.456366,48.58694,39.198948,211011,2,5,4,243.33076,85.586876,-177.78812,35.327206,63.105167,-0.030850224,-0.09667591,-0.11985837,15522589,6,2849,0.011803173,774
6000101000062,28000600003336,6000101000062,6000101000000,28,2.8311827,-1,-1,6000101000061,6000101000062,-1,21,0.6885254,0.6885254,0.774591,25838,21.18114,48.47673,39.35076,211011,2,5,4,229.62975,82.25319,-166.38861,27.548214,52.61856,0.030793859,-0.041463282,-0.16574675,15522588,6,3336,0.016255062,100
6000101000063,47000600000351,6000101000080,6000101000000,47,0.5641766,6000101000064,-1,6000101000015,6000101000016,-1,31,0.0,0.0,0.0,26091,23.87789,49.159126,36.861553,209684,2,5,4,138.15797,40.77848,-321.0829,35.108765,61.122276,0.061570477,-0.019706842,-0.16035356,15514107,6,351,0.016912663,93
6000101000064,46000600000366,6000101000080,6000101000000,46,0.6235901,6000101000065,-1,6000101000063,6000101000017,6000101000199,30,0.0,0.0,0.0,26091,23.8142,49.1453,37.013805,209684,2,5,4,97.88267,9.729879,-344.54865,37.22286,67.1711,0.063119344,-0.03081636,-0.124659896,15514107,6,366,0.01611157,425
6000101000065,45000600000358,6000101000080,6000101000000,45,0.6871088,6000101000066,-1,6000101000064,6000101000018,-1,23,0.0,0.0,0.0,26090,23.7691,49.164402,37.18538,209712,2,5,4,67.0254,-76.54393,-379.71295,37.22858,61.755466,0.1930864,0.032747105,-0.21101469,15514107,6,358,0.013173167,810
6000101000066,44000600000370,6000101000080,6000101000000,44,0.75503564,6000101000067,-1,6000101000065,6000101000019,6000101000109,25,0.0,0.0,0.0,26090,23.734285,49.226055,37.37363,209712,2,5,4,106.83152,-128.49953,-363.96753,38.774635,64.47715,-0.004650882,0.04180609,-0.039738357,15514107,6,370,0.015514383,530
6000101000067,43000600000409,6000101000080,6000101000000,43,0.8276991,6000101000068,-1,6000101000066,6000101000020,-1,35,0.0,0.0,0.0,26090,23.680592,49.2866,37.528297,209712,2,5,4,136.58319,-136.70663,-318.5273,36.71236,69.65625,0.027708575,0.13493948,-0.015472452,15514107,6,409,0.016389992,868
6000101000068,42000600002331,6000101000080,6000101000000,42,0.9054624,6000101000069,-1,6000101000067,6000101000068,-1,41,3.442627,3.18443,3.3565612,26090,23.607973,49.34657,37.688606,209712,2,5,4,149.62476,-132.93306,-305.2392,35.425682,69.0245,-0.10773868,0.15318432,-0.022295414,15514107,6,2331,0.01644819,657
6000101000069,41000600002122,6000101000080,6000101000000,41,0.98870814,6000101000070,-1,6000101000068,6000101000069,-1,46,3.098364,2.840167,3.098364,26090,23.535696,49.42655,37.827656,209712,2,5,4,151.9762,-127.93886,-292.774,31.439537,61.22432,-0.04782936,0.1348243,0.030371998,15512125,6,2122,0.025688441,441
6000101000070,40000600002155,6000101000080,6000101000000,40,1.0778745,6000101000071,-1,6000101000069,6000101000070,-1,45,3.7008238,3.6147583,3.7008238,26090,23.450022,49.49204,38.00351,209712,2,5,4,150.36809,-124.20506,-282.09268,33.158337,66.45285,-0.043904737,0.065370366,0.015435784,15514107,6,2155,0.024782164,558
6000101000071,39000600002250,6000101000080,6000101000000,39,1.173417,6000101000072,-1,6000101000070,6000101000071,-1,42,3.7868896,3.098364,3.7008238,25879,23.365654,49.56572,38.14756,209277,2,5,4,151.02968,-122.03473,-273.45306,37.84713,68.25339,-0.014984806,0.037656326,-0.027994856,15514102,6,2250,0.019541128,258
6000101000072,38000600002210,6000101000080,6000101000000,38,1.2758462,6000101000073,-1,6000101000071,6000101000072,-1,43,3.3565612,3.0122986,3.3565612,25879,23.268976,49.632145,38.293427,209277,2,5,4,145.79295,-117.15504,-262.83545,42.098526,72.01121,-0.0591733,0.079820424,0.041393556,15514102,6,2210,0.0161095,86
6000101000073,37000600002167,6000101000080,6000101000000,37,1.3857181,6000101000074,-1,6000101000072,6000101000073,-1,43,3.3565612,3.18443,3.3565612,25879,23.202526,49.706623,38.45204,209277,2,5,4,148.13634,-113.26993,-258.58105,40.430614,67.045,-0.0019392698,0.1322551,0.14222881,15514104,6,2167,0.019979188,995
6000101000074,36000600002394,6000101000080,6000101000000,36,1.5036365,6000101000075,-1,6000101000073,6000101000074,-1,38,3.0122986,2.3237731,3.0122986,25879,23.126055,49.771526,38.609577,209277,2,5,4,148.01778,-112.749886,-254.51721,36.128654,63.34285,0.06246439,0.19177805,0.11639775,15514102,6,2394,0.020000122,790
6000101000075,35000600002323,6000101000080,6000101000000,35,1.6302707,6000101000076,-1,6000101000074,6000101000075,-1,40,2.4959044,2.1516418,2.5819702,25879,23.039059,49.829697,38.73382,209279,2,5,4,139.35164,-105.34999,-244.24045,35.02436,68.76471,-0.04047767,0.28291857,0.13146275,15512105,6,2323,0.021754405,925
6000101000076,34000600003687,6000101000080,6000101000000,34,1.766336,6000101000077,-1,6000101000075,6000101000076,-1,22,1.9795104,1.8073791,2.065576,25879,22.961334,49.884678,38.876614,209279,2,5,4,136.07391,-111.238365,-245.93425,32.449112,57.985424,0.0876399,0.18332985,0.07567928,15512105,6,3687,0.014728542,601
6000101000077,32000600003140,6000101000080,6000101000000,32,2.0700274,6000101000078,-1,6000101000076,6000101000077,-1,27,0.516394,0.516394,0.516394,25832,22.784872,49.98086,39.111446,211035,2,5,4,135.16443,-96.501366,-222.44217,27.438396,50.923973,-0.012587435,0.028380772,-0.026945831,15514102,6,3140,0.024055976,224
6000101000078,31000600003527,6000101000080,6000101000000,31,2.2394855,6000101000079,-1,6000101000077,6000101000078,-1,23,0.774591,0.6885254,0.774591,25832,22.700642,50.031155,39.253033,211035,2,5,4,134.75742,-94.366455,-217.03055,30.421822,49.70208,0.09180979,0.056190904,0.1598841,15512105,6,3527,0.019061016,510
6000101000079,30000600003765,6000101000080,6000101000000,30,2.422044,6000101000080,-1,6000101000078,6000101000079,-1,20,1.1188537,1.1188537,1.3770508,25832,22.637869,50.098072,39.40344,211035,2,5,4,122.286064,-89.84839,-216.62463,34.72431,64.14059,0.087869726,0.09350118,0.011520696,15512092,6,3765,0.010800168,998
6000101000080,29000600003633,6000101000080,6000101000000,29,2.6188614,-1,-1,6000101000079,6000101000080,-1,20,1.549182,1.549182,1.549182,25832,22.565723,50.175247,39.54882,211035,2,5,4,129.13321,-88.42818,-210.20593,41.228416,68.902466,0.084707744,0.030437091,-0.0063111163,15514104,6,3633,0.010015516,29
6000101000081,50000600000300,6000101000101,6000101000000,50,0.40789944,6000101000082,-1,6000101000012,6000101000013,-1,26,0.0,0.0,0.0,26091,24.466051,49.432457,36.828773,209685,2,5,4,310.19644,-126.0425,-310.30527,24.121748,50.080486,-0.13593249,0.06391128,-3.7461534E-4,15522290,6,300,0.036323324,406
6000101000082,48000600001529,6000101000101,6000101000000,48,0.5085914,6000101000083,-1,6000101000081,6000101000082,-1,41,4.217218,2.2377074,3.7008238,26091,24.208433,49.516846,37.065884,209684,2,5,4,325.22055,-74.87328,-273.62393,25.064459,48.584244,-0.06709097,-0.003542982,0.014331998,15522391,6,1529,0.03605395,690
6000101000083,47000600001847,6000101000101,6000101000000,47,0.5641766,6000101000084,-1,6000101000082,6000101000083,-1,42,3.7868896,2.2377074,3.3565612,26090,24.060156,49.554447,37.17561,209712,2,5,4,328.65256,-55.84093,-256.19025,28.824104,51.359318,-0.09382641,0.013175477,-0.023057371,15522290,6,1847,0.031477716,56
6000101000084,46000600002073,6000101000101,6000101000000,46,0.6235901,6000101000085,-1,6000101000083,6000101000084,-1,40,4.0450864,3.6147583,3.7868896,26090,23.915451,49.586834,37.28897,209712,2,5,4,328.73148,-32.758614,-229.6306,33.458477,58.823566,0.013172125,-0.100406274,0.07450877,15522293,6,2073,0.026211426,568
6000101000085,45000600001794,6000101000101,6000101000000,45,0.6871088,6000101000086,-1,6000101000084,6000101000085,-1,44,4.3893495,4.0450864,4.0450864,26090,23.767206,49.601704,37.398647,209712,2,5,4,337.8215,-15.129144,-209.87572,42.03315,70.08943,-0.071770154,-0.080449656,-0.03985376,15522391,6,1794,0.018405324,641
6000101000086,44000600000809,6000101000101,6000101000000,44,0.75503564,6000101000087,-1,6000101000085,6000101000344,-1,32,0.0,0.0,0.0,26090,23.597916,49.58733,37.500023,209712,2,5,4,355.47202,13.399006,-168.5591,44.062004,74.33743,-0.09068613,0.0022807408,0.01916598,15522289,6,809,0.012648603,553
6000101000087,42000600002072,6000101000101,6000101000000,42,0.9054624,6000101000088,-1,6000101000086,6000101000087,-1,43,3.7008238,3.6147583,3.7008238,25879,23.23088,49.58458,37.661964,209273,2,5,4,381.1166,26.498695,-153.29875,35.018597,67.70349,-0.078779295,-0.099908456,0.188572,15522391,6,2072,0.020095725,21
6000101000088,41000600000887,6000101000101,6000101000000,41,0.98870814,6000101000089,-1,6000101000087,6000101000088,6000101000171,31,6.799188,5.9385314,6.7131224,25879,23.037663,49.562393,37.730156,209273,2,5,4,393.16876,48.995926,-146.77031,35.65083,67.378265,-0.075476915,-0.09216775,0.05341354,15522291,6,887,0.015086891,152
6000101000089,40000600002156,6000101000101,6000101000000,40,1.0778745,6000101000090,-1,6000101000088,6000101000089,-1,41,3.9590209,3.7868896,3.9590209,25879,22.808958,49.529312,37.814022,209273,2,5,4,391.46194,65.96642,-145.74438,42.11467,75.266815,-0.001989582,-0.18402925,0.14582738,15522289,6,2156,0.015065566,644
6000101000090,38000600001956,6000101000101,6000101000000,38,1.2758462,6000101000091,-1,6000101000089,6000101000090,-1,44,3.8729553,3.7868896,3.8729553,25879,22.418493,49.437664,37.959858,209272,2,5,4,367.19794,100.04204,-132.46336,36.49255,71.00741,-0.01795696,-0.08094877,0.13925909,15522293,6,1956,0.017938515,403
6000101000091,37000600001908,6000101000101,6000101000000,37,1.3857181,6000101000092,-1,6000101000090,6000101000091,-1,46,3.9590209,3.7868896,3.9590209,25879,22.223831,49.38004,38.030045,209272,2,5,4,351.5111,111.48652,-128.98378,37.02837,72.27504,0.0213377,0.003970653,0.1994876,15522391,6,1908,0.019499166,353
6000101000092,36000600002351,6000101000101,6000101000000,36,1.5036365,6000101000093,-1,6000101000091,6000101000092,-1,39,3.5286925,3.5286925,3.5286925,25879,22.018663,49.306755,38.10689,209276,2,5,4,340.26434,113.67803,-118.297485,41.79929,76.62614,-0.11505951,-0.15425198,0.16474159,15522391,6,2351,0.013060758,393
6000101000093,35000600002493,6000101000101,6000101000000,35,1.6302707,6000101000094,-1,6000101000092,6000101000093,-1,37,3.098364,2.4959044,3.098364,25879,21.819805,49.250885,38.175358,209276,2,5,4,322.26718,110.35784,-117.90028,40.099003,77.955,-0.08845882,-0.103160195,0.14547582,15522391,6,2493,0.012020373,514
6000101000094,34000600002299,6000101000101,6000101000000,34,1.766336,6000101000095,-1,6000101000093,6000101000094,-1,40,2.840167,2.840167,2.840167,25879,21.646395,49.18439,38.221653,209276,2,5,4,308.04047,111.949905,-117.35203,33.071117,67.14623,-0.11124279,-0.035633262,0.11339608,15522318,6,2299,0.018975588,71
6000101000095,33000600002404,6000101000101,6000101000000,33,1.9126327,6000101000096,-1,6000101000094,6000101000095,-1,37,2.9262328,2.840167,2.9262328,25872,21.482977,49.103973,38.302364,209269,2,5,4,297.1815,108.23341,-117.85131,34.41707,69.11175,-0.12365617,-0.015931156,0.102399416,15522314,6,2404,0.01744823,897
6000101000096,32000600002200,6000101000101,6000101000000,32,2.0700274,6000101000097,-1,6000101000095,6000101000096,-1,40,2.065576,2.065576,2.3237731,25872,21.326176,49.0339,38.35805,209269,2,5,4,284.1166,109.5701,-113.22606,42.515293,67.91527,-0.137927,-0.051927928,0.045192167,15522319,6,2200,0.019820923,471
6000101000097,31000600002283,6000101000101,6000101000000,31,2.2394855,6000101000098,-1,6000101000096,6000101000097,-1,37,3.2704954,3.098364,3.2704954,25872,21.129284,48.993484,38.445137,209269,2,5,4,276.47406,108.98491,-104.355484,50.79618,85.39904,-0.23524804,-0.08530531,0.112575375,15522287,6,2283,0.010606005,450
6000101000098,30000600002181,6000101000101,6000101000000,30,2.422044,6000101000099,-1,6000101000097,6000101000098,-1,37,2.9262328,2.840167,2.9262328,25872,20.974157,48.939255,38.496082,209269,2,5,4,265.92703,107.92035,-100.68575,43.389004,81.8074,-0.19744776,-0.09906436,0.07115769,15522317,6,2181,0.011635245,666
6000101000099,29000600002047,6000101000101,6000101000000,29,2.6188614,6000101000100,-1,6000101000098,6000101000099,-1,38,1.9795104,1.9795104,1.9795104,25872,20.835571,48.84986,38.531307,209269,2,5,4,263.81628,102.65981,-101.12328,40.156982,70.537865,-0.10288764,0.013560078,0.048024375,15522317,6,2047,0.015220419,648
6000101000100,28000600003335,6000101000101,6000101000000,28,2.8311827,6000101000101,-1,6000101000099,6000101000100,-1,20,1.6352477,1.6352477,1.7213135,25873,20.69341,48.785873,38.58275,209255,2,5,4,247.3202,119.41025,-81.54423,38.587517,69.050545,-0.16099142,-0.074183926,-0.021912763,15522317,6,3335,0.0098471455,845
6000101000101,27000600003237,6000101000101,6000101000000,27,3.060419,-1,-1,6000101000100,6000101000101,-1,20,1.2909851,1.2909851,1.2909851,25873,20.548578,48.70661,38.61152,209255,2,5,4,243.20567,114.58338,-86.355804,36.528328,63.799656,-0.16253571,-0.020015923,-0.0050716912,15522317,6,3237,0.010691342,180
6000101000102,54000600000418,6000101000109,6000101000000,54,0.24246909,6000101000103,-1,6000101000008,6000101000009,-1,21,0.0,0.0,0.0,26091,24.984169,49.278294,36.277756,209685,2,5,4,314.06287,-168.12834,-212.02107,21.076012,53.48114,0.088615954,-0.04239578,-0.0849223,15522752,6,418,0.019229375,510
6000101000103,52000600000317,6000101000109,6000101000000,52,0.31970343,6000101000104,-1,6000101000102,6000101000011,-1,20,0.0,0.0,0.0,26091,24.760443,49.38469,36.433163,209685,2,5,4,340.8848,-151.73859,-234.1564,28.408216,67.44479,0.015816484,-0.039271243,-0.006953313,15522796,6,317,0.018447785,353
6000101000104,51000600000308,6000101000109,6000101000000,51,0.36234027,6000101000105,-1,6000101000103,6000101000012,-1,22,0.0,0.0,0.0,26091,24.629965,49.437054,36.5272,209685,2,5,4,355.0207,-132.20067,-241.91446,24.687048,50.454308,0.14112194,-0.011902502,0.009615996,15522752,6,308,0.022570785,906
6000101000105,49000600002267,6000101000109,6000101000000,49,0.45657724,6000101000106,-1,6000101000104,6000101000105,-1,26,2.5819702,2.1516418,2.4098387,26091,24.347887,49.52537,36.72958,209684,2,5,4,382.24475,-89.67249,-261.62445,27.486103,62.05201,0.21459348,0.08757595,0.04901881,15522797,6,2267,0.024598395,111
6000101000106,48000600002343,6000101000109,6000101000000,48,0.5085914,6000101000107,-1,6000101000105,6000101000106,-1,23,3.2704954,2.2377074,2.5819702,26091,24.183428,49.565895,36.841263,209684,2,5,4,392.61407,-63.89148,-268.0158,28.86367,60.236046,0.19004118,0.051808015,0.044742085,15522797,6,2343,0.018679036,715
6000101000107,47000600001819,6000101000109,6000101000000,47,0.5641766,6000101000108,-1,6000101000106,6000101000107,-1,25,3.3565612,2.9262328,3.3565612,26091,24.01837,49.586617,36.953163,209684,2,5,4,407.8771,-37.61401,-268.05396,27.981077,66.1592,0.13962886,-0.06426992,0.0076579954,15522797,6,1819,0.022102028,22
6000101000108,46000600002210,6000101000109,6000101000000,46,0.6235901,6000101000109,-1,6000101000107,6000101000108,-1,26,3.098364,2.840167,3.0122986,26091,23.830326,49.5895,37.063404,209684,2,5,4,409.57413,7.002111,-274.304,29.404705,64.34322,0.15571457,0.007248962,0.056192964,15522797,6,2210,0.021774648,894
6000101000109,44000600000371,6000101000109,6000101000000,44,0.75503564,-1,-1,6000101000108,6000101000019,-1,22,0.0,0.0,0.0,26090,23.438692,49.532696,37.330204,209712,2,5,4,397.15707,86.043686,-303.91187,31.824606,62.923378,0.08402695,0.0020787108,0.036394104,15522798,6,371,0.013519874,297
6000101000110,55000600002500,6000101000115,6000101000000,55,0.20754863,6000101000111,-1,6000101000007,6000101000110,-1,26,2.5819702,1.7213135,2.3237731,26091,24.667841,49.256516,36.13755,209685,2,5,4,357.2449,8.698,-199.78432,20.718443,44.60004,0.08222699,-0.054731935,-0.11722264,15514102,6,2500,0.029719463,894
6000101000111,54000600001835,6000101000115,6000101000000,54,0.24246909,6000101000112,-1,6000101000110,6000101000111,-1,30,2.4098387,1.6352477,2.3237731,26091,24.561317,49.253494,36.201275,209685,2,5,4,346.165,12.981172,-208.36009,24.548557,50.548893,0.067276895,-0.061886467,-0.15997232,15514111,6,1835,0.03176528,134
6000101000112,53000600000344,6000101000115,6000101000000,53,0.2798018,6000101000113,-1,6000101000111,6000101000010,-1,27,0.0,0.0,0.0,26091,24.453293,49.25683,36.26873,209685,2,5,4,329.93002,15.939448,-214.50636,26.004372,47.25795,0.104162045,0.057906546,-0.16577691,15514107,6,344,0.026316073,6
6000101000113,52000600001606,6000101000115,6000101000000,52,0.31970343,6000101000114,-1,6000101000112,6000101000113,-1,31,3.2704954,2.2377074,2.6680357,26091,24.34073,49.241028,36.34906,209684,2,5,4,308.30807,19.886505,-222.60019,26.37165,49.747005,0.11097725,-0.021041166,-0.17733715,15512125,6,1606,0.02630762,534
6000101000114,51000600000307,6000101000115,6000101000000,51,0.36234027,6000101000115,-1,6000101000113,6000101000012,6000101000104,29,0.0,0.0,0.0,26091,24.222805,49.237118,36.442986,209684,2,5,4,288.62692,22.752216,-228.72034,28.08759,52.14654,0.11374901,0.055149797,-0.20934948,15519265,6,307,0.02267876,857
6000101000115,50000600000299,6000101000115,6000101000000,50,0.40789944,-1,-1,6000101000114,6000101000013,6000101000081,28,0.0,0.0,0.0,26091,24.10644,49.232506,36.539356,209684,2,5,4,261.89572,35.388508,-237.57802,32.22579,56.255768,0.0783856,0.012146894,-0.10575903,15512125,6,299,0.020403445,308
6000101000116,60000600000334,6000101000148,6000101000000,60,0.064493395,6000101000117,6000101000149,6000101000002,6000101000003,-1,20,0.0,0.0,0.0,26091,25.33523,49.18533,35.99097,209681,2,5,4,359.767,31.265392,-193.52734,40.6789,63.878407,0.037913647,0.041281912,0.02623335,15521178,6,334,0.015118107,637
6000101000117,58000600000400,6000101000148,6000101000000,58,0.11588337,6000101000118,-1,6000101000116,6000101000005,-1,24,0.0,0.0,0.0,26091,25.173075,49.18437,36.07978,209681,2,5,4,248.57019,-30.218536,-216.13461,36.981075,69.603294,-0.22063123,0.12696038,0.054224413,15521353,6,400,0.012924929,258
6000101000118,57000600000392,6000101000148,6000101000000,57,0.14438343,6000101000119,-1,6000101000117,6000101000006,6000101000188,43,0.0,0.0,0.0,26091,25.101042,49.186985,36.14415,209685,2,5,4,247.13452,-47.45712,-255.10826,43.010838,72.983765,-0.17825194,0.12301561,0.18682608,15521353,6,392,0.01636395,108
6000101000119,56000600000397,6000101000148,6000101000000,56,0.17489761,6000101000120,-1,6000101000118,6000101000007,6000101000228,88,0.0,0.0,0.0,26091,25.033112,49.210987,36.218067,209685,2,5,4,263.06213,-67.471825,-283.77536,46.129063,81.19983,-0.27615073,0.007681092,0.32312697,15519440,6,397,0.028908856,786
6000101000120,55000600000352,6000101000147,6000101000000,55,0.20754863,6000101000121,6000101000148,6000101000119,6000101000008,6000101000229,79,0.0,0.0,0.0,26091,24.953693,49.230865,36.315327,209685,2,5,4,256.36304,-70.44597,-317.4679,44.01601,81.20725,-9.779625E-4,-0.12316056,-0.44790795,15519440,6,352,0.025965383,224
6000101000121,54000600000414,6000101000147,6000101000000,54,0.24246909,6000101000122,-1,6000101000120,6000101000009,6000101000230,415,0.0,0.0,0.0,26091,24.870123,49.24925,36.411987,209685,2,5,4,292.0673,-36.656757,-264.3807,63.730026,87.53612,-0.7536137,1.266122,-0.7960149,15519445,6,414,0.11286187,980
6000101000122,53000600000341,6000101000147,6000101000000,53,0.2798018,6000101000123,-1,6000101000121,6000101000010,6000101000160,64,0.0,0.0,0.0,26091,24.778402,49.268063,36.516415,209685,2,5,4,286.67203,-41.039112,-316.77432,47.861168,83.31678,-0.10778571,0.04398625,0.005116457,15519445,6,341,0.01814848,204
6000101000123,52000600000314,6000101000147,6000101000000,52,0.31970343,6000101000124,-1,6000101000122,6000101000011,6000101000161,62,0.0,0.0,0.0,26091,24.68842,49.274696,36.626698,209685,2,5,4,299.77438,-35.417812,-292.08853,46.166103,78.625725,-0.16296066,-0.003620401,0.00589242,15519445,6,314,0.019786537,893
6000101000124,51000600000304,6000101000147,6000101000000,51,0.36234027,6000101000125,-1,6000101000123,6000101000012,6000101000162,56,0.0,0.0,0.0,26091,24.569046,49.28268,36.719414,209685,2,5,4,312.51102,-29.30835,-277.62424,41.994263,74.675354,-0.1847576,-0.008127621,-0.04341188,15519445,6,304,0.021131013,209
6000101000125,50000600000296,6000101000147,6000101000000,50,0.40789944,6000101000126,-1,6000101000124,6000101000013,6000101000195,43,0.0,0.0,0.0,26091,24.452875,49.296932,36.826645,209685,2,5,4,320.1227,-22.275549,-245.96626,40.35337,72.35363,-0.11638827,0.016611917,0.08290799,15519440,6,296,0.019460687,61
6000101000126,49000600000322,6000101000147,6000101000000,49,0.45657724,6000101000127,-1,6000101000125,6000101000014,6000101000196,42,0.0,0.0,0.0,26091,24.323654,49.311794,36.914387,209684,2,5,4,342.55603,-19.410873,-210.34181,42.101933,68.84801,-0.07958743,0.011804802,0.16122097,15519441,6,322,0.019757355,813
6000101000127,48000600000346,6000101000147,6000101000000,48,0.5085914,6000101000128,-1,6000101000126,6000101000015,6000101000340,41,0.0,0.0,0.0,26091,24.166742,49.310295,37.00656,209684,2,5,4,363.10617,-4.504206,-154.83885,50.231743,81.0517,-0.22044216,-0.1376805,-0.013263851,15521177,6,346,0.014188321,918
6000101000128,47000600000348,6000101000147,6000101000000,47,0.5641766,6000101000129,-1,6000101000127,6000101000016,6000101000165,46,0.0,0.0,0.0,26091,24.0098,49.30342,37.056038,209684,2,5,4,382.4629,39.18282,-69.01458,52.46206,86.529396,-0.2255557,-0.08354224,-0.03349601,15519445,6,348,0.012742577,784
6000101000129,46000600000364,6000101000147,6000101000000,46,0.6235901,6000101000130,-1,6000101000128,6000101000017,6000101000238,51,0.0,0.0,0.0,26091,23.847338,49.27733,37.067936,209684,2,5,4,340.92035,82.46887,-52.426334,48.314243,85.45934,-0.2774421,-0.024856674,-0.06763196,15519445,6,364,0.017412016,892
6000101000130,45000600000355,6000101000147,6000101000000,45,0.6871088,6000101000131,-1,6000101000129,6000101000018,6000101000239,54,0.0,0.0,0.0,26091,23.682003,49.225,37.101536,209684,2,5,4,292.7059,78.32019,-82.8138,48.0094,79.10768,-0.105264805,-0.011197097,-0.10492853,15519441,6,355,0.019996615,597
6000101000131,44000600000368,6000101000147,6000101000000,44,0.75503564,6000101000132,-1,6000101000130,6000101000019,6000101000201,71,0.0,0.0,0.0,26090,23.554255,49.195103,37.154266,209712,2,5,4,256.24185,61.569675,-113.84617,50.04072,84.70486,-0.16954674,-0.028719006,-0.021318128,15521177,6,368,0.020898344,254
6000101000132,43000600000407,6000101000147,6000101000000,43,0.8276991,6000101000133,-1,6000101000131,6000101000020,6000101000202,73,0.0,0.0,0.0,26090,23.446598,49.174286,37.215443,209712,2,5,4,234.89471,49.130722,-148.07614,48.534435,89.39748,-0.09125219,-0.21991743,-0.12030042,15519441,6,407,0.020085009,591
6000101000133,42000600000490,6000101000147,6000101000000,42,0.9054624,6000101000134,-1,6000101000132,6000101000021,6000101000049,76,0.0,0.0,0.0,25879,23.33553,49.14745,37.273922,209273,2,5,4,223.03632,39.636536,-176.67303,47.559086,86.297356,-0.18939847,-0.25502414,-0.1661279,15519447,6,490,0.019783795,557
6000101000134,41000600000486,6000101000147,6000101000000,41,0.98870814,6000101000135,-1,6000101000133,6000101000022,6000101000050,73,0.0,0.0,0.0,25879,23.206415,49.13079,37.400154,209273,2,5,4,210.22992,29.09046,-200.03595,42.82281,80.3165,-0.1694801,-0.37628463,-0.20197323,15521178,6,486,0.024661874,419
6000101000135,40000600000605,6000101000147,6000101000000,40,1.0778745,6000101000136,-1,6000101000134,6000101000023,-1,80,0.0,0.0,0.0,25879,23.10318,49.11583,37.47573,209273,2,5,4,199.08142,18.260212,-225.93877,46.212887,82.95032,-0.14532849,-0.3598196,-0.17249928,15519441,6,605,0.023953468,737
6000101000136,39000600000607,6000101000147,6000101000000,39,1.173417,6000101000137,-1,6000101000135,6000101000024,-1,87,0.0,0.0,0.0,25879,23.006346,49.094738,37.62865,209273,2,5,4,189.58029,2.7930431,-242.26152,51.097267,86.38414,-0.09784048,-0.29943743,-0.21606937,15521177,6,607,0.022036495,297
6000101000137,38000600000607,6000101000147,6000101000000,38,1.2758462,6000101000138,-1,6000101000136,6000101000025,-1,67,0.0,0.0,0.0,25879,22.915613,49.089207,37.760277,209273,2,5,4,177.72331,-15.042502,-259.60153,49.840565,85.306114,-0.23917317,-0.23672017,-0.05918906,15521178,6,607,0.017922921,982
6000101000138,37000600000619,6000101000147,6000101000000,37,1.3857181,6000101000139,-1,6000101000137,6000101000026,-1,70,0.0,0.0,0.0,25879,22.8091,49.109608,37.873714,209273,2,5,4,182.42935,-31.46164,-269.9212,45.277798,75.11633,-0.23181626,-0.26075992,-0.14334437,15521177,6,619,0.02796062,127
6000101000139,36000600001091,6000101000147,6000101000000,36,1.5036365,6000101000140,-1,6000101000138,6000101000139,-1,99,8.176239,7.573779,8.434436,25879,22.693323,49.16671,38.05034,209273,2,5,4,194.53809,-34.440483,-262.89352,51.941383,90.089806,-0.061692104,-0.21877307,-0.22340411,15519442,6,1091,0.027959097,881
6000101000140,35000600001101,6000101000147,6000101000000,35,1.6302707,6000101000141,-1,6000101000139,6000101000140,-1,94,7.2295165,6.885254,7.3155823,25879,22.59242,49.189686,38.228256,209277,2,5,4,190.61533,-40.775974,-260.5617,54.516422,89.186516,-0.0055748606,-0.20667365,-0.23508964,15519442,6,1101,0.024360843,658
6000101000141,34000600001137,6000101000147,6000101000000,34,1.766336,6000101000142,-1,6000101000140,6000101000141,-1,93,6.024597,5.7664,6.1106625,25879,22.48344,49.222782,38.396805,209277,2,5,4,190.81122,-47.934948,-261.09384,53.568295,87.53025,-0.08370448,-0.34755552,-0.2373121,15521350,6,1137,0.02423414,205
6000101000142,33000600001227,6000101000147,6000101000000,33,1.9126327,6000101000143,-1,6000101000141,6000101000142,-1,83,4.6475463,4.5614805,4.6475463,25879,22.365063,49.259212,38.531284,209276,2,5,4,182.03973,-46.104183,-250.31696,46.626328,80.984474,0.053625904,-0.22767487,-0.28262493,15519442,6,1227,0.024626361,152
6000101000143,32000600001180,6000101000147,6000101000000,32,2.0700274,6000101000144,-1,6000101000142,6000101000143,-1,79,3.7008238,3.6147583,3.7868896,25879,22.258451,49.282055,38.683712,209276,2,5,4,185.9031,-47.104435,-244.42598,45.81206,78.740204,-0.1710049,-0.4155151,-0.34380934,15519442,6,1180,0.025867851,824
6000101000144,31000600001152,6000101000147,6000101000000,31,2.2394855,6000101000145,-1,6000101000143,6000101000144,-1,81,2.4959044,2.3237731,2.7541015,25879,22.188248,49.24365,38.76324,209276,2,5,4,182.6523,-45.146996,-235.75594,46.667572,74.388504,-0.052885868,-0.41223934,-0.2140361,15521350,6,1152,0.027424714,739
6000101000145,30000600001943,6000101000147,6000101000000,30,2.422044,6000101000146,-1,6000101000144,6000101000145,-1,42,2.2377074,1.8934448,2.2377074,25879,22.080023,49.24294,38.934353,209276,2,5,4,164.54419,-52.967796,-220.39667,46.341797,68.9209,0.016159328,-0.09366972,-0.26200515,15521350,6,1943,0.019332254,754
6000101000146,29000600001935,6000101000147,6000101000000,29,2.6188614,6000101000147,-1,6000101000145,6000101000146,-1,40,1.032788,1.032788,1.2049193,25879,21.96576,49.29399,38.984844,209276,2,5,4,160.89784,-48.095848,-204.89882,50.07134,74.95262,0.27561405,-0.27784365,-0.037083685,15521315,6,1935,0.02084296,316
6000101000147,28000600002977,6000101000147,6000101000000,28,2.8311827,-1,-1,6000101000146,6000101000147,-1,21,1.549182,1.549182,1.549182,25832,21.906792,49.33679,39.170105,211032,2,5,4,133.07735,-81.97679,-201.99695,38.822052,62.44703,-0.030319199,-0.054808803,-0.10384867,15521245,6,2977,0.01177098,927
6000101000148,55000600000356,6000101000148,6000101000000,55,0.20754863,-1,-1,6000101000119,6000101000008,-1,22,0.0,0.0,0.0,26091,24.966223,49.133926,36.321075,209685,2,5,4,291.29715,-146.43938,-255.24553,35.505486,54.800777,-0.20818228,0.19780543,0.14050862,15522293,6,356,0.015791925,284
6000101000149,60000600000333,6000101000150,6000101000000,60,0.064493395,6000101000150,-1,6000101000002,6000101000003,6000101000116,24,0.0,0.0,0.0,26091,25.19949,49.259647,35.89614,209681,2,5,4,418.06534,-19.951506,-172.83232,25.707912,52.4482,-0.01979484,-0.19941197,-0.20689417,15514111,6,333,0.018840002,186
6000101000150,59000600000377,6000101000150,6000101000000,59,0.08928783,-1,-1,6000101000149,6000101000004,-1,20,0.0,0.0,0.0,26091,25.100458,49.26381,35.945107,209681,2,5,4,408.60992,-13.911247,-174.57356,24.363485,53.798153,0.050391015,0.015737997,-0.01182469,15514112,6,377,0.023432992,935
6000101000151,62000600000383,6000101000181,6000101000000,62,0.019932542,6000101000152,-1,6000101000000,6000101000001,-1,26,0.0,0.0,0.0,26092,25.587893,49.06418,35.828644,209688,2,5,4,349.9034,58.974674,-149.64645,31.78489,60.068535,0.041771706,0.1801859,0.12658209,15519302,6,383,0.016493287,86
6000101000152,61000600000383,6000101000181,6000101000000,61,0.041403063,6000101000153,-1,6000101000151,6000101000002,-1,27,0.0,0.0,0.0,26092,25.510742,49.057304,35.86928,209688,2,5,4,364.56464,46.170307,-158.36731,31.126677,59.657753,0.06801671,0.27239448,0.115513474,15519302,6,383,0.018275762,951
6000101000153,60000600000331,6000101000181,6000101000000,60,0.064493395,6000101000154,-1,6000101000152,6000101000003,6000101000225,28,0.0,0.0,0.0,26092,25.425833,49.05526,35.90477,209688,2,5,4,377.9448,37.490723,-166.99097,30.867016,55.585114,0.051057532,0.27671787,0.13361837,15514091,6,331,0.018665874,785
6000101000154,59000600000376,6000101000181,6000101000000,59,0.08928783,6000101000155,-1,6000101000153,6000101000004,6000101000150,26,0.0,0.0,0.0,26091,25.341665,49.046253,35.94206,209681,2,5,4,387.1837,21.110107,-175.9222,29.07678,55.36002,0.123212874,0.19000559,0.15074363,15519245,6,376,0.020221218,600
6000101000155,58000600000398,6000101000181,6000101000000,58,0.11588337,6000101000156,-1,6000101000154,6000101000005,6000101000370,32,0.0,0.0,0.0,26091,25.228165,49.034134,35.979675,209681,2,5,4,387.9246,7.9060693,-183.70364,26.151478,55.02141,0.049140513,0.2802096,0.12705056,15514091,6,398,0.022190476,709
6000101000156,57000600000394,6000101000181,6000101000000,57,0.14438343,6000101000157,-1,6000101000155,6000101000006,-1,36,0.0,0.0,0.0,26091,25.118471,49.03873,36.03662,209681,2,5,4,390.82043,-5.2742968,-189.55951,25.989922,56.70572,-0.015619236,0.08857169,0.114531174,15514091,6,394,0.022713477,729
6000101000157,56000600000400,6000101000181,6000101000000,56,0.17489761,6000101000158,-1,6000101000156,6000101000007,-1,33,0.0,0.0,0.0,26091,25.011696,49.04111,36.082767,209681,2,5,4,390.83075,-14.5552845,-199.39984,29.601166,64.13066,0.030278906,0.20634028,0.12540261,15514091,6,400,0.0154081145,954
6000101000158,55000600000354,6000101000181,6000101000000,55,0.20754863,6000101000159,-1,6000101000157,6000101000008,6000101000190,38,0.0,0.0,0.0,26091,24.898916,49.05012,36.146885,209685,2,5,4,385.475,-25.703274,-204.158,28.12423,61.780052,0.028393162,0.03225742,0.08741088,15514091,6,354,0.020059982,685
6000101000159,54000600001149,6000101000181,6000101000000,54,0.24246909,6000101000160,-1,6000101000158,6000101000159,-1,43,6.885254,4.6475463,6.36886,26091,24.77248,49.056858,36.211796,209685,2,5,4,388.36533,-35.319412,-210.15936,27.817242,65.351974,0.13560033,-0.04561589,0.23273744,15514091,6,1149,0.03377407,499
6000101000160,53000600000342,6000101000181,6000101000000,53,0.2798018,6000101000161,-1,6000101000159,6000101000010,6000101000192,42,0.0,0.0,0.0,26091,24.651487,49.06714,36.277897,209685,2,5,4,383.79233,-49.966312,-216.8367,26.230928,53.046436,0.120758794,-0.026131263,0.1652647,15514469,6,342,0.03172972,874
6000101000161,52000600000315,6000101000181,6000101000000,52,0.31970343,6000101000162,-1,6000101000160,6000101000011,6000101000193,36,0.0,0.0,0.0,26091,24.537758,49.07393,36.366783,209685,2,5,4,381.48093,-65.17397,-225.78029,27.650316,51.50858,0.1037539,0.14483632,0.08329223,15514141,6,315,0.02975159,418
6000101000162,51000600000305,6000101000181,6000101000000,51,0.36234027,6000101000163,-1,6000101000161,6000101000012,6000101000194,37,0.0,0.0,0.0,26091,24.388992,49.105267,36.45483,209684,2,5,4,376.87402,-79.75527,-227.58122,31.853098,57.35549,0.15874897,-0.05025188,0.0031770605,15519245,6,305,0.021982392,956
6000101000163,50000600000298,6000101000181,6000101000000,50,0.40789944,6000101000164,-1,6000101000162,6000101000013,6000101000115,34,0.0,0.0,0.0,26091,24.242752,49.15058,36.54871,209684,2,5,4,378.778,-90.80574,-218.26758,42.24034,69.88455,0.22443871,0.033020217,-0.017068578,15519325,6,298,0.017134668,722
6000101000164,48000600000345,6000101000181,6000101000000,48,0.5085914,6000101000165,-1,6000101000163,6000101000015,6000101000127,52,0.0,0.0,0.0,26091,23.917915,49.219685,36.739418,209684,2,5,4,417.08893,-77.90488,-298.52618,33.941364,61.0387,0.5176943,0.2705959,-0.07320712,15514168,6,345,0.028149974,31
6000101000165,47000600000349,6000101000181,6000101000000,47,0.5641766,6000101000166,-1,6000101000164,6000101000016,6000101000198,38,0.0,0.0,0.0,26091,23.737095,49.236755,36.8431,209684,2,5,4,381.28168,-84.955925,-318.86694,33.0201,61.828693,0.30371526,0.087086916,0.034158014,15519303,6,349,0.02401704,791
6000101000166,46000600001356,6000101000181,6000101000000,46,0.6235901,6000101000167,-1,6000101000165,6000101000166,-1,72,5.9385314,4.3893495,5.508203,26091,23.586796,49.275627,37.010616,209684,2,5,4,338.93872,-98.47265,-334.5777,36.67421,68.57524,0.5129564,0.1029418,-0.36493343,15514449,6,1356,0.03217963,600
6000101000167,45000600001529,6000101000181,6000101000000,45,0.6871088,6000101000168,-1,6000101000166,6000101000167,-1,66,5.680334,4.5614805,5.508203,26090,23.441723,49.325314,37.178726,209712,2,5,4,309.9954,-109.502144,-339.2882,40.425797,72.80869,0.5115703,0.25194696,-0.06391651,15514141,6,1529,0.025064262,211
6000101000168,44000600001479,6000101000181,6000101000000,44,0.75503564,6000101000169,-1,6000101000167,6000101000168,-1,60,5.9385314,5.508203,5.9385314,25879,23.293182,49.370464,37.3323,209273,2,5,4,276.07108,-113.37447,-345.19095,40.60245,73.1334,0.6259404,-0.073161766,-0.008359878,15514141,6,1479,0.021453593,74
6000101000169,43000600001002,6000101000181,6000101000000,43,0.8276991,6000101000170,-1,6000101000168,6000101000169,-1,81,8.176239,5.594269,8.004107,25879,23.17509,49.41929,37.503654,209273,2,5,4,247.87871,-116.37208,-326.25168,41.356285,68.740974,0.7276576,-0.13015223,-0.0745043,15514168,6,1002,0.03211607,346
6000101000170,42000600001041,6000101000181,6000101000000,42,0.9054624,6000101000171,-1,6000101000169,6000101000170,-1,80,9.295093,6.024597,8.348371,25879,23.058765,49.51401,37.691246,209273,2,5,4,224.0344,-115.07739,-319.7466,41.642044,68.39348,0.6596573,-0.13328926,-0.06946196,15519302,6,1041,0.035674833,838
6000101000171,41000600000886,6000101000181,6000101000000,41,0.98870814,6000101000172,-1,6000101000170,6000101000088,-1,81,0.0,0.0,0.0,25879,22.92367,49.541412,37.848186,209273,2,5,4,194.22392,-116.51307,-304.46448,43.345005,73.66903,0.36743113,0.029013015,-0.022773448,15519294,6,886,0.030102689,747
6000101000172,40000600001349,6000101000181,6000101000000,40,1.0778745,6000101000173,-1,6000101000171,6000101000172,-1,70,7.4877133,5.9385314,7.2295165,25879,22.821547,49.620937,37.98574,209273,2,5,4,188.69232,-100.47277,-287.34738,47.308838,76.09082,0.63600963,0.14471899,-0.02314366,15514168,6,1349,0.023925094,606
6000101000173,39000600001506,6000101000181,6000101000000,39,1.173417,6000101000174,-1,6000101000172,6000101000173,-1,63,5.680334,4.991809,5.680334,25879,22.734266,49.678032,38.161602,209277,2,5,4,183.22534,-98.53135,-277.78583,48.80147,77.97149,0.59367836,0.1759048,-0.18103999,15514169,6,1506,0.022233397,434
6000101000174,38000600001560,6000101000181,6000101000000,38,1.2758462,6000101000175,-1,6000101000173,6000101000174,-1,64,4.991809,3.8729553,4.991809,25879,22.623672,49.74564,38.2894,209277,2,5,4,173.67165,-91.52914,-266.90317,42.640366,68.23657,0.56850356,0.04375698,-0.1519478,15519534,6,1560,0.026995046,242
6000101000175,37000600001686,6000101000181,6000101000000,37,1.3857181,6000101000176,-1,6000101000174,6000101000175,-1,55,2.6680357,2.4959044,2.6680357,25879,22.561464,49.837177,38.43086,209279,2,5,4,169.4627,-94.57739,-251.24321,39.049526,59.842266,0.62972593,0.0061237444,-0.19294704,15519534,6,1686,0.03061867,315
6000101000176,36000600002840,6000101000178,6000101000000,36,1.5036365,6000101000177,6000101000179,6000101000175,6000101000176,-1,28,1.8934448,1.8073791,1.8934448,25879,22.452412,49.920826,38.56618,209278,2,5,4,164.04819,-113.736404,-212.81334,32.416466,56.078175,-0.12016439,0.22908314,-0.079241626,15514148,6,2840,0.018300151,10
6000101000177,35000600003064,6000101000178,6000101000000,35,1.6302707,6000101000178,-1,6000101000176,6000101000177,-1,28,1.549182,1.549182,1.7213135,25879,22.342802,49.970486,38.702217,209278,2,5,4,157.71753,-105.75351,-207.63075,31.020061,56.372803,-0.1520535,0.28150874,-0.05332828,15514168,6,3064,0.01808415,445
6000101000178,34000600003133,6000101000178,6000101000000,34,1.766336,-1,-1,6000101000177,6000101000178,-1,28,1.4631164,1.3770508,1.6352477,25879,22.247286,50.01897,38.82146,209278,2,5,4,154.91476,-100.35674,-204.43784,30.31464,56.236977,-0.17048007,0.28292495,-0.0571992,15514168,6,3133,0.019442828,433
6000101000179,36000600003685,6000101000181,6000101000000,36,1.5036365,6000101000180,-1,6000101000175,6000101000179,-1,21,0.516394,0.516394,0.516394,25879,22.399807,49.76022,38.581707,209276,2,5,4,157.87363,-49.831554,-275.59018,28.089647,41.779896,0.117844686,-0.033109665,0.07836758,15519297,6,3685,0.026915524,361
6000101000180,35000600003561,6000101000181,6000101000000,35,1.6302707,6000101000181,-1,6000101000179,6000101000180,-1,24,0.0,0.0,0.0,25879,22.371424,49.764217,38.714405,209276,2,5,4,154.86594,-51.348278,-267.56766,31.31908,46.44761,0.024171704,-0.09027284,0.14477664,15519303,6,3561,0.02482703,482
6000101000181,34000600003929,6000101000181,6000101000000,34,1.766336,-1,-1,6000101000180,6000101000181,-1,21,0.0,0.0,0.0,25879,22.23812,49.85606,38.87788,209278,2,5,4,149.39566,-54.010033,-262.35144,29.019424,40.89601,0.07055425,-0.04583611,0.058491297,15519297,6,3929,0.025381627,569
