haloID,subHaloID,lastProgenitorId,treeId,snapNum,redshift,firstProgenitorId,nextProgenitorId,descendantId,firstHaloInFOFgroupId,nextHaloInFOFgroupId,np,m_Mean200,m_Crit200,m_TopHat,phKey,x,y,z,zIndex,ix,iy,iz,velX,velY,velZ,velDisp,vMax,spinX,spinY,spinZ,mostBoundID,fileNr,subhaloIndex,halfmassRadius,random
3000099000046,63000300000831,3000099000326,3000099000000,63,0.0,3000099000047,-1,-1,3000099000046,3000099000327,4433,474.0497,300.79953,422.2382,19035,35.198795,5.019802,62.405426,182758,3,0,6,205.14705,136.82877,80.577225,141.42227,237.41856,0.055859942,0.92468566,-3.1498637,18712070,3,831,0.15007465,798
3000099000047,62000300000826,3000099000326,3000099000000,62,0.019932542,3000099000048,-1,3000099000046,3000099000047,3000099000328,4341,459.5046,273.86096,381.95944,19012,35.15243,4.984237,62.385536,182703,3,0,6,206.50932,138.54863,82.15917,140.83054,237.37355,0.028896922,0.78452104,-3.2451332,18714647,3,826,0.14929885,962
3000099000048,61000300000857,3000099000208,3000099000000,61,0.041403063,3000099000049,3000099000209,3000099000047,3000099000048,3000099000329,4240,428.52097,277.21753,361.5619,19012,35.10496,4.9559107,62.36382,182703,3,0,6,204.67921,136.0592,84.67939,142.22946,238.84865,0.82174426,0.5449531,-2.8273757,18714358,3,857,0.14600883,764
3000099000049,60000300000841,3000099000208,3000099000000,60,0.064493395,3000099000050,-1,3000099000048,3000099000049,3000099000330,4140,394.0947,285.5659,333.4184,19012,35.04898,4.9093256,62.348465,182703,3,0,6,203.58661,137.56116,83.32728,142.85872,242.70445,0.80781484,0.38084424,-2.3855603,968562,3,841,0.13964322,938
3000099000050,59000300000851,3000099000208,3000099000000,59,0.08928783,3000099000051,-1,3000099000049,3000099000050,3000099000331,3865,355.45123,290.21344,327.56595,19012,34.99511,4.85202,62.32788,182701,3,0,6,204.06236,143.14417,82.29772,146.4968,237.9358,1.0193632,0.2999074,-1.9046999,18714358,3,851,0.12962036,503
3000099000051,58000300000827,3000099000208,3000099000000,58,0.11588337,3000099000052,-1,3000099000050,3000099000051,3000099000332,3842,341.2504,290.21344,324.12332,19012,34.94987,4.8267803,62.296364,182701,3,0,6,201.98363,144.62106,76.65397,151.09238,246.08002,1.000983,0.32713267,-1.5869126,18714334,3,827,0.120848514,407
3000099000052,57000300000792,3000099000197,3000099000000,57,0.14438343,3000099000053,3000099000198,3000099000051,3000099000052,3000099000333,3643,332.64383,282.89786,315.3446,19012,34.906467,4.807705,62.274536,182701,3,0,6,200.3652,139.24034,76.90508,146.2304,244.79956,0.765052,0.05088752,-1.9262334,18714647,3,792,0.1167685,937
3000099000053,56000300000820,3000099000197,3000099000000,56,0.17489761,3000099000054,-1,3000099000052,3000099000053,3000099000334,3471,320.33643,270.5044,301.74625,19012,34.854546,4.772637,62.25213,182701,3,0,6,202.93135,142.11237,71.674446,154.61269,249.63824,1.3221198,-0.012147108,-2.2226698,18714349,3,820,0.104954034,91
3000099000054,55000300000859,3000099000197,3000099000000,55,0.20754863,3000099000055,-1,3000099000053,3000099000054,3000099000558,3102,305.01672,250.62323,281.86508,19012,34.791386,4.713283,62.230873,182701,3,0,6,200.44925,148.4678,69.23533,172.03769,271.02225,1.3949003,-0.53889054,-0.97805315,18717113,3,859,0.07871173,32
3000099000055,54000300000813,3000099000197,3000099000000,54,0.24246909,3000099000056,-1,3000099000054,3000099000055,3000099000463,2994,287.63147,236.33633,268.0085,19012,34.709232,4.6216583,62.21149,182701,3,0,6,199.89671,150.53072,66.815094,153.15836,246.65727,2.0223417,-0.5134507,-1.4034935,18716690,3,813,0.09138003,732
3000099000056,53000400000310,3000099000172,3000099000000,53,0.2798018,3000099000057,3000099000173,3000099000055,3000099000056,3000099000464,2555,272.0536,204.66417,247.86914,19012,34.632687,4.528513,62.209995,182701,3,0,6,211.82928,168.99913,54.31977,128.25601,205.28836,1.4511845,-0.314183,-1.212204,18714647,4,310,0.11821798,835
3000099000057,52000400000319,3000099000172,3000099000000,52,0.31970343,3000099000058,-1,3000099000056,3000099000057,3000099000216,2327,238.40192,127.549324,191.49612,19012,34.546185,4.438866,62.20304,182701,3,0,6,213.33276,169.42279,45.963757,117.491684,202.70901,1.2310667,-0.29894558,-1.4086016,968552,4,319,0.124197826,567
3000099000058,51000400000320,3000099000172,3000099000000,51,0.36234027,3000099000059,-1,3000099000057,3000099000058,3000099000217,1906,155.86493,112.91816,137.36081,19012,34.4695,4.3504076,62.193645,182701,3,0,6,215.383,178.9522,33.97195,111.19533,200.33618,0.12092235,-0.5433399,-0.29331365,968576,4,320,0.10092394,988
3000099000059,50000400000311,3000099000172,3000099000000,50,0.40789944,3000099000060,-1,3000099000058,3000099000059,3000099000218,1719,142.43869,107.40996,128.40999,19012,34.38049,4.2738714,62.189304,182701,3,0,6,219.6287,176.7663,32.11663,111.06965,201.84694,-0.1075575,-0.40132642,-0.9262187,18714647,4,311,0.08880533,451
3000099000060,49000300000840,3000099000172,3000099000000,49,0.45657724,3000099000061,-1,3000099000059,3000099000060,3000099000219,1566,133.83212,110.25012,126.17227,19012,34.299007,4.2190127,62.16174,182701,3,0,6,222.52756,175.2668,28.522917,109.5966,194.65181,-1.2928274,-0.013400014,-0.7120926,18714358,3,840,0.07834027,538
3000099000061,48000300000981,3000099000156,3000099000000,48,0.5085914,3000099000062,3000099000157,3000099000060,3000099000061,3000099000157,1412,128.06572,107.84029,122.643585,19012,34.203037,4.147677,62.141434,182701,3,0,6,224.56697,172.46117,29.803225,110.99464,195.24672,-1.3846436,0.051097568,-0.43274269,18714390,3,981,0.07283068,256
3000099000062,47000300000829,3000099000156,3000099000000,47,0.5641766,3000099000063,-1,3000099000061,3000099000062,3000099000221,1463,121.3526,103.27881,116.70505,19012,34.107044,4.082153,62.1258,182700,3,0,6,224.59146,164.30777,30.142319,112.72476,201.93623,-1.8663383,-0.057661764,-0.2008132,18717113,3,829,0.067945324,334
3000099000063,46000300000763,3000099000156,3000099000000,46,0.6235901,3000099000064,-1,3000099000062,3000099000063,3000099000222,1481,118.51243,100.95503,113.52062,19012,34.003567,4.012253,62.094585,182700,3,0,6,224.31381,153.54579,29.866154,114.30894,204.49178,-1.8222258,0.32450083,-0.56481713,18714044,3,763,0.067925684,844
3000099000064,45000400000314,3000099000156,3000099000000,45,0.6871088,3000099000065,-1,3000099000063,3000099000064,3000099000223,1328,113.60669,97.68454,109.99193,19012,33.90275,3.9335263,62.086357,182700,3,0,6,226.35507,151.12383,27.78643,112.318985,199.14424,-1.5125238,0.35174254,0.0028637755,18717113,4,314,0.064098254,122
3000099000065,44000400000401,3000099000137,3000099000000,44,0.75503564,3000099000066,3000099000138,3000099000064,3000099000065,3000099000138,1220,107.92635,88.90584,104.65585,19023,33.799362,3.8642426,62.071583,182590,3,0,6,223.30484,144.2536,25.342054,110.74051,193.11769,-1.7113279,-0.14560331,-0.2262057,18714048,4,401,0.062085826,997
3000099000066,43000400000395,3000099000137,3000099000000,43,0.8276991,3000099000067,-1,3000099000065,3000099000066,3000099000139,1213,96.30749,82.364845,94.06978,19023,33.679176,3.8009863,62.051994,182590,3,0,6,224.2984,142.72948,23.036444,105.476425,191.41829,-1.7732393,0.15279633,-0.15631755,18714294,4,395,0.061772853,427
3000099000067,42000400000402,3000099000137,3000099000000,42,0.9054624,3000099000068,-1,3000099000066,3000099000067,-1,1109,90.36896,81.15993,88.13125,19023,33.568302,3.7134132,62.039627,182590,3,0,6,227.24142,140.56949,21.671919,108.43773,189.42197,-1.4541134,-0.1439572,-0.013693386,18714340,4,402,0.058234952,387
3000099000068,41000400000379,3000099000137,3000099000000,41,0.98870814,3000099000069,-1,3000099000067,3000099000068,3000099000141,1079,84.86075,76.51238,83.2255,19023,33.445427,3.6430972,62.023216,182590,3,0,6,226.37453,141.64842,21.147705,113.50886,201.6298,-1.3018475,0.016082222,-0.13614637,18714340,4,379,0.051048625,12
3000099000069,40000400000368,3000099000137,3000099000000,40,1.0778745,3000099000070,-1,3000099000068,3000099000069,-1,1051,83.39764,77.545166,82.53698,19023,33.317066,3.5813107,61.999702,182590,3,0,6,226.25987,137.93892,20.266731,114.9494,200.9994,-0.94425327,-0.035314765,-0.3335383,18714036,4,368,0.048375715,592
3000099000070,39000400000346,3000099000137,3000099000000,39,1.173417,3000099000071,-1,3000099000069,3000099000070,-1,1036,87.01239,81.15993,86.32387,19016,33.184578,3.503621,61.990936,182583,3,0,6,227.41522,133.21147,19.50946,117.024445,197.8608,-0.81343174,0.021769281,-0.112653784,18714036,4,346,0.049571633,138
3000099000071,38000400000353,3000099000134,3000099000000,38,1.2758462,3000099000072,3000099000135,3000099000070,3000099000071,3000099000135,955,84.25829,78.92222,84.25829,19016,33.06691,3.4312677,61.982323,182583,3,0,6,224.86713,130.11517,18.77185,129.34697,208.84094,-0.8628421,0.010245168,-0.017576722,18714340,4,353,0.04196702,620
3000099000072,37000400000327,3000099000134,3000099000000,37,1.3857181,3000099000073,-1,3000099000071,3000099000072,3000099000136,950,80.64353,76.426315,81.07386,19016,32.944374,3.399111,61.95458,182583,3,0,6,226.68051,124.52935,15.356284,125.31431,201.1666,-0.59661037,0.08972573,-0.18578485,18714370,4,327,0.044441666,874
3000099000073,36000400000297,3000099000128,3000099000000,36,1.5036365,3000099000074,3000099000129,3000099000072,3000099000073,3000099000129,950,73.93041,67.131226,74.79107,19016,32.827293,3.3203726,61.94383,182583,3,0,6,228.72044,116.29344,24.74246,117.64286,197.08473,-0.66745114,0.054858744,-0.26280716,18714370,4,297,0.04571169,584
3000099000074,35000400000288,3000099000128,3000099000000,35,1.6302707,3000099000075,-1,3000099000073,3000099000074,3000099000137,851,70.65992,64.80745,71.606636,19016,32.70198,3.264102,61.925816,182583,3,0,6,217.9406,106.954185,22.115555,122.96877,197.54158,-0.4536742,-0.038482476,-0.059337232,18714336,4,288,0.040838387,238
3000099000075,34000400000280,3000099000128,3000099000000,34,1.766336,3000099000076,-1,3000099000074,3000099000075,-1,811,70.05746,67.81975,71.52058,19016,32.581867,3.2437043,61.91858,182583,3,0,6,219.40779,109.33184,20.981707,123.82827,203.54655,-0.71245074,0.026686674,-0.26944065,18714341,4,280,0.03776252,584
3000099000076,33000400000249,3000099000128,3000099000000,33,1.9126327,3000099000077,-1,3000099000075,3000099000076,-1,864,74.01648,70.91811,75.04926,19016,32.4655,3.2068505,61.933517,182583,3,0,6,221.24484,96.552765,16.986586,125.15637,202.53867,-0.5213823,-0.0635302,-0.1536965,18714036,4,249,0.04138109,378
3000099000077,32000400000215,3000099000123,3000099000000,32,2.0700274,3000099000078,3000099000124,3000099000076,3000099000077,3000099000124,793,69.713196,67.73368,70.74598,19016,32.319275,3.166146,61.941723,182583,3,0,6,222.08078,83.62984,3.969538,134.71315,210.01733,-0.13202375,-0.45091274,0.11206642,18714336,4,215,0.035998095,383
3000099000078,31000400000216,3000099000111,3000099000000,31,2.2394855,3000099000079,3000099000112,3000099000077,3000099000078,3000099000112,659,62.569744,61.27876,63.172203,19016,32.208008,3.1109674,61.880962,182582,3,0,6,220.90765,81.22609,-2.4180012,139.03629,205.01729,-0.250831,-0.46871096,-0.010409603,18714044,4,216,0.033151846,953
3000099000079,30000400000215,3000099000094,3000099000000,30,2.422044,3000099000080,3000099000095,3000099000078,3000099000079,3000099000104,550,49.659893,48.971367,50.52055,19016,32.099476,3.1085129,61.90064,182582,3,0,6,214.0023,62.848587,2.110158,135.68332,207.26082,-0.08459019,-0.3035745,0.0370672,18714057,4,215,0.024729356,687
3000099000080,29000400000218,3000099000094,3000099000000,29,2.6188614,3000099000081,-1,3000099000079,3000099000080,3000099000096,383,33.049217,32.532825,34.340202,19016,32.00189,3.1393356,61.92685,182582,3,0,6,213.95844,40.50467,-8.965106,106.952866,159.70767,-0.07812164,-0.022011524,0.2926985,18714050,4,218,0.02866033,304
3000099000081,28000400000248,3000099000094,3000099000000,28,2.8311827,3000099000082,-1,3000099000080,3000099000081,3000099000114,234,15.663952,15.405755,16.180346,19016,31.884298,3.1577628,61.93789,182582,3,0,6,195.83368,15.129991,-24.171017,91.44901,142.5206,-0.24485472,0.22016919,0.10883055,18714390,4,248,0.022518342,379
3000099000082,27000400000729,3000099000089,3000099000000,27,3.060419,3000099000083,3000099000090,3000099000081,3000099000082,-1,102,9.295093,9.209027,9.295093,19016,31.804367,3.1853445,61.930637,182582,3,0,6,153.14893,13.109052,-14.606775,79.330536,123.23162,0.120452076,-0.041314635,0.1750137,18714101,4,729,0.014088753,383
3000099000083,26000400000673,3000099000089,3000099000000,26,3.3080978,3000099000084,-1,3000099000082,3000099000083,-1,98,8.348371,8.176239,8.606567,19016,31.72118,3.1531053,61.931915,182582,3,0,6,148.5231,23.289522,-9.720759,71.53685,117.025085,0.05718564,-0.0073079215,0.121956274,18714328,4,673,0.015983036,599
3000099000084,25000400000660,3000099000089,3000099000000,25,3.575905,3000099000085,-1,3000099000083,3000099000084,-1,89,6.282794,6.1106625,6.4549255,19016,31.664017,3.1506248,61.941204,182582,3,0,6,152.24223,25.542294,-10.610843,68.25611,108.63808,0.03786777,-0.0034895698,0.10502372,18714328,4,660,0.015828986,95
3000099000085,24000400000775,3000099000089,3000099000000,24,3.8656828,3000099000086,-1,3000099000084,3000099000085,-1,67,5.2500057,5.2500057,5.4221373,19016,31.575432,3.1223521,61.95339,182582,3,0,6,141.10774,33.709934,-6.195947,76.64718,126.8635,0.010519119,-0.05201178,0.086322024,18714101,4,775,0.00807865,401
3000099000086,23000400000741,3000099000089,3000099000000,23,4.1794686,3000099000087,-1,3000099000085,3000099000086,-1,59,4.6475463,4.6475463,4.733612,19016,31.476377,3.0842113,61.941715,182582,3,0,6,137.6651,36.289738,-8.006398,67.87511,109.995834,0.027197402,-0.029973378,0.0901536,18714328,4,741,0.011263911,93
3000099000087,22000400001075,3000099000089,3000099000000,22,4.5195556,3000099000088,-1,3000099000086,3000099000087,-1,38,2.7541015,2.7541015,2.840167,19016,31.390171,3.0553038,61.923344,182582,3,0,6,156.22473,52.03541,-3.3767927,58.16988,96.392685,-0.029045403,-0.050712958,0.041336965,18714390,4,1075,0.008463505,693
3000099000088,21000400001354,3000099000089,3000099000000,21,4.888449,3000099000089,-1,3000099000087,3000099000088,-1,27,1.8934448,1.8934448,1.8934448,19016,31.317547,3.0248845,61.963833,182582,3,0,6,158.2325,36.249607,-8.576271,51.988552,84.78662,-0.022792963,0.060785707,0.05530947,18714334,4,1354,0.007939449,895
3000099000089,20000400001077,3000099000089,3000099000000,20,5.2888336,-1,-1,3000099000088,3000099000089,-1,27,0.86065674,0.86065674,0.86065674,31153,31.147032,3.006662,61.920834,154495,3,0,6,154.09724,34.152264,-5.23729,42.810143,72.4548,9.1237354E-4,0.0365623,0.030009292,18714359,4,1077,0.013385061,242
3000099000090,27000400002108,3000099000094,3000099000000,27,3.060419,3000099000091,-1,3000099000081,3000099000090,-1,36,1.2909851,1.2909851,1.4631164,19016,31.67604,3.1565394,62.17273,182582,3,0,6,251.74,-2.7720447,-102.09664,39.54057,67.34301,-0.19213071,0.12734184,0.0552457,968554,4,2108,0.017594527,796
3000099000091,26000400001913,3000099000094,3000099000000,26,3.3080978,3000099000092,-1,3000099000090,3000099000091,-1,36,1.1188537,1.1188537,1.1188537,19016,31.543873,3.1488872,62.220055,182582,3,0,6,231.80132,1.4529682,-81.437294,40.239166,66.07978,-0.09485642,-0.113126345,-0.023130499,968562,4,1913,0.016962128,641
3000099000092,25000400002016,3000099000094,3000099000000,25,3.575905,3000099000093,-1,3000099000091,3000099000092,-1,31,1.4631164,1.032788,1.4631164,19016,31.447721,3.1749322,62.245,182582,3,0,6,222.8588,0.5921854,-69.37225,39.294273,70.12927,-0.12492569,-0.1976065,-0.0632904,968287,4,2016,0.013441424,558
3000099000093,24000400002547,3000099000094,3000099000000,24,3.8656828,3000099000094,-1,3000099000092,3000099000093,-1,22,1.6352477,1.6352477,1.6352477,19016,31.315466,3.1453905,62.308567,182582,3,0,6,205.61171,12.439586,-69.583916,43.893875,76.6047,-0.035101146,-0.027584076,-0.05286001,968554,4,2547,0.0089891935,27
3000099000094,23000400001997,3000099000094,3000099000000,23,4.1794686,-1,-1,3000099000093,3000099000094,-1,25,1.549182,1.549182,1.549182,31153,31.2044,3.1349587,62.341686,154495,3,0,6,202.73155,14.900853,-61.888634,41.864136,76.898315,-0.052302837,0.039368466,-0.018508753,968287,4,1997,0.008480175,491
3000099000095,30000400000217,3000099000103,3000099000000,30,2.422044,3000099000096,3000099000104,3000099000078,3000099000079,-1,20,0.0,0.0,0.0,19016,32.109703,3.052982,62.005672,182582,3,0,6,64.6901,207.7677,-103.1594,48.797092,87.90728,0.088444375,0.20795754,-0.11358763,18714218,4,217,0.005738281,882
3000099000096,29000400000219,3000099000103,3000099000000,29,2.6188614,3000099000097,-1,3000099000095,3000099000080,3000099000113,63,0.0,0.0,0.0,19016,32.0683,2.972286,62.05292,182582,3,0,6,81.035835,150.52306,-28.171412,58.50861,93.466934,0.072825,0.2261555,-0.20599452,18717261,4,219,0.014586205,818
3000099000097,28000400001179,3000099000103,3000099000000,28,2.8311827,3000099000098,-1,3000099000096,3000099000097,-1,67,5.1639404,5.1639404,5.2500057,19016,32.003216,2.8987234,62.05628,182580,3,0,6,91.045265,120.90622,-2.2425013,56.24362,91.498314,0.06639076,0.1796928,-0.26956093,18714219,4,1179,0.015900088,830
3000099000098,27000400001214,3000099000103,3000099000000,27,3.060419,3000099000099,-1,3000099000097,3000099000098,-1,63,3.7868896,3.7008238,3.9590209,19016,31.93862,2.8151772,62.042625,182580,3,0,6,97.9568,112.09668,4.8167987,52.418514,89.309265,0.044195324,0.2619943,-0.29428956,18714141,4,1214,0.015321511,256
3000099000099,26000400001001,3000099000103,3000099000000,26,3.3080978,3000099000100,-1,3000099000098,3000099000099,-1,66,2.5819702,2.5819702,2.6680357,19016,31.85502,2.7611682,62.01373,182580,3,0,6,97.75073,94.46811,10.036207,51.115654,81.60883,-0.0026849979,0.41025472,-0.30029657,18717189,4,1001,0.021208959,115
3000099000100,25000400001563,3000099000103,3000099000000,25,3.575905,3000099000101,-1,3000099000099,3000099000100,-1,38,1.1188537,1.1188537,1.1188537,19016,31.789467,2.6852498,61.967365,182580,3,0,6,87.55613,90.49964,39.28912,47.672867,68.5034,-0.018840553,0.31709522,-0.34607163,18714116,4,1563,0.016888704,718
3000099000101,24000400002130,3000099000103,3000099000000,24,3.8656828,3000099000102,-1,3000099000100,3000099000101,-1,25,1.1188537,1.032788,1.1188537,19016,31.82114,2.6896126,62.040375,182580,3,0,6,126.43242,61.894314,-17.08068,40.781616,66.75884,-0.028718397,-0.074317664,-0.07227133,18714116,4,2130,0.012927104,507
3000099000102,23000400002267,3000099000103,3000099000000,23,4.1794686,3000099000103,-1,3000099000101,3000099000102,-1,22,1.9795104,1.9795104,1.9795104,19016,31.740923,2.6490097,62.075485,182580,3,0,6,132.35793,57.48493,-15.964836,44.217854,80.93507,-0.019927748,0.0118741505,-0.08140262,18714116,4,2267,0.0086688055,964
3000099000103,22000400002029,3000099000103,3000099000000,22,4.5195556,-1,-1,3000099000102,3000099000103,-1,22,0.9467224,0.9467224,1.2049193,19016,31.689379,2.6482575,62.083946,182580,3,0,6,126.83884,55.26576,-13.980593,45.895805,71.34727,-0.020148994,0.0150467,-0.08797781,18714116,4,2029,0.01076007,12
3000099000104,30000400000216,3000099000111,3000099000000,30,2.422044,3000099000105,-1,3000099000078,3000099000079,3000099000095,30,0.0,0.0,0.0,19016,31.934652,2.9012814,61.84376,182580,3,0,6,353.4473,191.02144,68.9016,43.46934,80.42323,0.011181642,0.022822747,0.0328069,18716669,4,216,0.010048829,512
3000099000105,29000400001705,3000099000111,3000099000000,29,2.6188614,3000099000106,-1,3000099000104,3000099000105,-1,38,3.18443,3.0122986,3.5286925,19016,31.755377,2.8107383,61.79969,182580,3,0,6,325.89188,168.31108,72.78603,38.599815,74.59784,0.022074021,-0.028665889,0.23414604,18716677,4,1705,0.0134318555,395
3000099000106,28000400002063,3000099000111,3000099000000,28,2.8311827,3000099000107,-1,3000099000105,3000099000106,-1,34,3.2704954,3.0122986,3.2704954,19016,31.571625,2.729123,61.765114,182580,3,0,6,292.09607,153.03236,66.04925,43.50072,82.24184,-0.04895689,-0.03110046,0.15223652,18716612,4,2063,0.010495936,668
3000099000107,27000400002157,3000099000111,3000099000000,27,3.060419,3000099000108,-1,3000099000106,3000099000107,-1,32,3.098364,3.098364,3.098364,19016,31.4265,2.6568077,61.73022,182580,3,0,6,268.77164,149.2507,59.94319,48.218884,84.4029,-0.014309742,0.010234358,0.13992764,18716650,4,2157,0.009142031,884
3000099000108,26000400001972,3000099000111,3000099000000,26,3.3080978,3000099000109,-1,3000099000107,3000099000108,-1,36,2.9262328,2.840167,2.9262328,19016,31.25454,2.5558383,61.684425,182580,3,0,6,247.7732,139.3632,52.19009,54.32106,88.00527,-0.0035553065,0.043261737,0.17069617,18716612,4,1972,0.010970317,695
3000099000109,25000700001994,3000099000111,3000099000000,25,3.575905,3000099000110,-1,3000099000108,3000099000109,-1,30,2.3237731,2.3237731,2.3237731,31153,31.10722,2.4875317,61.649055,154493,3,0,6,239.02089,125.878654,57.250675,46.943768,83.12611,-0.113870755,-0.028816627,0.1456558,18716612,7,1994,0.010877728,590
3000099000110,24000700002345,3000099000111,3000099000000,24,3.8656828,3000099000111,-1,3000099000109,3000099000110,-1,24,1.1188537,1.1188537,1.2049193,31153,30.964062,2.413273,61.618538,154493,3,0,6,231.5645,113.624084,51.230507,39.931164,71.8227,-0.10553847,0.012700801,0.11337508,18716669,7,2345,0.010845048,271
3000099000111,23000700001794,3000099000111,3000099000000,23,4.1794686,-1,-1,3000099000110,3000099000111,-1,27,1.032788,0.9467224,1.1188537,31153,30.88907,2.3841813,61.615273,154493,3,0,6,219.87183,119.81293,45.806152,38.20344,68.33001,-0.14095475,0.0994045,0.017963123,18716675,7,1794,0.012185021,21
3000099000112,31000400000217,3000099000123,3000099000000,31,2.2394855,3000099000113,-1,3000099000077,3000099000078,-1,33,0.0,0.0,0.0,19016,32.233704,3.1885912,61.97117,182583,3,0,6,162.33334,-9.757074,4.632089,65.40678,93.241745,0.18937969,0.009482808,0.016514273,18717106,4,217,0.00765575,836
3000099000113,29000400000220,3000099000123,3000099000000,29,2.6188614,3000099000114,-1,3000099000112,3000099000080,-1,42,0.0,0.0,0.0,19016,31.955957,3.0484917,61.85702,182582,3,0,6,284.58636,162.0181,64.298035,73.49568,107.84143,-0.05066291,-0.035662062,0.20589717,18716689,4,220,0.0071022287,877
3000099000114,28000400000249,3000099000123,3000099000000,28,2.8311827,3000099000115,-1,3000099000113,3000099000081,-1,97,0.0,0.0,0.0,19016,31.791426,2.9489894,61.842377,182582,3,0,6,280.4704,129.42134,28.34195,70.07871,121.52886,0.18980373,-0.17229895,0.2440017,18716710,4,249,0.014704509,979
3000099000115,27000400000510,3000099000123,3000099000000,27,3.060419,3000099000116,-1,3000099000114,3000099000115,-1,144,9.553289,9.553289,9.639355,19016,31.632807,2.9134085,61.840874,182580,3,0,6,271.56818,93.78071,15.791793,76.09284,119.6742,0.22893183,0.0010203256,-0.33721498,18714736,4,510,0.020279048,731
3000099000116,26000400000614,3000099000122,3000099000000,26,3.3080978,3000099000117,3000099000123,3000099000115,3000099000116,-1,108,8.176239,8.004107,8.348371,19016,31.457838,2.8245673,61.81117,182580,3,0,6,243.46722,94.673676,14.83718,74.8339,125.23773,0.22720927,-0.24904609,0.2581968,18714291,4,614,0.013262893,310
3000099000117,25000400000659,3000099000122,3000099000000,25,3.575905,3000099000118,-1,3000099000116,3000099000117,-1,90,5.2500057,5.2500057,5.9385314,19016,31.35193,2.8027608,61.826077,182580,3,0,6,237.32793,86.81114,12.213262,66.3592,107.89407,0.10525576,-0.100773096,0.22170596,18714223,4,659,0.016156359,535
3000099000118,24000400000671,3000099000122,3000099000000,24,3.8656828,3000099000119,-1,3000099000117,3000099000118,-1,75,3.9590209,3.8729553,4.217218,19016,31.256437,2.7681193,61.808346,182580,3,0,6,225.97368,93.086655,5.456104,57.312748,101.67233,0.10259577,-0.110695004,0.14846265,18714291,4,671,0.014502397,564
3000099000119,23000400000539,3000099000122,3000099000000,23,4.1794686,3000099000120,-1,3000099000118,3000099000119,-1,81,3.6147583,3.6147583,3.6147583,31153,31.167557,2.7281444,61.789494,154493,3,0,6,215.28725,85.662025,6.556087,52.50004,98.62375,0.08758975,-0.09400116,0.11957729,18714291,4,539,0.01584417,667
3000099000120,22000700000921,3000099000121,3000099000000,22,4.5195556,3000099000121,3000099000122,3000099000119,3000099000120,-1,41,2.840167,2.840167,2.840167,31153,31.092125,2.6937454,61.792637,154493,3,0,6,175.32118,71.65793,6.9130926,55.975883,97.56685,-0.013185436,-0.017784,0.062981926,18717106,7,921,0.008860131,15
3000099000121,21000700000752,3000099000121,3000099000000,21,4.888449,-1,-1,3000099000120,3000099000121,-1,41,2.2377074,2.2377074,2.3237731,31153,31.018847,2.6582556,61.77736,154493,3,0,6,178.26779,72.28021,16.80011,55.859108,98.513054,0.03251871,-0.024858914,0.010047226,18717106,7,752,0.009716358,593
3000099000122,22000700001923,3000099000122,3000099000000,22,4.5195556,-1,-1,3000099000119,3000099000122,-1,21,1.032788,1.032788,1.1188537,31153,30.889936,2.5706275,61.808773,154493,3,0,6,240.77603,89.43326,-13.934526,43.391716,74.100784,0.033859868,0.06760256,0.009602503,18714731,7,1923,0.0091303205,102
3000099000123,26000400003340,3000099000123,3000099000000,26,3.3080978,-1,-1,3000099000115,3000099000123,-1,21,1.032788,1.032788,1.2049193,19016,31.4847,3.103694,61.887836,182582,3,0,6,321.66348,21.907257,0.9568553,35.334484,66.20538,-0.06645265,0.012601893,-0.10200937,18714671,4,3340,0.011152718,895
3000099000124,32000400000216,3000099000128,3000099000000,32,2.0700274,3000099000125,-1,3000099000076,3000099000077,-1,47,0.0,0.0,0.0,19016,32.318542,2.9816372,61.76423,182583,3,0,6,165.09012,174.83507,190.00493,51.460644,80.413445,0.50802565,0.2415739,0.072869785,18714232,4,216,0.016512046,431
3000099000125,31000400002753,3000099000128,3000099000000,31,2.2394855,3000099000126,-1,3000099000124,3000099000125,-1,35,2.840167,2.840167,2.9262328,19016,32.208336,2.9251416,61.65965,182580,3,0,6,159.15219,123.3642,171.2517,50.285942,88.819626,-0.010667085,0.039312713,0.008130091,18717609,4,2753,0.008854761,775
3000099000126,30000400002727,3000099000128,3000099000000,30,2.422044,3000099000127,-1,3000099000125,3000099000126,-1,33,2.9262328,2.9262328,2.9262328,19016,32.1293,2.860339,61.56427,182580,3,0,6,151.99304,110.238075,143.65031,44.55673,80.2929,0.06579901,0.014172909,0.095336296,18717609,4,2727,0.01110516,880
3000099000127,29000400002912,3000099000128,3000099000000,29,2.6188614,3000099000128,-1,3000099000126,3000099000127,-1,30,1.7213135,1.7213135,1.8934448,19016,32.05836,2.7586365,61.49799,182576,3,0,6,153.07686,105.004135,126.14281,43.202553,68.70982,0.025811013,0.017164646,0.034022704,18717631,4,2912,0.013204119,147
3000099000128,28000400003861,3000099000128,3000099000000,28,2.8311827,-1,-1,3000099000127,3000099000128,-1,20,1.549182,1.549182,1.6352477,19016,31.975973,2.6837268,61.40273,182576,3,0,6,150.14047,111.64411,113.28867,34.70216,70.275826,-0.018922253,0.020112582,0.037846062,18717610,4,3861,0.010155909,186
3000099000129,36000400000298,3000099000134,3000099000000,36,1.5036365,3000099000130,-1,3000099000072,3000099000073,-1,24,0.0,0.0,0.0,19016,32.89614,3.0964646,61.930206,182583,3,0,6,133.42685,314.13947,40.912502,38.37241,62.823727,0.08879847,0.0039240257,-0.11269376,18717367,4,298,0.013853076,230
3000099000130,35000400002483,3000099000134,3000099000000,35,1.6302707,3000099000131,-1,3000099000129,3000099000130,-1,41,3.18443,2.6680357,3.2704954,19016,32.821243,2.931729,61.889503,182583,3,0,6,139.11362,255.24078,36.297596,37.639263,66.52626,0.07596607,0.08097162,-0.11635251,18717002,4,2483,0.018876925,928
3000099000131,34000400002761,3000099000134,3000099000000,34,1.766336,3000099000132,-1,3000099000130,3000099000131,-1,37,2.5819702,1.9795104,2.840167,19016,32.74382,2.7658877,61.8869,182581,3,0,6,147.41425,230.98149,34.221355,39.124855,64.472015,0.057981465,0.044734012,-0.13511391,18717362,4,2761,0.018292315,590
3000099000132,33000400002463,3000099000134,3000099000000,33,1.9126327,3000099000133,-1,3000099000131,3000099000132,-1,41,2.4959044,2.3237731,2.4959044,19016,32.652374,2.698144,61.87336,182581,3,0,6,152.94833,209.39635,31.379105,37.00955,65.25975,0.07520507,0.078279376,-0.1365935,18717367,4,2463,0.022362972,376
3000099000133,32000400002488,3000099000134,3000099000000,32,2.0700274,3000099000134,-1,3000099000132,3000099000133,-1,37,1.7213135,1.7213135,1.9795104,19016,32.53045,2.5895767,61.833927,182581,3,0,6,156.37436,190.02914,30.34206,36.41877,64.38904,0.055929665,0.0487194,-0.06759958,18717420,4,2488,0.023233835,653
3000099000134,31000400002642,3000099000134,3000099000000,31,2.2394855,-1,-1,3000099000133,3000099000134,-1,34,0.86065674,0.86065674,1.032788,19016,32.48644,2.3863156,61.860546,182581,3,0,6,161.45119,180.98203,33.459076,33.717705,54.58271,0.004404242,-0.013077094,-0.0638014,18717420,4,2642,0.02850911,975
3000099000135,38000400000354,3000099000137,3000099000000,38,1.2758462,3000099000136,-1,3000099000070,3000099000071,-1,20,0.0,0.0,0.0,19016,33.202396,3.6504676,62.03575,182583,3,0,6,207.65051,42.607662,-5.081277,30.703384,55.31095,-0.064435616,0.05552479,0.027665509,18717631,4,354,0.013504173,775
3000099000136,37000400000328,3000099000137,3000099000000,37,1.3857181,3000099000137,-1,3000099000135,3000099000072,-1,20,0.0,0.0,0.0,19016,33.05592,3.6132855,62.020817,182583,3,0,6,236.63727,83.471695,-1.2264426,31.670326,63.032913,-0.06535772,0.10117376,-0.044776164,18717612,4,328,0.011149072,936
3000099000137,35000400000289,3000099000137,3000099000000,35,1.6302707,-1,-1,3000099000136,3000099000074,-1,20,0.0,0.0,0.0,19016,32.75603,3.446977,62.01802,182583,3,0,6,298.75528,211.52634,10.530404,46.01867,71.65065,-0.007956904,0.07550221,-0.030705862,18717200,4,289,0.008970126,144
3000099000138,44000400000402,3000099000156,3000099000000,44,0.75503564,3000099000139,-1,3000099000064,3000099000065,-1,55,0.0,0.0,0.0,19023,33.693096,3.6935058,62.179787,182590,3,0,6,299.79446,317.64355,76.69943,43.87226,76.00723,0.054920085,-0.058775153,-0.17093761,18717599,4,402,0.020433154,206
3000099000139,43000400000396,3000099000156,3000099000000,43,0.8276991,3000099000140,-1,3000099000138,3000099000066,-1,59,0.0,0.0,0.0,19023,33.54896,3.5619607,62.13173,182590,3,0,6,272.1381,283.96753,104.81371,44.038483,76.492424,0.21342511,-0.14505588,-0.1285181,18717602,4,396,0.020372244,747
3000099000140,42000400001552,3000099000156,3000099000000,42,0.9054624,3000099000141,-1,3000099000139,3000099000140,-1,70,7.659845,6.6270566,7.4877133,19023,33.405674,3.3993323,62.07385,182590,3,0,6,250.20148,252.64105,117.89038,43.532326,76.010796,0.27747408,-0.21503437,-0.11037899,18717621,4,1552,0.028870018,496
3000099000141,41000400000380,3000099000156,3000099000000,41,0.98870814,3000099000142,-1,3000099000140,3000099000068,-1,71,0.0,0.0,0.0,19023,33.287968,3.2802851,62.02184,182590,3,0,6,237.73936,224.17084,132.01016,46.48517,81.15266,0.2926636,-0.18126102,-0.1739504,18717567,4,380,0.02261682,958
3000099000142,40000400001624,3000099000156,3000099000000,40,1.0778745,3000099000143,-1,3000099000141,3000099000142,-1,75,5.680334,4.131152,5.680334,19016,33.174995,3.130207,61.962708,182583,3,0,6,224.02228,198.77295,147.62764,45.886086,71.04066,0.3428603,-0.18400154,-0.14932536,18717564,4,1624,0.03002656,249
3000099000143,39000400001527,3000099000156,3000099000000,39,1.173417,3000099000144,-1,3000099000142,3000099000143,-1,72,5.4221373,5.0778747,5.4221373,19016,33.06359,3.053559,61.892147,182583,3,0,6,213.48792,179.25352,152.60188,42.553753,76.04725,0.30375707,-0.18020383,-0.10799694,18717568,4,1527,0.02673405,190
3000099000144,38000400001792,3000099000156,3000099000000,38,1.2758462,3000099000145,-1,3000099000143,3000099000144,-1,60,5.2500057,4.991809,5.2500057,19016,32.946297,2.968276,61.800713,182583,3,0,6,199.23401,166.49513,144.19307,40.185318,74.99187,0.3439702,0.017818624,-0.002495866,18717568,4,1792,0.022805976,855
3000099000145,37000400002013,3000099000156,3000099000000,37,1.3857181,3000099000146,-1,3000099000144,3000099000145,-1,56,4.6475463,4.4754148,4.733612,19016,32.850594,2.8645275,61.72012,182581,3,0,6,190.98254,153.26363,149.05313,39.06298,73.51534,0.20409957,-0.009339513,0.018088868,18717568,4,2013,0.021634473,911
3000099000146,36000400001963,3000099000156,3000099000000,36,1.5036365,3000099000147,-1,3000099000145,3000099000146,-1,58,2.5819702,1.9795104,3.098364,19016,32.745552,2.8202076,61.611996,182581,3,0,6,180.82066,145.90599,146.87784,36.925003,67.677124,0.3779233,-0.004708883,0.11202483,18717602,4,1963,0.031765725,819
3000099000147,35000400002211,3000099000156,3000099000000,35,1.6302707,3000099000148,-1,3000099000146,3000099000147,-1,49,3.7008238,3.5286925,3.7868896,19016,32.616135,2.7177022,61.558556,182581,3,0,6,172.66043,132.76276,150.21715,38.32972,69.208176,0.15843166,-0.046488736,0.12930687,18717564,4,2211,0.020846443,507
3000099000148,34000400002307,3000099000156,3000099000000,34,1.766336,3000099000149,-1,3000099000147,3000099000148,-1,47,3.0122986,2.9262328,3.0122986,19016,32.532955,2.6742077,61.437298,182577,3,0,6,168.28769,124.61787,142.05745,41.260166,68.1234,0.23454662,-0.012337263,0.13669018,18717606,4,2307,0.020923162,685
3000099000149,33000400002304,3000099000156,3000099000000,33,1.9126327,3000099000150,-1,3000099000148,3000099000149,-1,43,3.098364,2.9262328,3.5286925,19016,32.426456,2.5707736,61.383274,182577,3,0,6,158.73955,116.085075,139.23874,41.473167,70.7076,0.23312789,-0.0067547415,0.1867429,18717560,4,2304,0.020138195,941
3000099000150,32000400002244,3000099000156,3000099000000,32,2.0700274,3000099000151,-1,3000099000149,3000099000150,-1,43,2.9262328,2.840167,3.0122986,19016,32.327938,2.5427883,61.30311,182577,3,0,6,149.01343,109.692696,130.56898,40.40982,71.80796,0.21458106,-0.030649433,0.13414991,18717606,4,2244,0.018483507,168
3000099000151,31000400002414,3000099000156,3000099000000,31,2.2394855,3000099000152,-1,3000099000150,3000099000151,-1,38,1.8073791,1.7213135,1.8073791,19016,32.240807,2.5077074,61.236893,182577,3,0,6,136.72958,99.92448,121.21813,40.135773,61.96122,0.11345096,0.010226757,0.050603874,18717606,4,2414,0.019594021,369
3000099000152,29000400002321,3000099000156,3000099000000,29,2.6188614,3000099000153,-1,3000099000151,3000099000152,-1,37,1.549182,1.2909851,1.6352477,19016,32.106728,2.3881035,61.110783,182576,3,0,6,127.22562,87.3832,112.09649,40.526478,67.05925,0.12334826,-0.020361917,-0.052229557,18717558,4,2321,0.018106822,216
3000099000153,28000400002296,3000099000156,3000099000000,28,2.8311827,3000099000154,-1,3000099000152,3000099000153,-1,35,1.8934448,1.8934448,1.8934448,19016,32.05872,2.32812,61.05147,182576,3,0,6,116.91645,84.72747,105.13018,40.70534,68.6675,0.12049282,-0.04570665,-0.095693044,18717558,4,2296,0.01600829,740
3000099000154,27000400003145,3000099000156,3000099000000,27,3.060419,3000099000155,-1,3000099000153,3000099000154,-1,23,1.549182,1.549182,1.549182,19016,31.949211,2.25232,60.98397,182576,3,0,6,114.56695,83.01084,101.153015,42.060287,62.854977,0.014449402,0.1550988,0.080143325,18717620,4,3145,0.012988392,93
3000099000155,26000400003289,3000099000156,3000099000000,26,3.3080978,3000099000156,-1,3000099000154,3000099000155,-1,21,0.9467224,0.9467224,0.9467224,19016,31.951416,2.2080243,60.967937,182576,3,0,6,107.46987,72.57063,88.49211,41.322758,59.65301,-0.011818071,0.10929873,0.12023133,18717564,4,3289,0.011894684,900
3000099000156,25000400003026,3000099000156,3000099000000,25,3.575905,-1,-1,3000099000155,3000099000156,-1,21,0.0,0.0,0.774591,19016,31.864054,2.210781,60.88537,182576,3,0,6,105.396385,71.837494,85.15766,36.463497,59.461525,-0.005597842,0.11099731,0.123233385,18717564,4,3026,0.013691886,243
3000099000157,48000300000982,3000099000172,3000099000000,48,0.5085914,3000099000158,-1,3000099000060,3000099000061,-1,29,0.0,0.0,0.0,19012,34.169907,4.030269,62.30457,182700,3,0,6,193.28828,276.45233,-167.23143,34.814922,62.861282,0.07671068,-0.09516055,0.06310031,968801,3,982,0.014197013,747
3000099000158,47000300000831,3000099000172,3000099000000,47,0.5641766,3000099000159,-1,3000099000157,3000099000062,-1,31,0.0,0.0,0.0,19012,34.07645,3.9302428,62.377,182700,3,0,6,186.84929,253.58594,-127.7125,37.094353,64.62784,0.029613417,-0.04873487,0.12092684,18717273,3,831,0.016650587,445
3000099000159,46000300000765,3000099000172,3000099000000,46,0.6235901,3000099000160,-1,3000099000158,3000099000063,-1,44,0.0,0.0,0.0,19023,34.00167,3.8076007,62.428047,182590,3,0,6,188.23099,237.24019,-94.71898,34.21738,65.63908,0.05696696,0.016850144,4.5097413E-4,18717275,3,765,0.021200284,231
3000099000160,45000300002606,3000099000172,3000099000000,45,0.6871088,3000099000161,-1,3000099000159,3000099000160,-1,56,4.131152,3.7008238,3.9590209,19023,33.92253,3.7013934,62.46928,182590,3,0,6,176.27563,222.40315,-72.08552,34.9488,64.81874,0.6602117,-0.36569288,0.4610227,18717276,3,2606,0.026396967,623
3000099000161,44000300002814,3000099000172,3000099000000,44,0.75503564,3000099000162,-1,3000099000160,3000099000161,-1,54,4.8196774,3.3565612,4.5614805,13744,33.82167,3.6011639,0.00201026,32794,3,0,0,180.52493,216.42387,-55.901978,36.74227,69.4291,0.47063118,-0.21759568,0.29362574,18717276,3,2814,0.022437336,805
3000099000162,43000300002654,3000099000172,3000099000000,43,0.8276991,3000099000163,-1,3000099000161,3000099000162,-1,62,4.4754148,3.9590209,4.3893495,13744,33.736347,3.4890158,0.029903298,32794,3,0,0,173.14023,209.24632,-42.242565,40.85416,72.56071,0.42550656,-0.3058673,0.3883843,18717275,3,2654,0.026615448,610
3000099000163,42000300004043,3000099000172,3000099000000,42,0.9054624,3000099000164,-1,3000099000162,3000099000163,-1,42,4.0450864,3.18443,3.7868896,13744,33.634212,3.3990314,0.04433895,32794,3,0,0,180.81645,195.94447,-44.25879,40.781193,71.25783,0.08066852,-0.020798635,-0.042237986,18717275,3,4043,0.017087664,987
3000099000164,41000300002777,3000099000172,3000099000000,41,0.98870814,3000099000165,-1,3000099000163,3000099000164,-1,46,3.6147583,3.3565612,3.5286925,13744,33.55244,3.2877865,0.05567023,32794,3,0,0,176.07463,186.00954,-36.591812,37.14631,71.9603,0.036127385,-0.012667584,0.12428732,18717282,3,2777,0.023844851,798
3000099000165,40000300003429,3000099000172,3000099000000,40,1.0778745,3000099000166,-1,3000099000164,3000099000165,-1,41,3.098364,2.1516418,2.5819702,13744,33.44405,3.1914392,0.07545989,32794,3,0,0,174.88431,173.3412,-29.067625,32.621643,65.67953,-0.031555623,-0.076520726,0.111226074,18717313,3,3429,0.019955134,955
3000099000166,39000300004341,3000099000172,3000099000000,39,1.173417,3000099000167,-1,3000099000165,3000099000166,-1,29,2.6680357,2.1516418,2.6680357,13744,33.355953,3.1019087,0.09826972,32794,3,0,0,173.62163,162.02419,-13.111648,32.888058,67.76828,-0.021587769,-0.010182239,0.02654482,18717276,3,4341,0.014483046,813
3000099000167,38000300004981,3000099000172,3000099000000,38,1.2758462,3000099000168,-1,3000099000166,3000099000167,-1,31,2.6680357,2.4959044,2.6680357,13744,33.264606,3.0216281,0.10433664,32794,3,0,0,166.79443,152.52887,-8.515231,34.87422,72.61637,0.048076484,-0.07874829,0.035247765,11424372,3,4981,0.01209988,496
3000099000168,37000300004586,3000099000172,3000099000000,37,1.3857181,3000099000169,-1,3000099000167,3000099000168,-1,32,2.5819702,2.4098387,2.5819702,13751,33.167187,2.9444077,0.10116982,32787,3,0,0,164.49652,143.89874,-3.2793515,34.64261,65.764465,0.11497692,-0.032660235,0.056647073,11424372,3,4586,0.01582119,626
3000099000169,36000300005099,3000099000172,3000099000000,36,1.5036365,3000099000170,-1,3000099000168,3000099000169,-1,29,2.2377074,1.8934448,2.2377074,13751,33.06667,2.8534572,0.117775895,32785,3,0,0,161.68344,134.38794,-2.7066085,37.63289,74.07288,0.004442137,-0.02471998,0.061649743,18717277,3,5099,0.010352106,630
3000099000170,35000300004835,3000099000172,3000099000000,35,1.6302707,3000099000171,-1,3000099000169,3000099000170,-1,31,1.9795104,1.9795104,1.9795104,13751,32.97464,2.7805872,0.119160935,32785,3,0,0,160.65314,127.01068,3.2548811,36.057606,66.78485,0.10365873,-0.049996134,0.019772042,18717273,3,4835,0.014142974,243
3000099000171,34000300005562,3000099000172,3000099000000,34,1.766336,3000099000172,-1,3000099000170,3000099000171,-1,20,1.8073791,1.7213135,1.8073791,13751,32.901043,2.6951137,0.13229595,32785,3,0,0,156.82462,127.48803,-6.5531654,35.87003,70.59111,0.03803665,0.0111187175,-0.00453435,11424371,3,5562,0.009133153,226
3000099000172,33000300005135,3000099000172,3000099000000,33,1.9126327,-1,-1,3000099000171,3000099000172,-1,21,1.8073791,1.8073791,1.8073791,13751,32.80454,2.6197064,0.1257413,32785,3,0,0,154.09996,114.51906,-2.3008256,31.488827,70.216965,0.08731717,0.0165424,-0.08704452,18717277,3,5135,0.008258069,746
3000099000173,53000400000316,3000099000197,3000099000000,53,0.2798018,3000099000174,-1,3000099000055,3000099000056,-1,42,0.0,0.0,0.0,19012,34.822353,4.564887,62.11057,182701,3,0,6,-82.6687,200.10643,222.62843,39.284256,75.50317,-0.18070251,-0.005916705,0.25124288,11427020,4,316,0.018470105,354
3000099000174,52000400000324,3000099000197,3000099000000,52,0.31970343,3000099000175,-1,3000099000173,3000099000057,3000099000425,51,0.0,0.0,0.0,19012,34.844563,4.5009823,62.040836,182701,3,0,6,-36.5868,188.34613,208.63602,38.390984,71.2808,-0.12330308,-0.021975756,0.07621332,11427020,4,324,0.02067639,989
3000099000175,51000400002112,3000099000197,3000099000000,51,0.36234027,3000099000176,-1,3000099000174,3000099000175,-1,54,4.905743,4.217218,4.3032837,19012,34.84891,4.429972,61.978085,182701,3,0,6,-11.2862015,176.23076,194.23878,31.718716,63.225956,-0.19610009,-0.056361955,0.1445886,11427015,4,2112,0.025926096,255
3000099000176,50000400002226,3000099000197,3000099000000,50,0.40789944,3000099000177,-1,3000099000175,3000099000176,-1,53,4.3893495,3.7868896,4.0450864,19012,34.851265,4.357633,61.915012,182701,3,0,6,6.1538577,168.61377,183.68445,30.167595,63.258778,-0.18664034,-0.032505374,0.22330238,11427024,4,2226,0.0304303,867
3000099000177,49000400002348,3000099000197,3000099000000,49,0.45657724,3000099000178,-1,3000099000176,3000099000177,-1,50,4.217218,3.7008238,4.131152,19012,34.851368,4.28681,61.84469,182701,3,0,6,20.341162,163.19142,177.2741,31.22638,60.86569,-0.16009697,-0.0136529775,0.18422955,11427055,4,2348,0.029770238,17
3000099000178,48000400002436,3000099000197,3000099000000,48,0.5085914,3000099000179,-1,3000099000177,3000099000178,-1,47,4.217218,3.7008238,4.131152,19012,34.84093,4.2195,61.75394,182701,3,0,6,32.17198,158.83173,171.15648,37.715324,71.99434,-0.14016153,0.0043536685,0.10944258,11427062,4,2436,0.017651303,846
3000099000179,47000400002446,3000099000197,3000099000000,47,0.5641766,3000099000180,-1,3000099000178,3000099000179,-1,47,4.131152,3.8729553,3.9590209,19012,34.824883,4.1464367,61.672485,182701,3,0,6,39.805653,158.85593,167.90633,37.977005,68.32214,-0.045439076,-0.029003339,0.10034508,11426182,4,2446,0.020066703,205
3000099000180,46000400002534,3000099000197,3000099000000,46,0.6235901,3000099000181,-1,3000099000179,3000099000180,-1,45,4.0450864,3.8729553,4.0450864,19012,34.80832,4.093588,61.614513,182701,3,0,6,46.131306,153.01936,161.0832,38.055687,67.353134,-0.047400355,-0.030629864,0.07812597,11426182,4,2534,0.019173756,951
3000099000181,45000400002341,3000099000197,3000099000000,45,0.6871088,3000099000182,-1,3000099000180,3000099000181,-1,49,4.3893495,3.8729553,4.0450864,19012,34.77857,4.0156617,61.54261,182701,3,0,6,52.023098,149.16655,157.11322,35.847942,69.516205,0.08421785,-0.08784547,0.11585773,11427019,4,2341,0.020345725,869
3000099000182,44000400002268,3000099000197,3000099000000,44,0.75503564,3000099000183,-1,3000099000181,3000099000182,-1,53,4.131152,3.6147583,4.131152,19012,34.74453,3.95047,61.471325,182697,3,0,6,56.90583,147.48634,150.67181,35.905968,64.80017,-0.04857441,-0.066931,0.092711315,11426184,4,2268,0.023800243,399
3000099000183,43000400002352,3000099000197,3000099000000,43,0.8276991,3000099000184,-1,3000099000182,3000099000183,-1,50,4.217218,3.7868896,4.217218,19023,34.70103,3.8621514,61.399586,182587,3,0,6,58.861046,139.80255,144.32443,36.630703,65.318184,0.06510609,-0.08238057,0.06679282,11426182,4,2352,0.024875902,40
3000099000184,42000400002235,3000099000197,3000099000000,42,0.9054624,3000099000185,-1,3000099000183,3000099000184,-1,53,4.3893495,3.9590209,3.9590209,19023,34.68541,3.8043523,61.320477,182587,3,0,6,61.83516,139.18575,143.31941,38.707214,72.75794,0.047300052,-0.14910504,0.047200326,11426184,4,2235,0.01979931,18
3000099000185,41000400002193,3000099000197,3000099000000,41,0.98870814,3000099000186,-1,3000099000184,3000099000185,-1,55,4.3893495,3.7868896,4.131152,19023,34.656445,3.7081861,61.240265,182587,3,0,6,63.508915,138.47845,138.88077,38.666077,67.44171,0.073680386,-0.13062872,0.01530749,11426184,4,2193,0.02286445,664
3000099000186,40000400002204,3000099000197,3000099000000,40,1.0778745,3000099000187,-1,3000099000185,3000099000186,-1,55,3.9590209,3.6147583,3.9590209,19023,34.614483,3.661694,61.165333,182587,3,0,6,63.739353,137.09102,136.17276,41.6023,68.485916,0.0691982,-0.14719631,0.019802138,11426182,4,2204,0.023857556,918
3000099000187,39000400002302,3000099000197,3000099000000,39,1.173417,3000099000188,-1,3000099000186,3000099000187,-1,50,3.2704954,3.098364,3.2704954,19023,34.579243,3.547393,61.106335,182587,3,0,6,64.13621,131.25752,132.72159,41.933556,73.79101,0.03074724,-0.093067326,-0.009355415,11427024,4,2302,0.018847113,718
3000099000188,38000400002588,3000099000197,3000099000000,38,1.2758462,3000099000189,-1,3000099000187,3000099000188,-1,43,3.6147583,3.442627,3.6147583,19023,34.543022,3.504617,61.04109,182587,3,0,6,70.7392,132.1918,128.40971,37.12844,68.65965,-0.02725794,-0.09111676,0.08048683,11426159,4,2588,0.02051165,290
3000099000189,37000400002640,3000099000197,3000099000000,37,1.3857181,3000099000190,-1,3000099000188,3000099000189,-1,42,2.4959044,2.4959044,2.4959044,19023,34.491932,3.4483662,60.981525,182587,3,0,6,73.03368,132.21814,125.63167,34.668373,63.241863,-0.09709668,-0.06032811,0.10435297,11426182,4,2640,0.020790888,694
3000099000190,36000400002641,3000099000197,3000099000000,36,1.5036365,3000099000191,-1,3000099000189,3000099000190,-1,41,2.3237731,2.2377074,2.5819702,19023,34.448605,3.3757465,60.908886,182587,3,0,6,73.12995,131.11151,122.65573,34.547607,60.855286,-0.12356441,-0.03624429,0.17599583,11426184,4,2641,0.02269397,0
3000099000191,35000400002651,3000099000197,3000099000000,35,1.6302707,3000099000192,-1,3000099000190,3000099000191,-1,41,2.2377074,2.065576,2.2377074,19023,34.419098,3.2853835,60.842445,182587,3,0,6,70.90748,126.89124,119.750755,30.954378,60.23514,-0.07244103,-0.04569117,0.15192091,11426184,4,2651,0.023388445,719
3000099000192,34000400003401,3000099000197,3000099000000,34,1.766336,3000099000193,-1,3000099000191,3000099000192,-1,29,2.4959044,1.2049193,2.5819702,19023,34.384346,3.207859,60.78029,182587,3,0,6,63.70888,118.32154,121.982574,32.418022,58.659523,-0.11432361,0.033911154,0.08282943,11426184,4,3401,0.02224101,61
3000099000193,33000400002813,3000099000197,3000099000000,33,1.9126327,3000099000194,-1,3000099000192,3000099000193,-1,36,2.3237731,2.065576,2.3237731,19023,34.347366,3.151195,60.716545,182587,3,0,6,65.797874,117.736534,111.82064,33.217007,63.794678,0.05094984,-0.10360383,0.11602264,11426182,4,2813,0.019819926,370
3000099000194,32000400002928,3000099000197,3000099000000,32,2.0700274,3000099000195,-1,3000099000193,3000099000194,-1,33,2.2377074,2.1516418,2.2377074,19023,34.325127,3.107363,60.64894,182587,3,0,6,62.22997,111.99418,113.6386,36.279934,67.6148,-0.04800279,0.0067582433,0.04007701,11427062,4,2928,0.018165255,786
3000099000195,31000400003202,3000099000197,3000099000000,31,2.2394855,3000099000196,-1,3000099000194,3000099000195,-1,29,1.7213135,1.7213135,1.7213135,19023,34.300446,3.045245,60.57678,182587,3,0,6,65.844475,108.54015,112.16103,40.457844,65.56469,-0.038750622,0.02079636,-0.11189971,11426182,4,3202,0.013563325,272
3000099000196,30000400003775,3000099000197,3000099000000,30,2.422044,3000099000197,-1,3000099000195,3000099000196,-1,23,1.9795104,1.9795104,1.9795104,19020,34.239376,2.9891407,60.51152,182559,3,0,6,65.16525,96.74888,104.10605,43.814106,78.537445,0.047152504,-0.005616588,-0.11028254,11427024,4,3775,0.009279193,494
3000099000197,29000400003627,3000099000197,3000099000000,29,2.6188614,-1,-1,3000099000196,3000099000197,-1,23,1.549182,1.549182,1.549182,19020,34.188763,2.9192903,60.430954,182557,3,0,6,64.198975,96.63755,101.96058,40.376728,66.160515,0.05045285,-0.0077574467,-0.111707166,11427030,4,3627,0.011745915,911
3000099000198,57000300000799,3000099000208,3000099000000,57,0.14438343,3000099000199,-1,3000099000051,3000099000052,-1,22,0.0,0.0,0.0,19012,35.003418,5.051148,62.170116,182703,3,0,6,94.588104,-137.16823,99.79675,22.189747,51.833584,-0.21031368,0.052265402,0.11587729,18711237,3,799,0.019252421,518
3000099000199,55000400002833,3000099000208,3000099000000,55,0.20754863,3000099000200,-1,3000099000198,3000099000199,-1,26,2.6680357,1.9795104,2.4959044,19012,34.932922,5.1296463,62.13012,182703,3,0,6,109.82364,-116.53786,66.409,28.116638,67.215004,-0.19896741,-0.113727875,0.11868297,18712944,4,2833,0.024623455,811
3000099000200,54000400002403,3000099000208,3000099000000,54,0.24246909,3000099000201,-1,3000099000199,3000099000200,-1,33,3.0122986,1.9795104,2.4959044,19012,34.89472,5.170665,62.11467,182703,3,0,6,116.83124,-109.93515,57.811115,25.456642,55.515232,0.16833116,0.018791918,0.4689343,18712944,4,2403,0.03068492,956
3000099000201,53000400002416,3000099000208,3000099000000,53,0.2798018,3000099000202,-1,3000099000200,3000099000201,-1,34,2.840167,1.8073791,2.3237731,19012,34.846203,5.205633,62.096508,182703,3,0,6,128.27289,-115.62979,52.70471,26.75268,57.33273,0.24133235,-0.04227532,0.4161499,18712944,4,2416,0.03200355,564
3000099000202,52000400002807,3000099000208,3000099000000,52,0.31970343,3000099000203,-1,3000099000201,3000099000202,-1,31,2.5819702,1.8934448,2.5819702,19012,34.797264,5.250225,62.078934,182703,3,0,6,142.86482,-118.838615,48.66266,28.93453,60.72379,0.2878221,-0.12170288,0.3883801,18711188,4,2807,0.019585472,938
3000099000203,51000400002455,3000099000208,3000099000000,51,0.36234027,3000099000204,-1,3000099000202,3000099000203,-1,36,2.7541015,1.7213135,2.4959044,19012,34.73251,5.2991195,62.057423,182703,3,0,6,157.9028,-120.32423,51.03849,30.248367,65.174126,0.43227634,-0.14534341,0.41524258,18711893,4,2455,0.03725986,916
3000099000204,50000400000613,3000099000208,3000099000000,50,0.40789944,3000099000205,-1,3000099000203,3000099000340,-1,34,0.0,0.0,0.0,19012,34.671814,5.348964,62.042606,182703,3,0,6,173.91685,-125.45388,56.006943,30.23833,65.52766,0.38123533,-0.16588633,0.4225582,18711189,4,613,0.03394599,33
3000099000205,49000400000633,3000099000208,3000099000000,49,0.45657724,3000099000206,-1,3000099000204,3000099000341,-1,34,0.0,0.0,0.0,19012,34.5932,5.400813,62.020466,182703,3,0,6,188.74785,-131.35863,66.14063,28.77246,58.85721,0.30631003,-0.21562554,0.385601,18711189,4,633,0.037072744,556
3000099000206,48000400000614,3000099000208,3000099000000,48,0.5085914,3000099000207,-1,3000099000205,3000099000342,-1,38,0.0,0.0,0.0,19012,34.523438,5.4638453,61.992985,182703,3,0,6,197.88371,-135.91147,76.745186,31.848986,70.040054,0.42055407,-0.13729806,0.16819905,18711898,4,614,0.034647945,137
3000099000207,47000400000578,3000099000208,3000099000000,47,0.5641766,3000099000208,-1,3000099000206,3000099000343,-1,68,0.0,0.0,0.0,19012,34.446003,5.526624,61.94965,182703,3,0,6,210.90788,-130.45589,77.358665,36.178406,61.058353,0.956254,-0.78660554,0.11545527,18711237,4,578,0.055599645,910
3000099000208,46000400000560,3000099000208,3000099000000,46,0.6235901,-1,-1,3000099000207,3000099000344,-1,60,0.0,0.0,0.0,19012,34.35527,5.5865,61.892963,182703,3,0,6,217.1026,-127.941345,104.8552,38.98954,63.92679,0.8043421,-0.6846307,0.05456725,18711188,4,560,0.043267068,407
3000099000209,61000300000865,3000099000326,3000099000000,61,0.041403063,3000099000210,-1,3000099000047,3000099000048,-1,20,0.0,0.0,0.0,19012,35.086487,4.931483,62.36417,182703,3,0,6,226.42265,76.36484,77.39597,48.688824,83.07881,0.025755273,4.5034898E-4,0.05971166,18712172,3,865,0.008277357,790
3000099000210,59000300000857,3000099000326,3000099000000,59,0.08928783,3000099000211,-1,3000099000209,3000099000050,-1,35,0.0,0.0,0.0,19012,35.014442,4.889782,62.31648,182703,3,0,6,227.79892,161.41661,115.36857,50.159485,91.317696,-0.07669214,-0.0031256387,-0.01983839,18712065,3,857,0.008805311,153
3000099000211,57000300000798,3000099000326,3000099000000,57,0.14438343,3000099000212,-1,3000099000210,3000099000052,3000099000198,37,0.0,0.0,0.0,19012,34.878857,4.7495465,62.281292,182701,3,0,6,243.74727,231.56921,71.97757,58.349514,105.37651,-0.019283133,-0.11284924,-0.006034355,18712184,3,798,0.008209911,866
3000099000212,56000300000824,3000099000326,3000099000000,56,0.17489761,3000099000213,-1,3000099000211,3000099000053,3000099000598,62,0.0,0.0,0.0,19012,34.81511,4.690564,62.25828,182701,3,0,6,183.98886,167.3706,100.360016,67.78285,120.35414,-0.0066510765,0.007210144,0.058645193,18712065,3,824,0.00870436,20
3000099000213,55000300000862,3000099000326,3000099000000,55,0.20754863,3000099000214,-1,3000099000212,3000099000054,-1,57,0.0,0.0,0.0,19012,34.77056,4.653362,62.22882,182701,3,0,6,142.80554,72.07814,66.31611,59.29222,117.1475,4.6192593E-4,-0.039350282,0.07547849,18712068,3,862,0.010970326,566
3000099000214,54000300000817,3000099000326,3000099000000,54,0.24246909,3000099000215,-1,3000099000213,3000099000055,3000099000423,79,0.0,0.0,0.0,19012,34.725384,4.6783457,62.212067,182701,3,0,6,154.78334,-97.272705,81.11506,75.49606,124.89154,-0.12288443,-0.010204481,0.117827676,18712068,3,817,0.010387237,669
3000099000215,53000400000312,3000099000326,3000099000000,53,0.2798018,3000099000216,-1,3000099000214,3000099000056,3000099000601,366,0.0,0.0,0.0,19012,34.68416,4.707647,62.181057,182701,3,0,6,162.2698,-16.54059,99.96512,95.38082,158.41907,-0.3345501,0.25656262,-0.23390779,18712168,4,312,0.0289993,870
3000099000216,52000400000320,3000099000326,3000099000000,52,0.31970343,3000099000217,-1,3000099000215,3000099000057,3000099000465,516,0.0,0.0,0.0,19012,34.62228,4.7007933,62.13712,182701,3,0,6,165.01193,16.590683,106.256256,105.75611,170.25516,-0.5522344,0.6070532,-0.37111703,18712168,4,320,0.03307266,267
3000099000217,51000400000321,3000099000326,3000099000000,51,0.36234027,3000099000218,-1,3000099000216,3000099000058,3000099000562,708,0.0,0.0,0.0,19012,34.56181,4.6959343,62.099052,182701,3,0,6,174.78593,34.680725,101.74955,108.106606,174.7657,-0.4703124,0.6896658,-0.71293384,18712168,4,321,0.04446423,738
3000099000218,50000400000312,3000099000326,3000099000000,50,0.40789944,3000099000219,-1,3000099000217,3000099000059,-1,839,0.0,0.0,0.0,19012,34.494293,4.673976,62.06242,182701,3,0,6,181.02826,51.78924,98.94805,106.96974,177.10089,-0.39543074,0.6871451,-0.5397477,18712208,4,312,0.051314086,915
3000099000219,49000300000841,3000099000326,3000099000000,49,0.45657724,3000099000220,-1,3000099000218,3000099000060,-1,908,0.0,0.0,0.0,19012,34.422688,4.6633368,62.015045,182701,3,0,6,186.64772,60.65774,93.28274,107.8567,176.3987,-0.40346056,0.6626143,-0.62670714,18712168,3,841,0.05576398,247
3000099000220,48000400000496,3000099000326,3000099000000,48,0.5085914,3000099000221,-1,3000099000219,3000099000220,-1,1039,96.13535,84.602554,92.17633,19012,34.335796,4.6382213,61.978672,182701,3,0,6,193.88354,68.93709,80.98105,104.50313,176.26456,-0.40480474,0.6371213,-0.9972178,18714244,4,496,0.06336047,911
3000099000221,47000300000830,3000099000326,3000099000000,47,0.5641766,3000099000222,-1,3000099000220,3000099000062,3000099000158,834,0.0,0.0,0.0,19012,34.256104,4.6176605,61.936962,182701,3,0,6,198.40862,69.58835,83.4813,107.87939,178.4335,-0.66488266,0.54909813,-0.6525778,18712168,3,830,0.049848616,986
3000099000222,46000300000764,3000099000326,3000099000000,46,0.6235901,3000099000223,-1,3000099000221,3000099000063,3000099000159,811,0.0,0.0,0.0,19012,34.177586,4.5963516,61.905636,182700,3,0,6,205.27104,70.27824,74.87733,105.67628,177.17044,-0.8150348,0.44485602,-0.71096754,18714244,3,764,0.051024992,209
3000099000223,45000400000315,3000099000308,3000099000000,45,0.6871088,3000099000224,3000099000309,3000099000222,3000099000064,3000099000309,770,0.0,0.0,0.0,19012,34.07271,4.55705,61.872284,182700,3,0,6,213.32019,74.94219,64.786316,101.49552,170.44466,-1.0503194,0.48822838,-0.8766044,18712168,4,315,0.050293174,665
3000099000224,44000400000480,3000099000308,3000099000000,44,0.75503564,3000099000225,-1,3000099000223,3000099000224,3000099000310,790,75.47959,64.03286,72.46729,19012,33.971737,4.5286427,61.842636,182700,3,0,6,222.65451,73.029976,61.401455,100.354774,171.95871,-0.93044454,0.7772686,-0.82378775,18712168,4,480,0.05136766,781
3000099000225,43000400000467,3000099000308,3000099000000,43,0.8276991,3000099000226,-1,3000099000224,3000099000225,3000099000311,776,70.74598,65.668106,69.11073,19012,33.844955,4.4673133,61.826824,182700,3,0,6,228.87451,71.289185,55.57732,100.4816,176.19157,-0.9095831,0.75583893,-0.5305115,18713697,4,467,0.05031478,418
3000099000226,42000400000462,3000099000281,3000099000000,42,0.9054624,3000099000227,3000099000282,3000099000225,3000099000226,3000099000312,737,67.21729,60.6763,66.098434,19012,33.739105,4.4302964,61.780216,182700,3,0,6,238.94876,65.85102,58.075966,95.56045,163.27782,-1.4227235,0.77148074,-0.75298107,18713697,4,462,0.05211603,292
3000099000227,41000400000493,3000099000281,3000099000000,41,0.98870814,3000099000228,-1,3000099000226,3000099000227,3000099000283,665,61.364822,56.11482,60.332035,19012,33.617966,4.3947372,61.7427,182700,3,0,6,245.41156,66.26772,53.094513,103.309685,168.65515,-1.2023798,0.49508095,-0.9901551,18713697,4,493,0.04571928,675
3000099000228,40000400000465,3000099000281,3000099000000,40,1.0778745,3000099000229,-1,3000099000227,3000099000228,-1,677,53.963177,50.004154,53.360718,19012,33.488693,4.3319297,61.73509,182700,3,0,6,245.44232,61.63145,54.352802,101.838524,176.19896,-1.1048845,0.49986064,-1.053508,18714625,4,465,0.042125147,265
3000099000229,39000400000463,3000099000281,3000099000000,39,1.173417,3000099000230,-1,3000099000228,3000099000229,3000099000284,510,47.250053,43.463165,46.905792,19012,33.318367,4.2847495,61.749767,182700,3,0,6,251.44324,73.44934,47.79209,88.36792,150.33412,-0.93791735,0.25997242,-1.1420548,18714421,4,463,0.04251218,748
3000099000230,38000400000483,3000099000281,3000099000000,38,1.2758462,3000099000231,-1,3000099000229,3000099000230,3000099000285,496,34.77053,31.586102,34.77053,19015,33.187695,4.2243404,61.723732,182693,3,0,6,248.95769,73.75601,54.74866,89.40653,156.08276,-0.12875195,0.09131717,-1.2054106,18712065,4,483,0.040721368,660
3000099000231,37000400000463,3000099000275,3000099000000,37,1.3857181,3000099000232,3000099000276,3000099000230,3000099000231,3000099000286,398,33.049217,30.81151,33.049217,19015,33.060646,4.1857133,61.696774,182693,3,0,6,247.07523,67.95136,49.35869,88.13159,153.9217,-0.7040515,-0.2611265,-0.8968258,18714578,4,463,0.032800302,695
3000099000232,36000400000397,3000099000256,3000099000000,36,1.5036365,3000099000233,3000099000257,3000099000231,3000099000232,3000099000287,422,33.135284,30.897575,33.307415,19015,32.911594,4.1507125,61.670662,182693,3,0,6,242.16017,73.32636,44.98056,78.92008,134.1459,-0.6928699,-0.045489665,-0.86702627,18712074,4,397,0.046721783,436
3000099000233,35000400000357,3000099000256,3000099000000,35,1.6302707,3000099000234,-1,3000099000232,3000099000233,3000099000288,385,33.651676,31.586102,33.99594,19015,32.77893,4.077429,61.64258,182693,3,0,6,231.91402,71.61407,50.530975,84.16789,133.84737,-0.6082981,0.08172062,-0.5046071,18712219,4,357,0.041679364,534
3000099000234,34000400000441,3000099000256,3000099000000,34,1.766336,3000099000235,-1,3000099000233,3000099000234,3000099000259,361,28.487738,25.131176,30.553314,19015,32.63997,4.005167,61.598186,182693,3,0,6,232.89613,64.32748,62.738106,86.48476,131.52931,-0.46627593,0.117700346,-0.8844796,18714433,4,441,0.041534226,765
3000099000235,33000400000431,3000099000255,3000099000000,33,1.9126327,3000099000236,3000099000256,3000099000234,3000099000235,3000099000256,57,32.44676,29.778723,33.307415,19015,32.505943,3.9711976,61.561256,182693,3,0,6,188.54184,48.37342,61.89242,62.77565,100.929474,0.13654798,-0.008494585,-0.07177462,18714630,4,431,0.01227168,75
3000099000236,32000400000426,3000099000255,3000099000000,32,2.0700274,3000099000237,-1,3000099000235,3000099000236,3000099000261,285,29.004131,27.282818,30.036919,19015,32.409405,3.9582763,61.52735,182693,3,0,6,241.25125,27.494179,42.137062,88.17839,128.71461,-0.2772906,-0.27735078,-1.018846,18714432,4,426,0.034023535,627
3000099000237,31000400000365,3000099000255,3000099000000,31,2.2394855,3000099000238,-1,3000099000236,3000099000237,-1,359,29.864788,29.348394,30.897575,19015,32.25427,3.952802,61.560764,182693,3,0,6,230.64734,57.68788,38.29175,97.78256,155.35216,-0.94892555,-0.3334161,-0.7681318,18713700,4,365,0.028693743,488
3000099000238,30000400000369,3000099000249,3000099000000,30,2.422044,3000099000239,3000099000250,3000099000237,3000099000238,3000099000262,62,14.631165,14.028705,15.31969,19015,32.134632,4.031842,61.52163,182688,3,0,6,287.59836,-18.821175,-14.62051,69.70642,110.72579,-0.05790744,-0.047284152,0.08562331,18714432,4,369,0.010523032,995
3000099000239,29000400000331,3000099000249,3000099000000,29,2.6188614,3000099000240,-1,3000099000238,3000099000239,3000099000263,152,15.061493,13.684442,16.008215,19015,31.962744,4.015573,61.524303,182692,3,0,6,283.16345,7.3799343,-35.140903,70.45622,115.20183,0.2818365,0.14350271,-0.5284797,18714602,4,331,0.021860385,795
3000099000240,28000400000373,3000099000249,3000099000000,28,2.8311827,3000099000241,-1,3000099000239,3000099000240,3000099000252,154,9.467224,9.122961,9.983618,19015,31.771559,4.0297813,61.52532,182692,3,0,6,289.2206,20.651915,-19.112907,68.14763,116.28966,0.3479864,0.06513793,-0.10723544,18712065,4,373,0.023938654,120
3000099000241,27000400000625,3000099000249,3000099000000,27,3.060419,3000099000242,-1,3000099000240,3000099000241,-1,118,7.9180417,7.831976,8.434436,19015,31.627684,3.9711912,61.561977,182692,3,0,6,282.33783,23.035395,-14.01963,70.265144,112.366806,0.2504712,0.03769711,-0.11694712,18714433,4,625,0.01830817,65
3000099000242,26000400000652,3000099000249,3000099000000,26,3.3080978,3000099000243,-1,3000099000241,3000099000242,-1,101,7.9180417,7.7459106,8.004107,19015,31.499405,4.0061893,61.586014,182692,3,0,6,262.47726,22.353441,-19.63696,68.1641,116.68442,0.2511062,-0.071023,-0.31729946,18714432,4,652,0.015343652,85
3000099000243,25000400000677,3000099000249,3000099000000,25,3.575905,3000099000244,-1,3000099000242,3000099000243,-1,88,7.659845,7.659845,7.831976,19015,31.342667,3.962645,61.584496,182692,3,0,6,250.00847,24.83266,-21.39204,74.84921,121.942154,0.065443955,-0.025498526,-0.04160662,18714433,4,677,0.011450599,866
3000099000244,24000400000621,3000099000249,3000099000000,24,3.8656828,3000099000245,-1,3000099000243,3000099000244,-1,81,6.36886,6.36886,6.4549255,31150,31.211111,3.961731,61.609295,154605,3,0,6,231.30861,23.606573,-28.350954,73.65723,124.86695,0.09673047,-0.0071024485,0.032944925,18714433,4,621,0.010739417,79
3000099000245,23000700000526,3000099000249,3000099000000,23,4.1794686,3000099000246,-1,3000099000244,3000099000245,-1,75,4.733612,4.6475463,4.905743,31150,31.08947,3.9833033,61.632164,154605,3,0,6,226.36642,18.473024,-27.058996,60.246544,107.04586,0.11849083,5.3946045E-4,0.0644843,18714430,7,526,0.014630243,590
3000099000246,22000700000584,3000099000249,3000099000000,22,4.5195556,3000099000247,-1,3000099000245,3000099000246,-1,60,3.18443,3.098364,3.18443,31150,30.986332,4.0017557,61.638275,154605,3,0,6,202.12222,14.413565,-36.52964,52.607563,100.91374,0.14447278,-0.00877338,7.8808406E-4,18712065,7,584,0.011800905,826
3000099000247,21000700000922,3000099000249,3000099000000,21,4.888449,3000099000248,-1,3000099000246,3000099000247,-1,35,3.098364,3.098364,3.098364,31150,30.876657,3.9986951,61.65591,154605,3,0,6,203.82327,-4.2822924,-20.37254,68.059685,117.06196,0.06908901,-0.04933516,-0.030333806,18712219,7,922,0.0048619537,818
3000099000248,20000700000744,3000099000249,3000099000000,20,5.2888336,3000099000249,-1,3000099000247,3000099000248,-1,34,2.7541015,2.7541015,2.840167,31150,30.769135,4.005475,61.67282,154605,3,0,6,194.76166,2.4882886,-17.876228,58.010193,100.51475,0.056152344,-0.114079036,-0.031657703,18712053,7,744,0.007510711,384
3000099000249,19000700000673,3000099000249,3000099000000,19,5.7238646,-1,-1,3000099000248,3000099000249,-1,30,0.9467224,0.9467224,1.2049193,31150,30.679049,4.0214953,61.67936,154605,3,0,6,190.0423,9.078056,-16.159178,51.22237,87.39299,0.038723364,-0.11772447,-0.0438377,18712216,7,673,0.010181126,9
3000099000250,30000400000370,3000099000255,3000099000000,30,2.422044,3000099000251,-1,3000099000237,3000099000238,-1,22,0.0,0.0,0.0,19015,32.003487,3.963096,61.52656,182692,3,0,6,221.99544,111.462776,-19.34754,45.34751,77.28492,0.06309445,-0.051948447,0.005916277,18714038,4,370,0.008975347,287
3000099000251,29000400000333,3000099000255,3000099000000,29,2.6188614,3000099000252,-1,3000099000250,3000099000239,-1,26,0.0,0.0,0.0,19016,31.924107,3.894438,61.524254,182582,3,0,6,166.31267,96.596954,-20.569319,51.582905,80.8205,0.07225982,0.091923796,-0.03736455,18714038,4,333,0.009311572,309
3000099000252,28000400000374,3000099000255,3000099000000,28,2.8311827,3000099000253,-1,3000099000251,3000099000240,-1,42,0.0,0.0,0.0,19016,31.834873,3.854962,61.552567,182582,3,0,6,119.147446,61.961384,6.038804,60.370045,97.46783,0.056255087,0.16974251,0.008920001,18714038,4,374,0.010158446,314
3000099000253,27000400001213,3000099000255,3000099000000,27,3.060419,3000099000254,-1,3000099000252,3000099000253,-1,54,4.131152,4.131152,4.4754148,19016,31.751116,3.8361392,61.54879,182582,3,0,6,109.88066,31.960714,31.73876,57.052765,94.906624,0.0525308,0.038408335,0.012910789,18713983,4,1213,0.012137154,918
3000099000254,26000400001731,3000099000255,3000099000000,26,3.3080978,3000099000255,-1,3000099000253,3000099000254,-1,40,2.9262328,2.840167,3.0122986,19016,31.698618,3.824349,61.553787,182582,3,0,6,106.68586,30.643003,18.974274,51.01406,82.608284,0.051835578,0.043329984,0.03199457,18714038,4,1731,0.012983731,693
3000099000255,25000400002321,3000099000255,3000099000000,25,3.575905,-1,-1,3000099000254,3000099000255,-1,27,1.3770508,1.3770508,1.8934448,19016,31.669796,3.777834,61.5396,182582,3,0,6,103.433784,42.668987,15.407229,41.376465,72.37903,0.12026819,0.037098408,0.15873614,18713968,4,2321,0.011228363,172
3000099000256,33000400000430,3000099000256,3000099000000,33,1.9126327,-1,-1,3000099000234,3000099000235,3000099000260,262,0.0,0.0,0.0,19015,32.553463,4.079452,61.563805,182693,3,0,6,251.2699,53.158173,47.83775,88.115875,122.44489,-0.76122177,-0.36396194,-0.74377686,18713665,4,430,0.035704706,651
3000099000257,36000400000399,3000099000275,3000099000000,36,1.5036365,3000099000258,-1,3000099000231,3000099000232,-1,34,0.0,0.0,0.0,19015,32.933308,4.1610866,61.619648,182693,3,0,6,257.8516,-36.72876,76.49266,47.943104,88.65841,0.01640029,0.0288177,0.034610823,18713700,4,399,0.009690639,169
3000099000258,35000400000359,3000099000275,3000099000000,35,1.6302707,3000099000259,-1,3000099000257,3000099000233,-1,40,0.0,0.0,0.0,19015,32.79041,4.1818666,61.58274,182693,3,0,6,276.49387,3.9016805,15.968245,58.605156,104.83024,0.014910523,-0.013821765,-0.04143565,18714267,4,359,0.007073202,728
3000099000259,34000400000442,3000099000275,3000099000000,34,1.766336,3000099000260,-1,3000099000258,3000099000234,-1,44,0.0,0.0,0.0,19015,32.627285,4.1657968,61.58294,182693,3,0,6,270.00433,49.253372,-34.77105,51.666237,94.11244,-0.0733123,-0.016426343,-0.008160733,18714491,4,442,0.011168491,896
3000099000260,33000400000432,3000099000275,3000099000000,33,1.9126327,3000099000261,-1,3000099000259,3000099000235,-1,25,0.0,0.0,0.0,19015,32.49481,4.13351,61.599358,182693,3,0,6,218.06557,105.335144,-23.311756,55.561893,92.61843,-0.07640181,-0.018041037,-0.0677093,18714491,4,432,0.005853411,310
3000099000261,32000400000427,3000099000275,3000099000000,32,2.0700274,3000099000262,-1,3000099000260,3000099000236,-1,39,0.0,0.0,0.0,19015,32.371326,4.0518866,61.597256,182693,3,0,6,207.13864,156.24463,11.264914,58.101326,97.28137,-0.11117965,-0.14943208,0.018076029,18714491,4,427,0.009204443,441
3000099000262,30000400000368,3000099000275,3000099000000,30,2.422044,3000099000263,-1,3000099000261,3000099000238,3000099000250,145,0.0,0.0,0.0,19016,32.141808,3.856966,61.499126,182578,3,0,6,185.87776,110.411095,108.56829,69.44192,114.53543,-0.44549435,-0.32404462,0.048236605,18714559,4,368,0.020765856,428
3000099000263,29000400000332,3000099000275,3000099000000,29,2.6188614,3000099000264,-1,3000099000262,3000099000239,3000099000251,85,0.0,0.0,0.0,19016,32.032852,3.7917,61.422325,182578,3,0,6,196.88428,107.949265,121.62154,73.30541,113.73517,-0.16449216,0.23969881,0.17017628,18714559,4,332,0.015212711,901
3000099000264,28000400000972,3000099000275,3000099000000,28,2.8311827,3000099000265,-1,3000099000263,3000099000264,-1,85,6.1106625,6.024597,6.6270566,19016,31.93501,3.7050781,61.39005,182578,3,0,6,197.57039,83.95398,117.068016,69.94822,117.52733,-0.18925563,0.2420099,0.17898273,18714487,4,972,0.011999822,737
3000099000265,27000400001125,3000099000275,3000099000000,27,3.060419,3000099000266,-1,3000099000264,3000099000265,-1,68,4.5614805,4.5614805,4.5614805,19016,31.808874,3.6263187,61.352505,182578,3,0,6,209.84976,86.37976,87.44538,56.17823,90.96478,-0.09267141,0.16420212,0.16310415,18713696,4,1125,0.017464802,10
3000099000266,26000400000787,3000099000275,3000099000000,26,3.3080978,3000099000267,-1,3000099000265,3000099000266,-1,84,1.8934448,1.8073791,1.8934448,19016,31.72691,3.6476808,61.236176,182578,3,0,6,198.13428,68.89147,89.77051,48.036934,86.05129,-0.06593989,0.31427473,0.29410753,18713694,4,787,0.028992034,619
3000099000267,25000400001783,3000099000272,3000099000000,25,3.575905,3000099000268,3000099000273,3000099000266,3000099000267,-1,35,1.7213135,1.7213135,1.8073791,19016,31.552725,3.477481,61.298805,182578,3,0,6,219.87221,83.11949,55.22116,44.924263,79.5239,-0.006216193,0.055074275,0.046375673,18714487,4,1783,0.012592013,241
3000099000268,24000400002546,3000099000272,3000099000000,24,3.8656828,3000099000269,-1,3000099000267,3000099000268,-1,23,1.6352477,1.6352477,1.7213135,19016,31.425041,3.4376392,61.25921,182578,3,0,6,222.59105,79.57727,49.965855,44.682102,76.43381,-0.11761564,-0.026321787,-0.050808225,18714559,4,2546,0.009003315,810
3000099000269,23000400001848,3000099000272,3000099000000,23,4.1794686,3000099000270,-1,3000099000268,3000099000269,-1,28,1.549182,1.4631164,1.6352477,19016,31.29306,3.4211364,61.233006,182578,3,0,6,207.95741,75.24863,52.585484,47.250137,76.89629,-0.040584117,0.010464068,0.007790162,18714559,4,1848,0.01065534,949
3000099000270,22000400001766,3000099000272,3000099000000,22,4.5195556,3000099000271,-1,3000099000269,3000099000270,-1,25,0.86065674,0.86065674,1.7213135,31153,31.181261,3.4245522,61.20278,154491,3,0,6,208.33382,61.396683,47.40277,44.223614,70.299805,-0.09834962,0.04237156,0.07957697,18714265,4,1766,0.011680104,981
3000099000271,21000700001454,3000099000272,3000099000000,21,4.888449,3000099000272,-1,3000099000270,3000099000271,-1,24,1.8073791,1.8073791,1.8934448,31153,31.086046,3.3906348,61.19342,154491,3,0,6,199.50722,54.2458,41.078255,48.666687,83.27158,-0.03375115,0.08697273,0.077194944,18714487,7,1454,0.007260795,24
3000099000272,20000700001370,3000099000272,3000099000000,20,5.2888336,-1,-1,3000099000271,3000099000272,-1,21,1.6352477,1.6352477,1.6352477,31153,30.994686,3.3640082,61.157497,154491,3,0,6,186.30829,49.337822,35.87073,60.57572,98.12615,-0.010212951,0.08578066,0.06737162,18714267,7,1370,0.0044915476,414
3000099000273,25000400001536,3000099000275,3000099000000,25,3.575905,3000099000274,-1,3000099000266,3000099000273,-1,39,2.065576,2.065576,2.065576,19016,31.620668,3.6298711,61.163994,182578,3,0,6,184.67337,41.453632,113.77046,46.51201,89.90038,-0.27640313,0.1460793,0.047811903,18713701,4,1536,0.011943779,44
3000099000274,24000400002750,3000099000275,3000099000000,24,3.8656828,3000099000275,-1,3000099000273,3000099000274,-1,20,1.8073791,1.8073791,1.8934448,19016,31.504032,3.591174,61.10007,182578,3,0,6,199.58801,63.9561,109.526794,51.279613,91.16761,-0.09176412,-0.035492793,0.016633684,18713665,4,2750,0.006573794,696
3000099000275,23000400002453,3000099000275,3000099000000,23,4.1794686,-1,-1,3000099000274,3000099000275,-1,20,1.3770508,1.3770508,1.3770508,19016,31.391481,3.5712135,61.03917,182578,3,0,6,198.22366,71.55038,106.243034,46.113968,87.60428,-0.14683431,-0.018714463,0.030504752,18713668,4,2453,0.0060585234,391
3000099000276,36000400004410,3000099000281,3000099000000,36,1.5036365,3000099000277,-1,3000099000230,3000099000276,-1,21,1.549182,1.2909851,1.549182,19015,32.88708,4.2474656,61.33678,182689,3,0,6,190.17918,142.54489,161.52075,25.70484,52.317223,-0.11325501,0.022307178,-0.03928746,18713810,4,4410,0.017370457,298
3000099000277,35000400004243,3000099000281,3000099000000,35,1.6302707,3000099000278,-1,3000099000276,3000099000277,-1,22,1.6352477,1.549182,1.6352477,19015,32.787537,4.1677437,61.258625,182689,3,0,6,179.76962,136.09813,142.24634,29.34824,54.05478,-0.09407612,0.05484365,-0.020311454,18713852,4,4243,0.017576806,911
3000099000278,34000400004198,3000099000281,3000099000000,34,1.766336,3000099000279,-1,3000099000277,3000099000278,-1,22,1.8934448,1.8934448,1.8934448,19015,32.695324,4.1101685,61.156616,182689,3,0,6,173.95348,131.00735,130.40167,38.29301,71.00772,-0.07950611,0.06255295,-0.015824294,18713852,4,4198,0.011159667,682
3000099000279,33000400003980,3000099000281,3000099000000,33,1.9126327,3000099000280,-1,3000099000278,3000099000279,-1,22,1.8073791,1.8073791,1.8073791,19015,32.596222,4.0471478,61.08632,182689,3,0,6,166.10226,124.10488,118.76756,37.960606,71.92748,-0.07257799,0.055669066,-0.01583754,18713852,4,3980,0.009619463,667
3000099000280,32000400004208,3000099000281,3000099000000,32,2.0700274,3000099000281,-1,3000099000279,3000099000280,-1,20,1.549182,1.549182,1.7213135,19015,32.508183,3.9814608,61.012535,182689,3,0,6,157.4102,116.61501,111.09496,32.022945,63.708508,-0.085518174,0.060379043,-0.017185014,18713852,4,4208,0.011261546,250
3000099000281,31000400004279,3000099000281,3000099000000,31,2.2394855,-1,-1,3000099000280,3000099000281,-1,20,0.9467224,0.86065674,0.9467224,19015,32.413635,3.9118392,60.96913,182689,3,0,6,156.70062,110.00436,100.36245,29.769777,57.785187,-0.12004206,-0.012617453,-0.10925623,18713806,4,4279,0.016489828,857
3000099000282,42000400000464,3000099000308,3000099000000,42,0.9054624,3000099000283,-1,3000099000225,3000099000226,-1,28,0.0,0.0,0.0,19012,33.71497,4.394806,61.82962,182700,3,0,6,224.43765,125.07433,-19.426947,48.117744,87.935875,-0.1760015,0.05541007,-0.023637367,18712210,4,464,0.0071800747,453
3000099000283,41000400000494,3000099000308,3000099000000,41,0.98870814,3000099000284,-1,3000099000282,3000099000227,-1,21,0.0,0.0,0.0,19012,33.59967,4.337855,61.819786,182700,3,0,6,207.06577,68.07159,76.88934,44.465767,86.48451,-0.038264215,0.04112594,-0.033272345,18712208,4,494,0.0063934587,377
3000099000284,39000400000464,3000099000308,3000099000000,39,1.173417,3000099000285,-1,3000099000283,3000099000229,-1,58,0.0,0.0,0.0,19012,33.392944,4.386828,61.648224,182700,3,0,6,211.97653,-69.71619,97.65534,60.82976,102.579895,0.053605333,0.036857054,-0.036596283,18712024,4,464,0.0116950795,463
3000099000285,38000400000484,3000099000308,3000099000000,38,1.2758462,3000099000286,-1,3000099000284,3000099000230,-1,83,0.0,0.0,0.0,19012,33.264297,4.4136004,61.60873,182700,3,0,6,236.81825,-42.12976,58.74355,67.3404,111.59281,-0.008707897,0.072034955,0.051694646,18712024,4,484,0.012663899,967
3000099000286,37000400000464,3000099000308,3000099000000,37,1.3857181,3000099000287,-1,3000099000285,3000099000231,-1,100,0.0,0.0,0.0,19015,33.13805,4.437332,61.597782,182693,3,0,6,258.42755,-30.75142,55.21452,61.389606,112.081726,0.021650504,0.038287666,0.008760698,18712177,4,464,0.017462457,656
3000099000287,36000400000398,3000099000308,3000099000000,36,1.5036365,3000099000288,-1,3000099000286,3000099000232,3000099000257,153,0.0,0.0,0.0,19015,32.975807,4.449457,61.56072,182693,3,0,6,262.5184,-23.6415,31.351425,61.342525,107.70671,-0.47188792,0.044107065,0.45952514,18712712,4,398,0.028777532,456
3000099000288,35000400000358,3000099000308,3000099000000,35,1.6302707,3000099000289,-1,3000099000287,3000099000233,3000099000258,198,0.0,0.0,0.0,19015,32.82988,4.457048,61.527702,182693,3,0,6,256.0596,-17.589752,28.602562,61.11751,108.882256,-0.012235677,0.0062465267,1.3240083,18712210,4,358,0.03643367,494
3000099000289,34000400000510,3000099000308,3000099000000,34,1.766336,3000099000290,-1,3000099000288,3000099000289,3000099000579,178,11.5328,11.016406,11.963128,19015,32.661045,4.458955,61.481068,182689,3,0,6,268.59732,-14.036961,22.6006,57.413685,101.347145,0.21337609,-0.02516579,0.3072753,18712245,4,510,0.034305558,679
3000099000290,33000400000640,3000099000308,3000099000000,33,1.9126327,3000099000291,-1,3000099000289,3000099000290,-1,186,12.307391,11.704931,12.651653,19015,32.516006,4.4871464,61.486828,182689,3,0,6,266.13123,-7.9929166,25.104141,63.614635,111.11871,0.24364975,0.043552928,-0.034711372,18712245,4,640,0.03260019,799
3000099000291,32000400000701,3000099000308,3000099000000,32,2.0700274,3000099000292,-1,3000099000290,3000099000291,-1,148,15.2336235,13.51231,15.922149,19015,32.3782,4.4963865,61.491093,182689,3,0,6,263.19772,-5.287284,17.37085,71.19298,117.11163,-0.05429216,0.12197121,0.033844654,18712245,4,701,0.021021802,923
3000099000292,31000400000673,3000099000308,3000099000000,31,2.2394855,3000099000293,-1,3000099000291,3000099000292,-1,165,14.545098,14.11477,14.889361,19015,32.2433,4.5212626,61.49416,182689,3,0,6,263.19427,-4.47712,30.27166,82.73145,127.75138,0.050535902,0.104556434,0.012146981,18712201,4,673,0.019356607,201
3000099000293,30000400000666,3000099000308,3000099000000,30,2.422044,3000099000294,-1,3000099000292,3000099000293,-1,159,12.307391,11.963128,13.254113,19015,32.10651,4.5466495,61.47357,182688,3,0,6,258.28793,-0.37886304,22.929829,78.86172,117.52644,0.10155444,-0.09035641,0.001957229,18712194,4,666,0.023440164,489
3000099000294,29000400000743,3000099000304,3000099000000,29,2.6188614,3000099000295,3000099000305,3000099000293,3000099000294,-1,121,10.93034,10.758209,11.016406,19015,31.958473,4.5407414,61.468727,182688,3,0,6,230.15709,-11.943545,25.777777,72.70482,118.762054,0.26794943,-0.04833151,-0.16862775,18712194,4,743,0.018249972,457
3000099000295,28000400000688,3000099000304,3000099000000,28,2.8311827,3000099000296,-1,3000099000294,3000099000295,-1,121,10.413946,10.327881,11.016406,19015,31.827148,4.5396905,61.468147,182688,3,0,6,223.81374,-2.5253272,24.070303,70.198494,120.1257,0.2200642,0.01489442,0.04544811,18712062,4,688,0.0161272,37
3000099000296,27000400000723,3000099000304,3000099000000,27,3.060419,3000099000297,-1,3000099000295,3000099000296,-1,102,9.122961,9.122961,9.381158,19015,31.686655,4.540184,61.466534,182688,3,0,6,216.11646,1.3979981,24.654688,80.146576,118.46687,0.17815603,0.052230332,0.089178644,18712142,4,723,0.01427843,908
3000099000297,26000400000685,3000099000304,3000099000000,26,3.3080978,3000099000298,-1,3000099000296,3000099000297,-1,99,7.831976,7.831976,7.9180417,19015,31.594473,4.5393634,61.428356,182688,3,0,6,208.41525,4.064208,16.731619,71.952965,117.371506,0.18693188,0.07063536,0.059907336,18712208,4,685,0.014082254,358
3000099000298,25000400000763,3000099000304,3000099000000,25,3.575905,3000099000299,-1,3000099000297,3000099000298,-1,77,5.680334,5.680334,5.680334,19015,31.490778,4.5311375,61.40341,182688,3,0,6,198.06633,6.6861625,29.271254,69.59075,115.5764,0.17108813,0.022541987,-0.10812886,18712142,4,763,0.012544478,656
3000099000299,24000400000826,3000099000304,3000099000000,24,3.8656828,3000099000300,-1,3000099000298,3000099000299,-1,64,4.3032837,4.3032837,4.3893495,19015,31.37309,4.5264187,61.401398,182688,3,0,6,194.83792,8.093086,24.291132,66.055756,111.98612,0.094197616,-0.097376555,-0.12713385,18712093,4,826,0.009809414,236
3000099000300,23000400000888,3000099000304,3000099000000,23,4.1794686,3000099000301,-1,3000099000299,3000099000300,-1,52,3.7008238,3.7008238,3.7868896,31150,31.236979,4.547839,61.39617,154601,3,0,6,186.04695,20.252838,21.35446,60.258816,99.49446,0.084405676,-0.047383133,-0.040833585,18712208,4,888,0.011927398,222
3000099000301,22000400000733,3000099000304,3000099000000,22,4.5195556,3000099000302,-1,3000099000300,3000099000301,-1,51,3.442627,3.442627,3.5286925,31150,31.137403,4.5361414,61.381504,154601,3,0,6,176.03833,20.820295,20.888176,61.676823,99.68657,0.13527793,-0.03534866,-0.036768135,18712208,4,733,0.010890069,346
3000099000302,21000700000987,3000099000304,3000099000000,21,4.888449,3000099000303,-1,3000099000301,3000099000302,-1,32,2.6680357,2.6680357,2.7541015,31150,31.04655,4.476262,61.37163,154601,3,0,6,173.93968,16.639551,21.420265,68.43314,105.589455,0.026118524,-0.00873766,-0.01178941,18712207,7,987,0.006541322,772
3000099000303,20000700000687,3000099000304,3000099000000,20,5.2888336,3000099000304,-1,3000099000302,3000099000303,-1,36,1.8073791,1.8073791,1.8934448,31150,30.943111,4.474975,61.386898,154601,3,0,6,170.43134,18.658722,17.370558,49.96592,90.973,0.06686492,-0.0130504295,-0.014560406,18712207,7,687,0.009186388,751
3000099000304,18000700000846,3000099000304,3000099000000,18,6.1968336,-1,-1,3000099000303,3000099000304,-1,20,1.032788,1.032788,1.2049193,31150,30.768227,4.436127,61.3743,154601,3,0,6,156.4317,14.67353,0.08214087,46.661827,80.4214,-0.003381501,0.02581282,-0.013322087,18712142,7,846,0.006462646,0
3000099000305,29000400002280,3000099000308,3000099000000,29,2.6188614,3000099000306,-1,3000099000293,3000099000305,-1,23,0.9467224,0.86065674,0.9467224,19015,31.81107,4.412665,61.413143,182688,3,0,6,354.29196,34.650856,80.40339,31.57001,51.708275,0.0198169,0.11344723,-0.005922222,18714534,4,2280,0.01805575,691
3000099000306,27000400003671,3000099000308,3000099000000,27,3.060419,3000099000307,-1,3000099000305,3000099000306,-1,20,0.6885254,0.6885254,0.774591,19015,31.435564,4.378506,61.328083,182688,3,0,6,310.86426,25.845804,60.1219,33.540775,51.86712,0.12552187,0.004324409,0.056556508,18711603,4,3671,0.015134857,867
3000099000307,26000400003450,3000099000308,3000099000000,26,3.3080978,3000099000308,-1,3000099000306,3000099000307,-1,20,1.1188537,1.1188537,1.1188537,31150,31.246597,4.384906,61.28164,154601,3,0,6,293.66846,27.298168,50.87297,31.511356,60.485073,0.058337238,0.03760113,-0.035630878,18712124,4,3450,0.011942862,735
3000099000308,25000700003043,3000099000308,3000099000000,25,3.575905,-1,-1,3000099000307,3000099000308,-1,20,0.0,0.0,0.0,31150,31.08242,4.3631425,61.29041,154601,3,0,6,282.20795,24.786385,43.264984,33.77196,51.497784,0.10910173,0.053469073,-0.027089981,18712079,7,3043,0.016033687,8
3000099000309,45000400000316,3000099000326,3000099000000,45,0.6871088,3000099000310,-1,3000099000222,3000099000064,-1,26,0.0,0.0,0.0,19012,34.03132,4.636017,61.728924,182700,3,0,6,218.62816,-59.1318,173.05913,35.04853,63.62059,-0.022883896,-0.11400543,0.044695638,18713992,4,316,0.015242773,361
3000099000310,44000400000481,3000099000326,3000099000000,44,0.75503564,3000099000311,-1,3000099000309,3000099000224,-1,34,0.0,0.0,0.0,19012,33.93843,4.652708,61.664692,182700,3,0,6,209.12854,-44.752262,119.64783,37.496742,72.88264,0.092319034,0.022069711,0.051884033,18712675,4,481,0.019314786,939
3000099000311,43000400000468,3000099000326,3000099000000,43,0.8276991,3000099000312,-1,3000099000310,3000099000225,-1,38,0.0,0.0,0.0,19012,33.831608,4.662779,61.612686,182700,3,0,6,200.09242,-35.8464,80.824524,35.776966,62.94448,0.02871762,0.017520474,0.021188758,18712658,4,468,0.022219026,111
3000099000312,42000400000463,3000099000326,3000099000000,42,0.9054624,3000099000313,-1,3000099000311,3000099000226,3000099000282,49,0.0,0.0,0.0,19012,33.71588,4.67905,61.574738,182700,3,0,6,208.3688,-28.393372,46.64023,38.437412,63.04082,0.20746575,0.16741353,0.024812914,18712710,4,463,0.02572793,400
3000099000313,41000400001506,3000099000326,3000099000000,41,0.98870814,3000099000314,-1,3000099000312,3000099000313,-1,66,5.680334,3.5286925,5.680334,19012,33.60074,4.6911874,61.562145,182700,3,0,6,210.4426,-31.847801,25.254513,37.7132,63.12458,-0.32796156,0.102833025,-0.18564352,18713992,4,1506,0.034967147,313
3000099000314,40000400001833,3000099000326,3000099000000,40,1.0778745,3000099000315,-1,3000099000313,3000099000314,-1,41,5.2500057,3.6147583,5.2500057,19012,33.486214,4.7111163,61.545383,182700,3,0,6,231.62373,-37.53512,9.581302,36.37453,69.00357,0.17669342,0.1915958,0.38931397,18712658,4,1833,0.019904692,207
3000099000315,39000400002265,3000099000326,3000099000000,39,1.173417,3000099000316,-1,3000099000314,3000099000315,-1,43,3.098364,2.7541015,3.0122986,19012,33.350418,4.741096,61.54744,182700,3,0,6,238.97423,-39.3765,5.841517,36.519314,74.308495,0.24421854,0.3071424,-0.3830692,18713992,4,2265,0.025355376,622
3000099000316,38000400001565,3000099000326,3000099000000,38,1.2758462,3000099000317,-1,3000099000315,3000099000316,-1,64,2.3237731,2.2377074,2.3237731,19015,33.199184,4.780202,61.550976,182693,3,0,6,235.19162,-24.217112,7.6917415,34.23489,62.921436,0.13235857,0.37184358,0.117389776,18712710,4,1565,0.042971678,419
3000099000317,37000400003672,3000099000326,3000099000000,37,1.3857181,3000099000318,-1,3000099000316,3000099000317,-1,24,2.5819702,2.1516418,2.5819702,19015,33.08514,4.7934365,61.539307,182693,3,0,6,228.48276,-37.137226,14.793389,30.434273,58.4753,-0.041180726,0.09731728,-0.13716735,18712658,4,3672,0.017097237,930
3000099000318,36000400002119,3000099000326,3000099000000,36,1.5036365,3000099000319,-1,3000099000317,3000099000318,-1,27,2.2377074,2.1516418,2.4098387,19015,32.947475,4.8185625,61.531498,182693,3,0,6,208.3824,-27.234846,15.664632,32.895077,65.49687,0.028638545,0.07635187,-0.117934115,18712658,4,2119,0.013714356,872
3000099000319,34000400000512,3000099000326,3000099000000,34,1.766336,3000099000320,-1,3000099000318,3000099000289,-1,33,0.0,0.0,0.0,19015,32.72174,4.8438864,61.51289,182689,3,0,6,173.42307,-2.2496054,25.230131,36.39877,68.428566,0.12774372,0.10270416,0.009949418,18712710,4,512,0.013438287,780
3000099000320,33000400003393,3000099000326,3000099000000,33,1.9126327,3000099000321,-1,3000099000319,3000099000320,-1,28,2.2377074,1.8073791,2.2377074,19015,32.640114,4.8452764,61.500603,182689,3,0,6,153.63426,9.23031,29.710642,35.589478,69.835556,0.06431397,0.044126403,-0.014389538,18712658,4,3393,0.015376275,368
3000099000321,32000400003397,3000099000326,3000099000000,32,2.0700274,3000099000322,-1,3000099000320,3000099000321,-1,25,1.8934448,1.8934448,1.8934448,19015,32.532448,4.818693,61.46776,182689,3,0,6,138.20589,31.31343,22.2544,35.87503,69.8988,0.076266915,0.14350386,0.18819448,18712665,4,3397,0.011123471,77
3000099000322,30000400004163,3000099000326,3000099000000,30,2.422044,3000099000323,-1,3000099000321,3000099000322,-1,20,1.2049193,1.1188537,1.2049193,19015,32.37638,4.7654314,61.445053,182689,3,0,6,136.8954,42.379124,17.939922,30.297466,60.533585,0.17934039,0.022747094,-0.03494252,18712710,4,4163,0.011111426,529
3000099000323,28000400003641,3000099000326,3000099000000,28,2.8311827,3000099000324,-1,3000099000322,3000099000323,-1,22,1.3770508,1.3770508,1.3770508,19015,32.194645,4.7148213,61.40042,182688,3,0,6,134.67336,47.792873,7.5800953,39.074642,61.788094,-0.081824556,0.04858463,-0.08822208,18712665,4,3641,0.012848205,991
3000099000324,27000400002972,3000099000326,3000099000000,27,3.060419,3000099000325,-1,3000099000323,3000099000324,-1,26,1.6352477,1.6352477,1.9795104,19015,32.145107,4.653097,61.407085,182688,3,0,6,134.38222,48.961807,5.635758,41.797344,70.15364,-0.031162698,-0.00719399,-0.007849482,18712618,4,2972,0.011190531,606
3000099000325,26000400003339,3000099000326,3000099000000,26,3.3080978,3000099000326,-1,3000099000324,3000099000325,-1,21,1.9795104,1.9795104,1.9795104,19015,32.08482,4.641726,61.40404,182688,3,0,6,129.36932,52.98099,6.988518,42.147133,72.82357,0.017914519,0.02763694,-0.01737875,18712663,4,3339,0.010466866,557
3000099000326,25000400003069,3000099000326,3000099000000,25,3.575905,-1,-1,3000099000325,3000099000326,-1,20,1.4631164,1.3770508,1.4631164,19015,32.000378,4.583197,61.395428,182688,3,0,6,125.32207,53.39757,-0.76969236,37.81068,67.701065,-0.0084991045,-0.02257393,-0.02158235,18712710,4,3069,0.009094591,694