haloID,subHaloID,lastProgenitorId,treeId,snapNum,redshift,firstProgenitorId,nextProgenitorId,descendantId,firstHaloInFOFgroupId,nextHaloInFOFgroupId,np,m_Mean200,m_Crit200,m_TopHat,phKey,x,y,z,zIndex,ix,iy,iz,velX,velY,velZ,velDisp,vMax,spinX,spinY,spinZ,mostBoundID,fileNr,subhaloIndex,halfmassRadius,random
7000074000000,63000700000216,7000074000289,7000074000000,63,0.0,7000074000001,-1,-1,7000074000000,7000074000369,4602,492.55383,371.45944,427.40213,31219,28.447828,3.9368572,48.951294,152289,3,0,5,10.696092,-63.76165,-42.33564,160.94171,261.86707,-1.1528618,-2.1968207,2.090136,18751330,7,216,0.125058,7
7000074000001,62000700000218,7000074000289,7000074000000,62,0.019932542,7000074000002,-1,7000074000000,7000074000001,7000074000370,4546,485.58252,363.19714,424.4759,31219,28.444448,3.9474106,48.962185,152289,3,0,5,11.128226,-62.93288,-40.398586,169.03142,269.17755,-1.100636,-2.2199943,2.1858895,18751330,7,218,0.11706651,385
7000074000002,61000700000217,7000074000289,7000074000000,61,0.041403063,7000074000003,-1,7000074000001,7000074000002,7000074000371,4456,477.14807,356.57007,424.82016,31219,28.447731,3.959069,48.973045,152289,3,0,5,3.722798,-63.3051,-36.00768,169.21281,273.25116,-0.827762,-2.026932,2.1207614,18751330,7,217,0.111534804,190
7000074000003,60000700000269,7000074000289,7000074000000,60,0.064493395,7000074000004,-1,7000074000002,7000074000003,7000074000372,4483,469.91858,349.94302,420.51688,31219,28.464832,3.9671977,48.982563,152289,3,0,5,5.2970386,-68.97486,-32.69513,170.85898,285.39426,-0.83984244,-1.7665309,2.5128622,18753674,7,269,0.106295034,515
7000074000004,59000700000206,7000074000289,7000074000000,59,0.08928783,7000074000005,-1,7000074000003,7000074000004,7000074000373,4280,457.43906,321.79953,409.58652,31219,28.477026,3.9565504,48.9834,152289,3,0,5,4.6991405,-59.056396,-29.902922,155.36472,256.08368,-0.7542337,-1.8828127,2.3753629,18751954,7,206,0.12198039,514
7000074000005,58000700000213,7000074000289,7000074000000,58,0.11588337,7000074000006,-1,7000074000004,7000074000005,7000074000294,3922,446.07837,305.79132,389.96356,31219,28.481747,3.968181,48.99062,152289,3,0,5,7.3648562,-52.77203,-19.472147,144.4706,244.96956,-0.8806434,-1.648618,1.3934348,18753520,7,213,0.12628996,491
7000074000006,57000700000207,7000074000262,7000074000000,57,0.14438343,7000074000007,7000074000263,7000074000005,7000074000006,7000074000295,3748,423.09885,268.35275,352.0086,31219,28.481514,3.9788632,49.002197,152289,3,0,5,11.8775,-53.75762,-14.363534,138.68619,243.11409,-0.62263227,-1.5931926,0.9238543,18750708,7,207,0.12510939,687
7000074000007,56000700000223,7000074000262,7000074000000,56,0.17489761,7000074000008,-1,7000074000006,7000074000007,7000074000296,3693,392.6316,238.57404,315.4307,31219,28.473763,3.9848602,49.001915,152289,3,0,5,15.704929,-58.255993,-12.536023,136.96777,241.83403,-0.50413024,-1.5479549,1.235681,18751268,7,223,0.12497766,540
7000074000008,55000700000279,7000074000262,7000074000000,55,0.20754863,7000074000009,-1,7000074000007,7000074000008,7000074000297,3531,353.81598,230.56993,276.87326,31219,28.470926,3.9972708,49.005844,152289,3,0,5,23.575405,-60.808468,-8.727419,135.31966,242.24028,-0.5973726,-1.358398,0.5816044,18751268,7,279,0.1190499,276
7000074000009,54000700000218,7000074000262,7000074000000,54,0.24246909,7000074000010,-1,7000074000008,7000074000009,7000074000298,3203,296.4102,223.59862,266.9757,31219,28.459698,4.0079837,49.000885,152289,3,0,5,31.085411,-58.06637,-0.74726295,135.49777,242.1085,-0.3740203,-1.1680171,-1.0020028,18751307,7,218,0.10617803,891
7000074000010,53000700000260,7000074000245,7000074000000,53,0.2798018,7000074000011,7000074000246,7000074000009,7000074000010,7000074000299,3228,285.22165,214.99205,258.7134,31219,28.445496,4.024782,49.00198,152289,3,0,5,32.64272,-64.67172,-1.191135,135.1497,245.93076,-0.9135273,-1.4203398,0.25033,18751307,7,260,0.11095798,349
7000074000011,52000700000250,7000074000245,7000074000000,52,0.31970343,7000074000012,-1,7000074000010,7000074000011,7000074000300,3029,277.47574,210.68877,251.13963,31219,28.428152,4.044178,48.991016,152289,3,0,5,41.925415,-60.254013,1.8596559,135.22581,242.86217,0.5008608,-0.97378516,-2.0085363,18751307,7,250,0.100930214,969
7000074000012,51000700000245,7000074000245,7000074000000,51,0.36234027,7000074000013,-1,7000074000011,7000074000012,7000074000301,2781,263.44702,208.88138,234.78716,31219,28.425024,4.06931,48.981216,152289,3,0,5,46.14487,-64.3402,5.344886,137.10034,244.06322,-0.3385285,-0.5834919,-0.7904043,18751266,7,245,0.09168152,51
7000074000013,50000700000238,7000074000245,7000074000000,50,0.40789944,7000074000014,-1,7000074000012,7000074000013,7000074000302,2702,254.23799,205.0945,231.94699,31219,28.400534,4.0980134,48.97792,152289,3,0,5,52.437935,-65.65645,7.3036675,138.22462,241.91933,-0.55181324,0.3480978,-1.9165243,18751266,7,238,0.09248217,361
7000074000014,49000700000262,7000074000245,7000074000000,49,0.45657724,7000074000015,-1,7000074000013,7000074000014,-1,2684,247.697,204.14777,231.68878,31219,28.378433,4.1300077,48.979557,152289,3,0,5,53.038994,-63.808296,8.511816,136.73337,238.60953,-0.28703657,0.49242577,-2.2858129,18751307,7,262,0.09150645,665
7000074000015,48000700000248,7000074000245,7000074000000,48,0.5085914,7000074000016,-1,7000074000014,7000074000015,-1,2742,251.05356,200.18875,234.35683,31219,28.361784,4.1796675,48.990437,152289,3,0,5,55.528484,-65.97705,8.36748,138.24251,237.33804,-0.17173392,0.52493894,-2.450585,18750675,7,248,0.09174735,864
7000074000016,47000700000234,7000074000210,7000074000000,47,0.5641766,7000074000017,7000074000211,7000074000015,7000074000016,7000074000211,2865,255.52898,202.51253,239.26257,31219,28.327055,4.201175,48.99303,152289,3,0,5,56.87062,-68.23477,7.452431,140.98431,236.36284,-0.7772554,0.6788753,-2.6440108,18751215,7,234,0.09597085,797
7000074000017,46000700000230,7000074000210,7000074000000,46,0.6235901,7000074000018,-1,7000074000016,7000074000017,7000074000212,2979,261.4675,213.78712,245.63142,31219,28.312887,4.2303176,48.969547,152288,3,0,5,55.79982,-72.062355,3.361824,147.14503,241.73524,-0.42476848,0.74572855,-2.92003,18749546,7,230,0.10265844,697
7000074000018,45000700000200,7000074000155,7000074000000,45,0.6871088,7000074000019,7000074000156,7000074000017,7000074000018,7000074000213,3026,271.88147,229.45108,260.2626,31219,28.321209,4.311953,48.98907,152289,3,0,5,58.99256,-75.07648,-3.8399234,146.71526,233.16843,-0.42360374,0.56020975,-3.107411,18751215,7,200,0.10763709,139
7000074000019,44000700000202,7000074000133,7000074000000,44,0.75503564,7000074000020,7000074000134,7000074000018,7000074000019,7000074000214,2929,271.88147,238.05765,264.65195,31219,28.305231,4.3704767,49.0051,152288,3,0,5,63.065323,-75.53992,-5.281821,152.27057,238.41891,-0.44433865,0.46207458,-3.039578,18751315,7,202,0.10244403,75
7000074000020,43000700000164,7000074000133,7000074000000,43,0.8276991,7000074000021,-1,7000074000019,7000074000020,7000074000215,2775,269.47162,249.41832,265.94293,31219,28.260546,4.4157305,49.01086,152288,3,0,5,63.625492,-70.696594,-1.8500391,167.0587,247.52571,-0.47637403,0.35823682,-3.1470134,18751315,7,164,0.08826291,734
7000074000021,42000700000153,7000074000133,7000074000000,42,0.9054624,7000074000022,-1,7000074000020,7000074000021,7000074000216,2525,256.38965,238.66011,254.23799,31219,28.200075,4.4015193,48.97591,152288,3,0,5,62.726875,-70.94177,1.5800319,183.66092,267.1879,-0.2893606,0.39602247,-2.9723146,18751268,7,153,0.06625857,552
7000074000022,41000700000191,7000074000132,7000074000000,41,0.98870814,7000074000023,7000074000133,7000074000021,7000074000022,7000074000133,2219,230.1396,212.324,227.81583,31219,28.180769,4.5007453,48.94834,152288,3,0,5,61.310062,-87.94354,-29.821339,159.59407,224.82431,-0.8196788,0.17621562,-3.345212,18753563,7,191,0.08495304,461
7000074000023,40000700000192,7000074000107,7000074000000,40,1.0778745,7000074000024,7000074000108,7000074000022,7000074000023,7000074000161,1832,142.78294,115.41406,139.08212,31219,28.107023,4.3838654,48.854694,152288,3,0,5,59.417217,-67.705475,54.914413,129.9589,200.27281,0.15675192,1.0414478,-3.0310214,18751266,7,192,0.087589644,43
7000074000024,39000700000188,7000074000107,7000074000000,39,1.173417,7000074000025,-1,7000074000023,7000074000024,7000074000162,1665,101.557495,92.86486,101.38536,31216,28.085432,4.3944254,48.79214,152260,3,0,5,54.805805,-68.83312,49.657303,121.28044,196.63837,-0.57765573,0.72953045,-2.1742647,18751371,7,188,0.08156863,413
7000074000025,38000700000184,7000074000103,7000074000000,38,1.2758462,7000074000026,7000074000104,7000074000024,7000074000025,7000074000163,1400,95.0165,87.184525,95.0165,31216,28.04471,4.4264946,48.744804,152260,3,0,5,56.927597,-64.39128,54.85761,119.14275,200.93217,-0.39984345,0.48598194,-1.7680429,18750430,7,184,0.06724156,240
7000074000026,37000700000231,7000074000103,7000074000000,37,1.3857181,7000074000027,-1,7000074000025,7000074000026,-1,1155,93.20912,85.46321,93.72552,31216,28.016188,4.4678946,48.698475,152260,3,0,5,56.24985,-64.74746,68.27736,123.024284,205.50282,0.0832433,0.3433407,-1.0465614,18750430,7,231,0.053735632,255
7000074000027,36000700000237,7000074000103,7000074000000,36,1.5036365,7000074000028,-1,7000074000026,7000074000027,-1,1079,89.5083,83.65583,90.45502,31216,27.982407,4.4874573,48.66682,152260,3,0,5,60.13262,-66.84506,63.37654,125.43186,203.74039,-0.36690804,0.35749626,-0.77753025,18750430,7,237,0.049702663,377
7000074000028,35000700000230,7000074000103,7000074000000,35,1.6302707,7000074000029,-1,7000074000027,7000074000028,-1,1004,87.44272,83.2255,88.647644,31216,27.956762,4.5312953,48.62591,152260,3,0,5,66.2816,-67.14353,55.030487,130.4928,208.30925,-0.46229273,0.3810079,-0.86469644,18751292,7,230,0.043597896,317
7000074000029,34000700000212,7000074000103,7000074000000,34,1.766336,7000074000030,-1,7000074000028,7000074000029,-1,965,86.58206,81.67632,87.44272,31216,27.892103,4.590949,48.60866,152260,3,0,5,61.011005,-67.18142,53.499516,139.36888,214.97513,-0.5256221,0.43613553,-0.7086646,18751202,7,212,0.039808787,121
7000074000030,33000700000192,7000074000091,7000074000000,33,1.9126327,7000074000031,7000074000092,7000074000029,7000074000030,7000074000092,885,77.37304,75.307465,78.57796,31216,27.873608,4.653509,48.59825,152260,3,0,5,73.99208,-67.8547,38.08164,135.87224,215.5009,-0.5561279,0.16520858,-0.4041074,18751191,7,192,0.035598543,983
7000074000031,32000700000189,7000074000091,7000074000000,32,2.0700274,7000074000032,-1,7000074000030,7000074000031,7000074000093,804,66.1845,64.549255,67.73368,31216,27.811098,4.716235,48.599525,152260,3,0,5,70.70119,-66.32806,33.876305,123.72446,202.41733,-0.583132,-0.02183387,-0.4560278,18750704,7,189,0.03946338,729
7000074000032,31000700000171,7000074000068,7000074000000,31,2.2394855,7000074000033,7000074000069,7000074000031,7000074000032,7000074000080,663,54.393505,51.983665,56.717278,31216,27.73341,4.783728,48.632153,152260,3,0,5,74.48173,-63.421436,16.848186,118.035484,187.24341,0.007148615,-0.014698357,-0.48303446,18751291,7,171,0.037018713,714
7000074000033,30000700000195,7000074000060,7000074000000,30,2.422044,7000074000034,7000074000061,7000074000032,7000074000033,-1,599,51.8976,50.52055,52.413994,31216,27.690958,4.8197494,48.62007,152260,3,0,5,85.7773,-60.304703,11.220136,126.09208,200.07755,0.14799586,-0.65992945,-0.08242127,18751293,7,195,0.028158851,965
7000074000034,29000700000167,7000074000058,7000074000000,29,2.6188614,7000074000035,7000074000059,7000074000033,7000074000034,7000074000070,500,48.024643,47.163986,48.627106,31216,27.672117,4.8395767,48.61338,152260,3,0,5,85.57041,-47.74901,21.628452,118.00038,188.02872,-0.1264025,-0.6645347,-0.042150516,18750675,7,167,0.030511647,94
7000074000035,28000700000152,7000074000058,7000074000000,28,2.8311827,7000074000036,-1,7000074000034,7000074000035,7000074000071,441,39.15988,38.12709,40.19267,31216,27.615181,4.844181,48.58601,152260,3,0,5,87.522606,-41.573498,19.989906,115.581375,178.35884,0.07076385,-0.7276681,-0.07162723,18751187,7,152,0.028772486,352
7000074000036,27000700000155,7000074000058,7000074000000,27,3.060419,7000074000037,-1,7000074000035,7000074000036,7000074000072,348,26.508226,25.991833,26.85249,31216,27.592674,4.874285,48.518784,152260,3,0,5,100.373566,-45.83242,20.685783,108.550064,172.71053,-0.12813377,-0.20249137,-0.1503188,18751341,7,155,0.022302572,659
7000074000037,26000700000146,7000074000047,7000074000000,26,3.3080978,7000074000038,7000074000048,7000074000036,7000074000037,7000074000073,237,17.47133,16.266413,19.020514,31216,27.50697,4.910227,48.574398,152262,3,0,5,106.00599,-39.069202,0.5788379,94.189575,137.15012,-0.32486618,-0.028456656,-0.3144202,18751337,7,146,0.025225634,826
7000074000038,25000700000204,7000074000047,7000074000000,25,3.575905,7000074000039,-1,7000074000037,7000074000049,-1,69,0.0,0.0,0.0,31216,27.440445,4.873734,48.609547,152260,3,0,5,97.06071,29.52398,-49.964058,65.13652,121.11795,-0.07207215,-0.04415029,-0.12039887,18751336,7,204,0.009378604,639
7000074000039,24000700000502,7000074000047,7000074000000,24,3.8656828,7000074000040,-1,7000074000038,7000074000039,-1,85,6.540991,6.4549255,6.7131224,31216,27.383839,4.861823,48.631138,152260,3,0,5,83.6187,20.557384,-47.159306,73.18858,119.81798,-0.0059090885,-0.032061223,-0.0957198,18749533,7,502,0.011580684,336
7000074000040,23000700000427,7000074000047,7000074000000,23,4.1794686,7000074000041,-1,7000074000039,7000074000040,-1,88,5.508203,5.508203,5.680334,31216,27.344202,4.839014,48.661777,152260,3,0,5,83.418465,15.697026,-34.038937,65.76074,111.937546,-0.07614701,-0.010990476,-0.01238092,18751336,7,427,0.01441459,266
7000074000041,22000700000539,7000074000047,7000074000000,22,4.5195556,7000074000042,-1,7000074000040,7000074000041,-1,64,4.8196774,4.8196774,5.594269,31215,27.307213,4.8286924,48.665264,152205,3,0,5,78.70737,12.132957,-34.45286,73.34689,118.73387,-0.067357525,-0.061608136,-0.16214436,18751336,7,539,0.009324373,353
7000074000042,21000700000407,7000074000047,7000074000000,21,4.888449,7000074000043,-1,7000074000041,7000074000042,-1,64,4.733612,4.733612,4.905743,31215,27.238934,4.8559995,48.68135,152205,3,0,5,83.35565,11.505786,-22.826855,79.108185,126.58334,-0.07201331,-0.01077022,-0.08335497,18751230,7,407,0.007779847,153
7000074000043,20000700000352,7000074000047,7000074000000,20,5.2888336,7000074000044,-1,7000074000042,7000074000043,-1,60,3.9590209,3.9590209,3.9590209,31215,27.210827,4.8582325,48.71581,152205,3,0,5,80.34028,6.2503033,-22.827248,66.05046,113.63818,-6.9838535E-4,0.01836882,-0.042698756,18751336,7,352,0.008969517,921
7000074000044,19000700000379,7000074000047,7000074000000,19,5.7238646,7000074000045,-1,7000074000043,7000074000044,-1,45,3.7008238,3.7008238,3.7008238,31215,27.155075,4.85827,48.714058,152205,3,0,5,78.513504,-9.264885,-15.569983,71.240166,120.97889,0.007789186,0.041746624,-0.028232938,18751341,7,379,0.0067347847,656
7000074000045,18000700000375,7000074000047,7000074000000,18,6.1968336,7000074000046,-1,7000074000044,7000074000045,-1,37,3.098364,3.098364,3.18443,31215,27.11232,4.87079,48.73808,152205,3,0,5,73.37642,-14.782192,-20.89628,72.000404,120.37931,-0.051743746,-0.014753022,-0.04414815,18751341,7,375,0.0060543013,105
7000074000046,17000700000317,7000074000047,7000074000000,17,6.7115865,7000074000047,-1,7000074000045,7000074000046,-1,32,1.9795104,1.9795104,1.9795104,31215,27.09237,4.829964,48.723713,152205,3,0,5,74.95697,-11.11591,-11.979632,63.223797,107.58333,-0.06954855,0.008010099,-0.052962277,18751230,7,317,0.0057167164,776
7000074000047,16000700000370,7000074000047,7000074000000,16,7.272188,-1,-1,7000074000046,7000074000047,-1,22,1.4631164,1.4631164,1.4631164,31215,27.051178,4.855244,48.736,152205,3,0,5,83.252785,-12.828359,-12.6586,60.673454,107.28925,0.008435598,0.011359769,0.014730364,18751345,7,370,0.0039789537,492
7000074000048,26000700000148,7000074000058,7000074000000,26,3.3080978,7000074000049,-1,7000074000036,7000074000037,-1,37,0.0,0.0,0.0,31216,27.51316,4.913706,48.430412,152262,3,0,5,158.2336,-81.26171,86.54507,70.291374,111.65991,0.0057968656,0.06476635,0.018362004,18751191,7,148,0.0071655307,447
7000074000049,25000700000203,7000074000058,7000074000000,25,3.575905,7000074000050,-1,7000074000048,7000074000049,7000074000038,145,8.692633,8.520501,9.209027,31216,27.434738,4.9716597,48.407616,152262,3,0,5,125.803314,-96.024124,53.07345,72.567924,123.45444,0.25278085,0.050647236,-0.0635489,18751202,7,203,0.0182813,240
7000074000050,24000700000429,7000074000058,7000074000000,24,3.8656828,7000074000051,-1,7000074000049,7000074000050,-1,98,8.348371,8.262304,8.9508295,31216,27.362684,4.996058,48.384537,152262,3,0,5,132.38005,-82.47912,33.267464,84.21783,135.75566,0.01871426,0.12598969,-0.039636176,18751292,7,429,0.010689587,478
7000074000051,23000700000362,7000074000058,7000074000000,23,4.1794686,7000074000052,-1,7000074000050,7000074000051,-1,98,8.606567,8.606567,8.778699,31215,27.292763,5.031219,48.351505,152207,3,0,5,128.6675,-70.67242,26.669525,77.462776,126.666115,-0.072432294,0.08314936,-0.060426634,18751202,7,362,0.013092799,834
7000074000052,22000700000377,7000074000058,7000074000000,22,4.5195556,7000074000053,-1,7000074000051,7000074000052,-1,81,6.885254,6.885254,6.885254,31215,27.23594,5.0683684,48.337383,152207,3,0,5,118.92583,-71.822075,24.871807,79.1344,125.64632,-0.00521397,0.075960256,-0.008578532,18750704,7,377,0.010532922,378
7000074000053,21000700000350,7000074000058,7000074000000,21,4.888449,7000074000054,-1,7000074000052,7000074000053,-1,71,4.8196774,4.8196774,4.991809,31215,27.176619,5.0970235,48.3576,152207,3,0,5,113.218796,-78.8188,20.188702,74.450356,120.37167,0.03762959,0.038094338,-0.0063965223,18750704,7,350,0.010120924,425
7000074000054,20000700000344,7000074000058,7000074000000,20,5.2888336,7000074000055,-1,7000074000053,7000074000054,-1,60,3.8729553,3.8729553,4.0450864,31215,27.126215,5.1388283,48.34442,152207,3,0,5,115.85717,-66.154785,19.712198,63.64835,109.79035,-0.0181174,0.057951726,0.06697976,18751174,7,344,0.010893618,889
7000074000055,19000700000323,7000074000058,7000074000000,19,5.7238646,7000074000056,-1,7000074000054,7000074000055,-1,50,2.4959044,2.4959044,2.7541015,31215,27.044432,5.1773806,48.333492,152207,3,0,5,121.455574,-62.292152,16.829535,64.24442,107.79436,-0.04487168,0.10752022,0.01779101,18751300,7,323,0.008282305,29
7000074000056,18000700000376,7000074000058,7000074000000,18,6.1968336,7000074000057,-1,7000074000055,7000074000056,-1,37,2.9262328,2.9262328,3.0122986,31215,27.004852,5.2231073,48.29958,152207,3,0,5,116.194275,-57.333897,10.456993,69.27311,121.060165,-0.022666838,-0.062350005,-0.022333996,18750701,7,376,0.00520526,575
7000074000057,17000700000282,7000074000058,7000074000000,17,6.7115865,7000074000058,-1,7000074000056,7000074000057,-1,34,2.6680357,2.5819702,2.6680357,31215,26.941826,5.254481,48.267155,152207,3,0,5,122.65502,-58.363422,18.695745,66.32656,108.32326,-0.036602117,0.012956064,-0.0060435906,18750701,7,282,0.0061953412,957
7000074000058,16000700000286,7000074000058,7000074000000,16,7.272188,-1,-1,7000074000057,7000074000058,-1,26,1.6352477,1.6352477,1.7213135,31215,26.875872,5.2677355,48.28013,152207,3,0,5,119.54276,-57.0555,32.638294,64.69285,109.077805,-0.04626711,0.022031272,0.0046100616,18751187,7,286,0.0051035797,234
7000074000059,29000700000169,7000074000060,7000074000000,29,2.6188614,7000074000060,-1,7000074000033,7000074000034,-1,20,0.0,0.0,0.0,31216,27.69671,4.8229265,48.53303,152260,3,0,5,81.57241,-43.557228,125.99172,57.082962,88.86029,0.01774289,-0.079343066,-0.0351873,18751307,7,169,0.0055461777,843
7000074000060,28000700000154,7000074000060,7000074000000,28,2.8311827,-1,-1,7000074000059,7000074000035,-1,26,0.0,0.0,0.0,31216,27.637934,4.855533,48.490456,152260,3,0,5,113.19131,-124.76907,8.843736,61.742687,104.9616,-0.07050286,0.04005488,-0.05576149,18749537,7,154,0.005912141,883
7000074000061,30000700002556,7000074000068,7000074000000,30,2.422044,7000074000062,-1,7000074000032,7000074000061,-1,30,0.86065674,0.86065674,0.86065674,31216,28.075226,4.7183833,48.48727,152260,3,0,5,-95.37762,-88.11015,41.819355,32.74492,56.9898,0.08677009,-0.14505608,0.053438812,18752087,7,2556,0.021560105,731
7000074000062,29000700002485,7000074000068,7000074000000,29,2.6188614,7000074000063,-1,7000074000061,7000074000062,-1,26,2.4098387,2.065576,2.4098387,31216,28.073696,4.783537,48.419353,152260,3,0,5,-81.066734,-91.846146,25.647728,33.02733,63.131924,0.0494016,0.006358275,0.041986234,18752021,7,2485,0.01661573,471
7000074000063,28000700002483,7000074000068,7000074000000,28,2.8311827,7000074000064,-1,7000074000062,7000074000063,-1,28,2.065576,2.065576,2.065576,31216,28.15428,4.832052,48.42303,152260,3,0,5,-62.878044,-75.449005,26.42922,40.516968,72.65257,-0.027988223,-0.0820846,-0.004540327,18752087,7,2483,0.01164052,204
7000074000064,27000700003008,7000074000068,7000074000000,27,3.060419,7000074000065,-1,7000074000063,7000074000064,-1,24,1.9795104,1.9795104,1.9795104,31216,28.175539,4.900652,48.3977,152262,3,0,5,-56.28446,-77.10501,26.925985,45.703213,79.57403,-0.038939092,-0.033372603,-0.001037475,18752087,7,3008,0.009090174,173
7000074000065,26000700002737,7000074000068,7000074000000,26,3.3080978,7000074000066,-1,7000074000064,7000074000065,-1,24,1.8073791,1.8073791,1.8073791,31216,28.198215,4.938576,48.384064,152262,3,0,5,-46.064365,-70.34374,24.685694,41.304607,82.34038,0.019154144,-0.0042418535,-0.014668129,18752087,7,2737,0.007732985,703
7000074000066,25000700002493,7000074000068,7000074000000,25,3.575905,7000074000067,-1,7000074000065,7000074000066,-1,24,1.6352477,1.4631164,1.6352477,31216,28.224373,4.9653597,48.35495,152262,3,0,5,-39.560596,-61.43072,19.73928,38.168312,71.87075,0.02270844,0.003375871,0.12759441,18752087,7,2493,0.010316413,593
7000074000067,24000700002347,7000074000068,7000074000000,24,3.8656828,7000074000068,-1,7000074000066,7000074000067,-1,24,0.9467224,0.9467224,1.032788,31216,28.253742,5.011756,48.343407,152262,3,0,5,-33.949837,-64.31451,23.914946,36.341686,65.757416,0.0013148595,-0.03390365,0.0948186,18751974,7,2347,0.014046676,544
7000074000068,23000700002164,7000074000068,7000074000000,23,4.1794686,-1,-1,7000074000067,7000074000068,-1,23,0.516394,0.0,0.516394,31216,28.196266,5.0406084,48.38678,152262,3,0,5,-29.906843,-65.59284,23.250978,30.738028,52.72794,-0.002244276,-0.021706175,0.06827925,18751981,7,2164,0.0177822,138
7000074000069,31000700000173,7000074000079,7000074000000,31,2.2394855,7000074000070,7000074000080,7000074000031,7000074000032,-1,25,0.0,0.0,0.0,31216,27.83377,4.7213826,48.57082,152260,3,0,5,131.71658,-67.19384,28.559183,57.80364,96.04993,0.086544484,0.06741599,-0.075121984,18753673,7,173,0.006042963,778
7000074000070,29000700000168,7000074000079,7000074000000,29,2.6188614,7000074000071,-1,7000074000069,7000074000034,7000074000059,35,0.0,0.0,0.0,31216,27.597525,4.8799095,48.666428,152260,3,0,5,96.77526,-180.47462,-163.16139,60.896507,110.78083,0.022227135,0.0057354523,-0.11752215,18751998,7,168,0.006791762,778
7000074000071,28000700000153,7000074000079,7000074000000,28,2.8311827,7000074000072,-1,7000074000070,7000074000035,7000074000060,49,0.0,0.0,0.0,31216,27.558609,4.970573,48.722965,152262,3,0,5,33.783714,-119.054634,-74.98131,56.90884,104.77865,-0.009176749,0.06771436,-0.10246247,18752824,7,153,0.009764279,349
7000074000072,27000700000156,7000074000079,7000074000000,27,3.060419,7000074000073,-1,7000074000071,7000074000036,-1,79,0.0,0.0,0.0,31216,27.535524,5.0346236,48.763424,152262,3,0,5,15.526633,-84.27241,-45.267715,71.73014,124.85436,-0.03425447,0.03599168,-0.21755189,18751998,7,156,0.009679922,819
7000074000073,26000700000147,7000074000079,7000074000000,26,3.3080978,7000074000074,-1,7000074000072,7000074000037,7000074000048,88,0.0,0.0,0.0,31216,27.518036,5.1024537,48.775986,152262,3,0,5,-21.091166,-59.498802,-22.126482,67.00815,109.55042,-0.10485741,0.02211035,-0.24953812,18752823,7,147,0.014365164,272
7000074000074,25000700000425,7000074000079,7000074000000,25,3.575905,7000074000075,-1,7000074000073,7000074000074,-1,117,8.004107,8.004107,8.778699,31216,27.538828,5.0966134,48.810562,152262,3,0,5,10.824966,-70.34567,-14.693355,77.43322,115.71964,-0.06536341,0.13230877,-0.25913605,18753673,7,425,0.018728545,382
7000074000075,24000700000521,7000074000079,7000074000000,24,3.8656828,7000074000076,-1,7000074000074,7000074000075,-1,87,7.573779,7.573779,7.831976,31216,27.567871,5.1181774,48.79837,152262,3,0,5,-4.725469,-48.595913,-11.2785225,85.335724,130.59488,-0.19228797,-0.08309688,-0.17378281,18752824,7,521,0.010684268,55
7000074000076,23000700000410,7000074000079,7000074000000,23,4.1794686,7000074000077,-1,7000074000075,7000074000076,-1,92,6.7131224,6.6270566,6.7131224,31216,27.58075,5.14061,48.757004,152262,3,0,5,-1.8314526,-53.390793,-11.197788,79.36445,127.582275,-0.083320074,-0.19670148,-0.14799285,18751995,7,410,0.011211979,459
7000074000077,22000700000736,7000074000078,7000074000000,22,4.5195556,7000074000078,7000074000079,7000074000076,7000074000077,-1,49,3.2704954,3.0122986,3.2704954,31216,27.613253,5.17933,48.737118,152262,3,0,5,-29.272203,-47.010452,10.776502,63.070755,96.39049,-0.28610563,0.05607705,-0.042315282,18752831,7,736,0.010950184,614
7000074000078,21000700001250,7000074000078,7000074000000,21,4.888449,-1,-1,7000074000077,7000074000078,-1,27,1.8934448,1.8073791,1.8934448,31216,27.63328,5.204235,48.702568,152262,3,0,5,-5.401285,-65.591576,33.757504,47.6154,89.79592,0.044702433,-0.042921912,-0.066180475,18752000,7,1250,0.007835907,130
7000074000079,22000700001745,7000074000079,7000074000000,22,4.5195556,-1,-1,7000074000076,7000074000079,-1,24,1.7213135,1.7213135,1.7213135,31216,27.455795,5.1910324,48.820515,152262,3,0,5,72.02825,-38.379486,-62.8224,48.146248,80.29375,-0.0030422534,-0.018430768,-0.040487908,18749585,7,1745,0.009576259,460
7000074000080,31000700000172,7000074000091,7000074000000,31,2.2394855,7000074000081,-1,7000074000031,7000074000032,7000074000069,43,0.0,0.0,0.0,31216,27.737335,4.6856866,48.338512,152260,3,0,5,121.57005,-41.127472,176.54216,55.411274,93.559166,0.15451053,-0.0022823415,0.051988646,18750746,7,172,0.01199342,852
7000074000081,30000700001382,7000074000091,7000074000000,30,2.422044,7000074000082,-1,7000074000080,7000074000081,-1,54,3.9590209,3.7008238,4.131152,31216,27.656,4.679206,48.26222,152260,3,0,5,118.11475,-56.888424,141.2801,48.0831,81.602776,0.28154224,0.109137915,0.25860652,18751010,7,1382,0.016549338,562
7000074000082,29000700001646,7000074000091,7000074000000,29,2.6188614,7000074000083,-1,7000074000081,7000074000082,-1,39,3.3565612,3.3565612,3.5286925,31216,27.604212,4.6896253,48.16876,152260,3,0,5,111.220985,-52.897594,117.16808,42.499454,70.02701,0.17058681,0.009145987,0.054326665,18751073,7,1646,0.016731434,404
7000074000083,28000700000939,7000074000091,7000074000000,28,2.8311827,7000074000084,-1,7000074000082,7000074000083,-1,63,2.5819702,1.9795104,3.7008238,31216,27.535862,4.770554,48.15344,152260,3,0,5,99.98251,-66.563644,106.22771,41.329006,77.31338,0.057427194,0.0065033142,0.114614576,18751181,7,939,0.022021161,919
7000074000084,27000700000993,7000074000091,7000074000000,27,3.060419,7000074000085,-1,7000074000083,7000074000084,-1,53,1.9795104,1.8073791,2.2377074,31216,27.48062,4.7615285,48.044945,152260,3,0,5,94.373856,-74.169304,98.92036,45.742733,70.19581,0.25532547,0.14515989,0.21276218,18751073,7,993,0.020790858,919
7000074000085,26000700001113,7000074000091,7000074000000,26,3.3080978,7000074000086,-1,7000074000084,7000074000085,-1,44,3.3565612,3.3565612,3.7008238,31216,27.429174,4.8417583,48.003628,152260,3,0,5,94.76665,-85.26023,79.52568,52.54884,87.415054,0.051358946,0.011607336,0.031125808,18751073,7,1113,0.011939145,462
7000074000086,25000700001018,7000074000091,7000074000000,25,3.575905,7000074000087,-1,7000074000085,7000074000086,-1,44,2.9262328,2.9262328,3.098364,31216,27.403189,4.9038324,47.963886,152262,3,0,5,69.09944,-72.32376,73.237045,64.46637,93.269905,0.13000214,0.06426495,0.027853688,18751010,7,1018,0.010444951,147
7000074000087,24000700000945,7000074000091,7000074000000,24,3.8656828,7000074000088,-1,7000074000086,7000074000087,-1,48,4.217218,4.217218,4.3032837,31215,27.321062,4.995239,47.911633,152207,3,0,5,66.75028,-66.77802,68.412575,69.78878,101.346565,0.21002516,0.040904935,0.023417456,18751147,7,945,0.0103047965,136
7000074000088,23000700000883,7000074000091,7000074000000,23,4.1794686,7000074000089,-1,7000074000087,7000074000088,-1,43,1.6352477,1.6352477,2.5819702,31215,27.263922,5.0246964,47.87826,152207,3,0,5,43.369442,-59.79132,62.38574,56.899628,80.525116,0.22342782,0.16543941,-0.051969923,18750743,7,883,0.014421338,506
7000074000089,22000700001453,7000074000091,7000074000000,22,4.5195556,7000074000090,-1,7000074000088,7000074000089,-1,22,0.60245967,0.60245967,0.6885254,31215,27.193872,5.0722775,47.83773,152203,3,0,5,80.39603,-94.81566,58.304222,41.02755,63.724052,0.042190954,-0.013181142,0.0022231478,18751175,7,1453,0.012259006,973
7000074000090,21000700001251,7000074000091,7000074000000,21,4.888449,7000074000091,-1,7000074000089,7000074000090,-1,22,1.3770508,1.3770508,1.4631164,31215,27.155155,5.1384864,47.820023,152203,3,0,5,86.03892,-79.30569,59.228626,39.13196,68.37706,0.097605646,-0.05234732,0.0038049405,18751010,7,1251,0.010180956,858
7000074000091,19000700000849,7000074000091,7000074000000,19,5.7238646,-1,-1,7000074000090,7000074000091,-1,25,1.8073791,1.8073791,1.9795104,31215,27.099726,5.2226453,47.761684,152203,3,0,5,86.693275,-66.85017,43.234863,56.385303,91.81912,0.013177759,-0.037193816,-0.043544482,18751010,7,849,0.007404478,935
7000074000092,33000700000193,7000074000103,7000074000000,33,1.9126327,7000074000093,-1,7000074000029,7000074000030,-1,36,0.0,0.0,0.0,31216,27.936563,4.586204,48.42596,152260,3,0,5,-117.21658,-51.636753,232.8868,46.29033,82.26086,-0.08830622,-0.31525412,-0.1606765,18752102,7,193,0.011192896,694
7000074000093,32000700000190,7000074000103,7000074000000,32,2.0700274,7000074000094,-1,7000074000092,7000074000031,-1,31,0.0,0.0,0.0,31216,27.996342,4.621537,48.3369,152260,3,0,5,-98.50646,-67.265724,148.37546,52.618443,94.69025,-0.02443251,-0.28427184,-0.08323628,18752097,7,190,0.008935701,1
7000074000094,31000700001789,7000074000103,7000074000000,31,2.2394855,7000074000095,-1,7000074000093,7000074000094,-1,53,3.7008238,2.6680357,3.7868896,31216,28.05777,4.6540704,48.286625,152260,3,0,5,-79.125374,-72.883125,129.83293,48.367825,84.128975,-0.0881843,-0.4900923,-0.04103683,18752170,7,1789,0.018428566,546
7000074000095,30000700001536,7000074000103,7000074000000,30,2.422044,7000074000096,-1,7000074000094,7000074000095,-1,58,2.6680357,2.4959044,2.6680357,31216,28.10694,4.69115,48.240566,152260,3,0,5,-68.47915,-76.9141,108.04108,41.764954,71.50472,-0.018548554,-0.41301325,-0.02802145,18752165,7,1536,0.022036025,894
7000074000096,29000700003582,7000074000100,7000074000000,29,2.6188614,7000074000097,7000074000101,7000074000095,7000074000096,-1,23,1.7213135,1.7213135,1.7213135,31216,28.174507,4.75471,48.217293,152260,3,0,5,-85.98561,-83.17699,69.0361,39.189476,68.9323,0.03594469,0.04185997,-0.016945885,18752113,7,3582,0.009398974,526
7000074000097,28000700003534,7000074000100,7000074000000,28,2.8311827,7000074000098,-1,7000074000096,7000074000097,-1,22,1.4631164,1.4631164,1.549182,31216,28.227654,4.8013735,48.17835,152260,3,0,5,-86.4972,-86.75797,65.04745,34.66303,75.18365,0.077003375,-0.04295229,0.049028143,18752514,7,3534,0.008999986,95
7000074000098,27000700003418,7000074000100,7000074000000,27,3.060419,7000074000099,-1,7000074000097,7000074000098,-1,21,1.9795104,1.9795104,1.9795104,31216,28.270044,4.8627033,48.163685,152260,3,0,5,-76.57548,-84.9361,58.08971,41.90115,75.91755,0.018615637,-0.045721952,0.024252353,18752510,7,3418,0.0075915093,55
7000074000099,26000700003073,7000074000100,7000074000000,26,3.3080978,7000074000100,-1,7000074000098,7000074000099,-1,22,1.8934448,1.8934448,1.8934448,31216,28.29671,4.8874307,48.10601,152262,3,0,5,-65.92879,-86.27721,50.182278,42.70049,72.43941,0.04331347,-0.05103025,0.04027222,18752105,7,3073,0.010899796,122
7000074000100,25000700002821,7000074000100,7000074000000,25,3.575905,-1,-1,7000074000099,7000074000100,-1,22,1.549182,1.549182,1.6352477,31216,28.361744,4.952034,48.093792,152263,3,0,5,-61.81037,-84.707855,51.56429,39.53108,72.04412,0.07319857,-0.059684496,0.062869206,18752510,7,2821,0.011085671,345
7000074000101,29000700003451,7000074000103,7000074000000,29,2.6188614,7000074000102,-1,7000074000095,7000074000101,-1,23,2.065576,2.065576,2.065576,31216,28.116491,4.724684,48.058807,152260,3,0,5,-52.19794,-79.607414,110.580414,36.382217,57.42919,-0.031198487,0.021898817,0.0025861238,18752170,7,3451,0.015721785,462
7000074000102,28000700003036,7000074000103,7000074000000,28,2.8311827,7000074000103,-1,7000074000101,7000074000102,-1,26,1.2909851,0.0,1.7213135,31216,28.158033,4.761845,48.008556,152260,3,0,5,-36.749863,-71.63184,103.1113,33.563576,63.2596,0.014614877,-0.08198931,-0.073039405,18752273,7,3036,0.015291416,235
7000074000103,27000700003282,7000074000103,7000074000000,27,3.060419,-1,-1,7000074000102,7000074000103,-1,22,0.0,0.0,0.9467224,31216,28.196478,4.8010693,47.98358,152260,3,0,5,-42.719448,-71.786095,95.48881,31.608938,54.293327,0.029035674,0.0862441,0.035507448,18752170,7,3282,0.01753824,307
7000074000104,38000700000189,7000074000107,7000074000000,38,1.2758462,7000074000105,-1,7000074000024,7000074000025,-1,21,0.0,0.0,0.0,31219,28.150167,4.547873,49.050034,152288,3,0,5,-182.38281,-101.47572,46.715645,24.780365,51.382843,0.034223072,0.18461071,-0.10763734,18752503,7,189,0.017243115,570
7000074000105,37000700003508,7000074000107,7000074000000,37,1.3857181,7000074000106,-1,7000074000104,7000074000105,-1,21,1.7213135,1.2909851,1.7213135,31219,28.238907,4.6158347,49.02011,152288,3,0,5,-151.29472,-125.45715,68.47469,28.616665,60.725224,-0.0021199584,0.18965383,0.0892311,18752505,7,3508,0.019165551,379
7000074000106,35000700003118,7000074000107,7000074000000,35,1.6302707,7000074000107,-1,7000074000105,7000074000106,-1,21,1.8934448,1.2049193,1.8934448,31219,28.391174,4.785495,48.950993,152289,3,0,5,-94.29604,-141.63724,88.49924,27.255648,54.05573,0.060602263,0.14608507,-0.009591581,18752533,7,3118,0.014383295,869
7000074000107,34000700003422,7000074000107,7000074000000,34,1.766336,-1,-1,7000074000106,7000074000107,-1,23,1.549182,1.549182,1.549182,31219,28.438381,4.8451147,48.90335,152289,3,0,5,-84.696495,-141.76834,91.793274,35.001938,69.03389,0.16432184,0.19963321,-0.03370924,18752537,7,3422,0.009320226,15
7000074000108,39000700004140,7000074000113,7000074000000,39,1.173417,7000074000109,7000074000114,7000074000022,7000074000108,-1,23,1.7213135,1.6352477,1.7213135,31219,28.13747,5.0811768,48.87931,152290,3,0,5,124.121284,-251.4723,148.83905,30.85456,58.32531,-0.02088355,0.086176604,-0.11389291,18750894,7,4140,0.0133124,216
7000074000109,38000700003990,7000074000113,7000074000000,38,1.2758462,7000074000110,-1,7000074000108,7000074000109,-1,24,1.549182,1.4631164,1.549182,31216,28.074495,5.2184286,48.81873,152262,3,0,5,116.16065,-220.85765,138.40878,27.818394,59.23135,-0.023987357,0.07673894,-0.16223975,18750894,7,3990,0.017736938,453
7000074000110,37000700004321,7000074000113,7000074000000,37,1.3857181,7000074000111,-1,7000074000109,7000074000110,-1,21,1.2049193,1.2049193,1.2049193,31216,28.01319,5.3462324,48.745308,152262,3,0,5,113.43783,-201.81953,128.83308,27.200264,54.217068,0.03852824,0.08676327,-0.18969718,18750909,7,4321,0.0145504745,220
7000074000111,36000700004077,7000074000113,7000074000000,36,1.5036365,7000074000112,-1,7000074000110,7000074000111,-1,23,1.2909851,1.2909851,1.2909851,31216,27.942108,5.460466,48.673847,152262,3,0,5,109.773605,-191.31744,125.5798,27.010714,59.49417,-0.007982389,0.08486234,-0.16533567,18750894,7,4077,0.015366763,481
7000074000112,35000700004322,7000074000113,7000074000000,35,1.6302707,7000074000113,-1,7000074000111,7000074000112,-1,21,1.4631164,1.3770508,1.4631164,31216,27.865637,5.56512,48.60929,152262,3,0,5,102.82511,-180.23282,119.8699,28.403067,54.368877,0.01103646,0.106102765,-0.15136541,18750909,7,4322,0.01608975,11
7000074000113,34000700004403,7000074000113,7000074000000,34,1.766336,-1,-1,7000074000112,7000074000113,-1,20,1.549182,1.549182,1.549182,31216,27.805126,5.65673,48.52748,152262,3,0,5,100.97764,-171.20135,116.97268,30.809359,59.250877,0.06617255,0.10668267,-0.17471996,18750889,7,4403,0.0116068665,41
7000074000114,40000700000195,7000074000132,7000074000000,40,1.0778745,7000074000115,-1,7000074000022,7000074000023,7000074000138,41,0.0,0.0,0.0,31219,28.109009,4.4837637,49.072197,152288,3,0,5,53.072,25.84385,-150.90858,56.585545,91.26333,-0.031163668,-0.24374674,-0.1337665,18753442,7,195,0.009717542,413
7000074000115,39000700000191,7000074000132,7000074000000,39,1.173417,7000074000116,-1,7000074000114,7000074000024,7000074000139,52,0.0,0.0,0.0,31219,28.091927,4.4875593,49.13532,152288,3,0,5,37.281734,-22.396444,-145.34442,56.00323,98.052414,-0.07783236,-0.14749831,-0.22000827,18749820,7,191,0.011355794,973
7000074000116,38000700000187,7000074000132,7000074000000,38,1.2758462,7000074000117,-1,7000074000115,7000074000025,7000074000140,63,0.0,0.0,0.0,31219,28.064346,4.507384,49.197475,152288,3,0,5,42.188293,-54.28627,-142.67397,57.764423,98.90878,-0.01806158,-0.06849295,-0.07992368,18753445,7,187,0.014134546,636
7000074000117,37000700000537,7000074000132,7000074000000,37,1.3857181,7000074000118,-1,7000074000116,7000074000220,-1,58,0.0,0.0,0.0,31219,28.054205,4.545939,49.2947,152288,3,0,5,41.248085,-76.12426,-136.80186,55.600273,96.186035,0.01703944,-0.03517215,-0.11329756,18730647,7,537,0.012506452,781
7000074000118,36000700000532,7000074000132,7000074000000,36,1.5036365,7000074000119,-1,7000074000117,7000074000221,-1,61,0.0,0.0,0.0,31219,28.023142,4.60821,49.36852,152288,3,0,5,39.722816,-84.37561,-143.03055,51.606853,95.28597,0.14200932,-0.008652028,0.0058796466,18749817,7,532,0.013188151,949
7000074000119,35000700001519,7000074000132,7000074000000,35,1.6302707,7000074000120,-1,7000074000118,7000074000119,-1,71,6.282794,6.282794,6.4549255,31219,28.007017,4.646375,49.44117,152288,3,0,5,39.14082,-84.235985,-137.20354,50.515594,99.76105,0.14608632,0.013080566,0.13058722,18753443,7,1519,0.015015096,435
7000074000120,34000700001590,7000074000132,7000074000000,34,1.766336,7000074000121,-1,7000074000119,7000074000120,-1,67,5.9385314,5.594269,5.9385314,31219,27.977732,4.7224765,49.51472,152288,3,0,5,42.531204,-83.041306,-133.49632,53.139328,92.400375,0.038310554,-0.0061923247,0.10286594,18749823,7,1590,0.015763521,721
7000074000121,33000700001366,7000074000132,7000074000000,33,1.9126327,7000074000122,-1,7000074000120,7000074000121,-1,77,5.7664,5.508203,6.024597,31219,27.967777,4.7308736,49.61214,152288,3,0,5,44.85794,-81.47668,-126.359024,55.83163,98.80517,-0.026606632,-0.017995195,0.13180804,18749823,7,1366,0.016215552,844
7000074000122,32000700001258,7000074000132,7000074000000,32,2.0700274,7000074000123,-1,7000074000121,7000074000122,-1,80,5.8524656,5.680334,5.9385314,31219,27.921179,4.779617,49.687534,152288,3,0,5,48.799343,-80.08115,-120.00841,52.828384,95.01444,0.0654742,0.0013235327,0.06387118,18749829,7,1258,0.018315569,603
7000074000123,31000700001240,7000074000132,7000074000000,31,2.2394855,7000074000124,-1,7000074000122,7000074000123,-1,77,5.9385314,5.8524656,5.9385314,31219,27.902042,4.829554,49.742676,152288,3,0,5,47.545204,-79.69554,-116.42589,54.633274,102.314545,-0.16382837,0.07460396,0.058241736,18730647,7,1240,0.016758699,828
7000074000124,30000700001456,7000074000132,7000074000000,30,2.422044,7000074000125,-1,7000074000123,7000074000124,-1,59,5.1639404,5.1639404,5.3360715,31219,27.864746,4.875134,49.814835,152292,3,0,5,54.920063,-71.17855,-106.19074,55.88417,98.49695,0.053684913,0.051374312,0.041903485,18749822,7,1456,0.012816275,254
7000074000125,29000700001461,7000074000132,7000074000000,29,2.6188614,7000074000126,-1,7000074000124,7000074000125,-1,58,4.991809,4.905743,5.3360715,31219,27.839254,4.9124236,49.87415,152294,3,0,5,53.86809,-74.18057,-105.309616,59.38253,103.026215,-0.08532268,0.113666326,0.17603502,18734272,7,1461,0.01065981,508
7000074000126,28000700001063,7000074000132,7000074000000,28,2.8311827,7000074000127,-1,7000074000125,7000074000126,-1,74,5.8524656,5.7664,6.196728,31219,27.816284,4.945696,49.91526,152294,3,0,5,49.251648,-66.54544,-94.034294,58.42492,101.64597,0.123755656,0.07737828,0.2929601,18734268,7,1063,0.014747716,918
7000074000127,27000700000954,7000074000132,7000074000000,27,3.060419,7000074000128,-1,7000074000126,7000074000127,-1,76,5.508203,5.3360715,5.7664,31219,27.77089,4.963604,49.98061,152294,3,0,5,49.703068,-68.343765,-91.767845,61.132896,98.88111,0.02056504,0.082577944,0.17311263,18749814,7,954,0.016042968,97
7000074000128,26000700000908,7000074000132,7000074000000,26,3.3080978,7000074000129,-1,7000074000127,7000074000128,-1,71,5.0778747,5.0778747,5.3360715,31219,27.753204,5.0370913,50.003777,152294,3,0,5,53.22918,-64.92448,-85.37292,62.935448,107.38833,0.0081769,0.108673416,0.16310538,18749821,7,908,0.012345188,935
7000074000129,25000700000861,7000074000132,7000074000000,25,3.575905,7000074000130,-1,7000074000128,7000074000129,-1,65,4.5614805,4.5614805,4.5614805,31219,27.735233,5.09095,50.037193,152294,3,0,5,53.062664,-63.463913,-78.48404,60.740868,100.979095,0.045223214,0.06242973,0.1532685,18749822,7,861,0.01260015,595
7000074000130,24000700000768,7000074000132,7000074000000,24,3.8656828,7000074000131,-1,7000074000129,7000074000130,-1,63,3.7008238,3.5286925,3.9590209,31219,27.702896,5.123027,50.07819,152294,3,0,5,52.023922,-61.368057,-73.87877,55.82482,97.4799,0.01713013,0.07725428,0.16097319,18749822,7,768,0.013963408,784
7000074000131,23000700000975,7000074000132,7000074000000,23,4.1794686,7000074000132,-1,7000074000130,7000074000131,-1,45,2.065576,2.065576,2.1516418,31219,27.682108,5.1359224,50.17376,152294,3,0,5,46.097263,-68.46849,-73.30976,50.45024,81.81984,0.038020696,0.022369921,0.11818669,18749822,7,975,0.013169669,860
7000074000132,22000700002131,7000074000132,7000074000000,22,4.5195556,-1,-1,7000074000131,7000074000132,-1,20,1.3770508,1.3770508,1.4631164,31219,27.660793,5.1681323,50.174225,152294,3,0,5,52.117817,-52.91897,-70.471504,42.704544,76.52904,-0.057425655,0.03077138,0.059679773,18730647,7,2131,0.006952005,861
7000074000133,41000700000192,7000074000133,7000074000000,41,0.98870814,-1,-1,7000074000021,7000074000022,7000074000160,241,0.0,0.0,0.0,31219,28.137888,4.367955,48.90199,152288,3,0,5,82.7165,16.100084,124.80986,109.917305,167.81274,0.08162962,-0.025337376,-0.16747674,18750706,7,192,0.016604798,4
7000074000134,44000700000204,7000074000155,7000074000000,44,0.75503564,7000074000135,-1,7000074000018,7000074000019,7000074000157,30,0.0,0.0,0.0,31219,28.233395,4.3472824,49.161495,152288,3,0,5,18.477571,-93.88837,-66.348366,36.424007,67.84559,-0.05550442,0.0813904,0.0019971028,18751876,7,204,0.015613596,891
7000074000135,43000700000167,7000074000155,7000074000000,43,0.8276991,7000074000136,-1,7000074000134,7000074000020,-1,30,0.0,0.0,0.0,31219,28.236204,4.3796196,49.171806,152288,3,0,5,-18.01817,-112.431244,72.579926,45.412045,73.82144,-0.023214268,0.097674966,0.008202131,18751396,7,167,0.012512849,834
7000074000136,42000700000156,7000074000155,7000074000000,42,0.9054624,7000074000137,-1,7000074000135,7000074000021,-1,21,0.0,0.0,0.0,31219,28.258322,4.4437547,49.081844,152288,3,0,5,-39.56401,-119.0854,298.14288,48.35344,77.925125,0.039220676,-0.015153646,0.016063642,18753655,7,156,0.008855607,13
7000074000137,41000700000194,7000074000155,7000074000000,41,0.98870814,7000074000138,-1,7000074000136,7000074000022,-1,20,0.0,0.0,0.0,31219,28.221706,4.4776826,48.893322,152288,3,0,5,191.31964,-12.019093,355.1941,43.16215,77.88135,-0.055146784,0.046669647,-0.056856845,18758268,7,194,0.00900874,7
7000074000138,40000700000196,7000074000155,7000074000000,40,1.0778745,7000074000139,-1,7000074000137,7000074000023,-1,38,0.0,0.0,0.0,31216,28.098328,4.45025,48.748417,152260,3,0,5,285.08337,109.309074,207.48965,53.35608,88.41924,-0.010665265,0.05879408,-3.2990795E-4,18758268,7,196,0.009697667,353
7000074000139,39000700000192,7000074000155,7000074000000,39,1.173417,7000074000140,-1,7000074000138,7000074000024,-1,48,0.0,0.0,0.0,31216,27.949982,4.3765883,48.678192,152260,3,0,5,220.16615,149.00934,89.05205,45.577106,86.385605,0.086995766,0.10152769,0.017797163,18758268,7,192,0.01326871,944
7000074000140,38000700000188,7000074000155,7000074000000,38,1.2758462,7000074000141,-1,7000074000139,7000074000025,7000074000104,50,0.0,0.0,0.0,31216,27.865217,4.2908297,48.638916,152260,3,0,5,152.06126,132.52394,31.35728,42.515038,80.60708,0.038717676,0.07643886,0.0716933,18749613,7,188,0.01630729,761
7000074000141,37000700001600,7000074000155,7000074000000,37,1.3857181,7000074000142,-1,7000074000140,7000074000141,-1,68,6.1106625,5.680334,6.1106625,31216,27.785027,4.239072,48.624817,152260,3,0,5,108.40606,103.61769,6.6028147,45.685158,89.0832,-0.091722265,0.08289705,0.24822871,18751399,7,1600,0.017679865,283
7000074000142,36000700001645,7000074000155,7000074000000,36,1.5036365,7000074000143,-1,7000074000141,7000074000142,-1,70,5.680334,5.594269,5.680334,31216,27.75235,4.177364,48.63274,152260,3,0,5,84.10075,83.83836,-4.9840627,48.868782,88.85184,-0.16842929,0.1518285,0.18514761,18751396,7,1645,0.021591054,448
7000074000143,35000700001638,7000074000155,7000074000000,35,1.6302707,7000074000144,-1,7000074000142,7000074000143,-1,68,6.1106625,5.7664,6.196728,31216,27.696718,4.124509,48.631916,152260,3,0,5,63.6244,66.45464,-12.139928,49.775963,90.822464,-0.20319906,0.17657623,0.15520442,18751396,7,1638,0.017484792,997
7000074000144,34000700001356,7000074000155,7000074000000,34,1.766336,7000074000145,-1,7000074000143,7000074000144,-1,73,6.282794,5.9385314,6.4549255,31216,27.6649,4.088563,48.6345,152260,3,0,5,43.762707,51.25728,-19.636183,52.650265,88.9332,-0.11850075,0.21677591,0.23466647,18751396,7,1356,0.01811656,635
7000074000145,33000700001466,7000074000155,7000074000000,33,1.9126327,7000074000146,-1,7000074000144,7000074000145,-1,68,5.594269,5.4221373,5.8524656,31216,27.637062,4.0842757,48.65734,152260,3,0,5,35.519577,41.6698,-21.688156,45.570095,83.32116,-0.25485343,0.24265893,0.12557144,18758270,7,1466,0.01949868,931
7000074000146,32000700001492,7000074000155,7000074000000,32,2.0700274,7000074000147,-1,7000074000145,7000074000146,-1,67,4.8196774,4.6475463,5.0778747,31216,27.59851,4.0385156,48.65798,152260,3,0,5,20.857113,30.604553,-22.242609,44.570343,82.25835,-0.173159,0.1597413,0.1447214,18758270,7,1492,0.02242643,725
7000074000147,31000700001314,7000074000155,7000074000000,31,2.2394855,7000074000148,-1,7000074000146,7000074000147,-1,69,3.3565612,3.0122986,5.4221373,31216,27.588583,4.0506997,48.687176,152260,3,0,5,11.282064,25.343096,-13.551466,45.621204,82.26383,-0.066732764,0.05566689,0.068306416,18758270,7,1314,0.0250887,329
7000074000148,30000700001346,7000074000155,7000074000000,30,2.422044,7000074000149,-1,7000074000147,7000074000148,-1,59,4.8196774,4.6475463,4.905743,31216,27.587687,4.0249815,48.69046,152260,3,0,5,11.981586,29.845219,-10.892073,53.765503,86.189095,-0.09442058,0.08065073,0.03450625,18751400,7,1346,0.017299136,400
7000074000149,29000700001327,7000074000155,7000074000000,29,2.6188614,7000074000150,-1,7000074000148,7000074000149,-1,64,5.4221373,5.4221373,5.4221373,31216,27.578001,3.9847598,48.662758,152260,3,0,5,12.982812,18.93583,-12.905775,64.901764,107.93336,-0.079585485,0.11749383,-0.030091455,18758270,7,1327,0.0122243315,84
7000074000150,28000700001276,7000074000155,7000074000000,28,2.8311827,7000074000151,-1,7000074000149,7000074000150,-1,61,5.0778747,5.0778747,5.1639404,31216,27.578995,3.9671905,48.696735,152260,3,0,5,3.8902757,16.153929,-12.917553,56.62679,96.50161,-0.06424073,0.09047067,-0.019377511,18758270,7,1276,0.015632069,986
7000074000151,27000700001221,7000074000155,7000074000000,27,3.060419,7000074000152,-1,7000074000150,7000074000151,-1,59,3.5286925,3.5286925,3.7008238,31216,27.569508,3.9434657,48.685474,152260,3,0,5,9.881788,13.842549,-13.466184,49.111023,88.606125,-0.13285062,0.14911306,0.04974214,18758270,7,1221,0.015508923,576
7000074000152,26000700001408,7000074000155,7000074000000,26,3.3080978,7000074000153,-1,7000074000151,7000074000152,-1,46,2.3237731,2.065576,2.7541015,31216,27.546726,3.9217415,48.676914,152260,3,0,5,9.397594,5.611866,-16.097414,49.621025,86.96625,-0.037939053,0.039194774,-0.025143838,18751879,7,1408,0.016505621,221
7000074000153,25000700001608,7000074000155,7000074000000,25,3.575905,7000074000154,-1,7000074000152,7000074000153,-1,36,2.7541015,2.7541015,2.7541015,31216,27.536049,3.9406216,48.695545,152260,3,0,5,17.639265,5.7695146,-7.707271,45.936306,81.489296,0.011428424,-0.010077203,-0.08920188,18753653,7,1608,0.012091289,904
7000074000154,23000700002463,7000074000155,7000074000000,23,4.1794686,7000074000155,-1,7000074000153,7000074000154,-1,20,1.3770508,1.3770508,1.4631164,31216,27.541367,4.027938,48.69708,152260,3,0,5,18.339212,-13.029097,-13.362097,45.859802,76.07188,0.036461417,-0.017686784,0.034650896,18749613,7,2463,0.008478989,510
7000074000155,22000700001333,7000074000155,7000074000000,22,4.5195556,-1,-1,7000074000154,7000074000155,-1,30,1.2049193,1.2049193,1.2049193,31216,27.516678,4.025772,48.698124,152260,3,0,5,15.351633,1.636586,-6.072313,38.104176,70.1315,0.052000877,-0.037146583,-0.06884707,18749613,7,1333,0.012252632,498
7000074000156,45000700000202,7000074000210,7000074000000,45,0.6871088,7000074000157,-1,7000074000017,7000074000018,-1,40,0.0,0.0,0.0,31219,28.30958,4.254952,48.954063,152288,3,0,5,145.39854,-10.837344,219.44626,57.109707,102.72724,-0.052590698,0.072050646,0.008715767,18750385,7,202,0.009045751,974
7000074000157,44000700000205,7000074000210,7000074000000,44,0.75503564,7000074000158,-1,7000074000156,7000074000019,-1,30,0.0,0.0,0.0,31219,28.214895,4.2712116,48.889347,152288,3,0,5,199.54701,-37.10073,54.376663,57.114555,99.44149,-0.043531198,0.075837806,-0.04582048,18750385,7,205,0.0071298536,237
7000074000158,43000700000166,7000074000210,7000074000000,43,0.8276991,7000074000159,-1,7000074000157,7000074000020,7000074000135,49,0.0,0.0,0.0,31219,28.151308,4.313306,48.89261,152288,3,0,5,65.76256,-80.07467,-24.50914,55.870605,91.166336,-0.13793111,0.1835936,-0.1156581,18750372,7,166,0.0118707055,863
7000074000159,42000700000155,7000074000210,7000074000000,42,0.9054624,7000074000160,-1,7000074000158,7000074000021,7000074000136,43,0.0,0.0,0.0,31219,28.162766,4.3644056,48.92505,152288,3,0,5,-159.57767,-197.0849,-172.82008,86.04692,131.66003,-0.076939814,-0.10174941,0.0041175256,18749881,7,155,0.0058940914,211
7000074000160,41000700000193,7000074000210,7000074000000,41,0.98870814,7000074000161,-1,7000074000159,7000074000022,7000074000137,63,0.0,0.0,0.0,31219,28.243017,4.4739122,49.04898,152288,3,0,5,-78.354546,-227.5422,-146.57584,68.464806,119.95352,-0.111829795,-0.08116006,-0.06748301,18752920,7,193,0.008231781,93
7000074000161,40000700000193,7000074000210,7000074000000,40,1.0778745,7000074000162,-1,7000074000160,7000074000023,7000074000217,273,0.0,0.0,0.0,31219,28.255964,4.5964365,49.092182,152288,3,0,5,-3.8713846,-222.99762,-87.26289,97.25549,152.93379,0.015610341,-0.31998232,-0.42706516,18752920,7,193,0.02337959,546
7000074000162,39000700000189,7000074000210,7000074000000,39,1.173417,7000074000163,-1,7000074000161,7000074000024,7000074000218,300,0.0,0.0,0.0,31219,28.228617,4.709469,49.1317,152288,3,0,5,47.831245,-207.73117,-59.527348,91.90684,148.09137,0.16997804,-0.2810994,-0.3720219,18750270,7,189,0.027478311,457
7000074000163,38000700000185,7000074000210,7000074000000,38,1.2758462,7000074000164,-1,7000074000162,7000074000025,7000074000219,413,0.0,0.0,0.0,31219,28.194096,4.8117476,49.153915,152288,3,0,5,69.76146,-180.35106,-39.30561,92.76001,150.11496,0.3630208,-0.18813494,-0.33937335,18750346,7,185,0.034635723,802
7000074000164,37000700000354,7000074000210,7000074000000,37,1.3857181,7000074000165,-1,7000074000163,7000074000164,-1,528,47.163986,42.000046,47.33612,31219,28.158173,4.8971868,49.16782,152290,3,0,5,74.119125,-156.47044,-37.779465,93.82584,151.49704,0.45433095,-0.53551275,-0.03585461,18750346,7,354,0.048785154,405
7000074000165,36000700000362,7000074000210,7000074000000,36,1.5036365,7000074000166,-1,7000074000164,7000074000165,-1,531,42.77464,37.6107,43.463165,31219,28.125193,4.9613886,49.16904,152290,3,0,5,80.55036,-146.12639,-35.629646,94.39639,146.40541,0.41522408,-0.35431165,0.050611716,18750346,7,362,0.048729703,824
7000074000166,35000700000402,7000074000206,7000074000000,35,1.6302707,7000074000167,7000074000207,7000074000165,7000074000166,-1,434,38.041027,34.5984,38.901684,31219,28.08649,5.0417647,49.173622,152290,3,0,5,72.99629,-148.5854,-18.868456,95.43608,143.95535,0.34897822,-0.42449093,-0.3332457,18750363,7,402,0.03921108,919
7000074000167,34000700000399,7000074000206,7000074000000,34,1.766336,7000074000168,-1,7000074000166,7000074000167,-1,411,36.147583,34.77053,36.663975,31219,28.065447,5.1483674,49.19774,152290,3,0,5,77.63226,-137.00385,-21.882349,104.226585,161.57831,0.54753834,-0.16038835,-0.42066923,18750163,7,399,0.031923734,287
7000074000168,33000700000365,7000074000204,7000074000000,33,1.9126327,7000074000169,7000074000205,7000074000167,7000074000168,7000074000205,360,28.487738,27.282818,29.090197,31219,28.033556,5.3026905,49.239033,152290,3,0,5,67.21073,-128.98528,-24.860165,100.50438,148.16695,0.4045535,-0.42021665,-0.64492244,18750378,7,365,0.031403515,304
7000074000169,32000700000355,7000074000204,7000074000000,32,2.0700274,7000074000170,-1,7000074000168,7000074000169,7000074000206,331,14.286901,13.254113,14.545098,31219,27.98851,5.4368863,49.257874,152290,3,0,5,67.7623,-122.40347,-21.652851,89.78639,143.4207,0.5639454,-0.18814288,-0.8071098,18752928,7,355,0.05163357,64
7000074000170,31000700000731,7000074000184,7000074000000,31,2.2394855,7000074000171,7000074000185,7000074000169,7000074000170,-1,139,12.393456,12.393456,12.479523,31219,27.9418,5.5383067,49.260532,152290,3,0,5,85.867966,-176.94336,-18.345636,73.91577,135.10318,-0.052968875,-0.09943643,0.12183672,18750376,7,731,0.016469406,556
7000074000171,30000700000653,7000074000184,7000074000000,30,2.422044,7000074000172,-1,7000074000170,7000074000171,-1,138,11.618866,11.360668,12.221325,31219,27.882711,5.6386466,49.282852,152290,3,0,5,85.533195,-153.68758,-12.751295,76.11864,135.17284,-3.4498237E-4,-0.10778668,0.10331885,18750376,7,653,0.016882494,54
7000074000172,29000700000686,7000074000184,7000074000000,29,2.6188614,7000074000173,-1,7000074000171,7000074000172,-1,122,11.102471,10.93034,11.188538,31219,27.849897,5.730446,49.28451,152290,3,0,5,86.9901,-134.34537,-9.900053,76.855576,135.5122,-0.0066333874,-0.11158491,0.12171394,18750350,7,686,0.012906767,377
7000074000173,28000700000604,7000074000184,7000074000000,28,2.8311827,7000074000174,-1,7000074000172,7000074000173,-1,125,10.241815,9.8975525,10.327881,31219,27.799002,5.8026547,49.289604,152290,3,0,5,88.284836,-125.14179,-9.575736,73.371086,133.4983,-0.07119249,-0.027761396,0.03158246,18750247,7,604,0.013704359,495
7000074000174,27000700000609,7000074000184,7000074000000,27,3.060419,7000074000175,-1,7000074000173,7000074000174,-1,105,9.122961,8.9508295,9.725421,31218,27.749796,5.868067,49.297413,152304,3,0,5,89.807686,-109.54396,-11.548211,68.87638,124.69159,-0.10298895,-0.031709593,0.050751917,18750350,7,609,0.0131053245,535
7000074000175,26000700000461,7000074000184,7000074000000,26,3.3080978,7000074000176,-1,7000074000174,7000074000175,-1,110,8.606567,8.520501,8.864764,31218,27.68623,5.904901,49.295715,152304,3,0,5,83.55512,-97.21451,-4.927035,71.028786,130.97658,0.016798284,-0.090281196,0.14292867,18750159,7,461,0.013457095,807
7000074000176,25000700000516,7000074000184,7000074000000,25,3.575905,7000074000177,-1,7000074000175,7000074000176,-1,98,8.090173,8.090173,8.262304,31218,27.629055,5.9543295,49.295856,152304,3,0,5,79.27468,-89.828354,0.28886557,74.38149,130.82744,-0.15838662,-0.019323029,0.090211675,18750383,7,516,0.01197201,89
7000074000177,24000700000434,7000074000184,7000074000000,24,3.8656828,7000074000178,-1,7000074000176,7000074000177,-1,95,7.4877133,7.4877133,7.4877133,31218,27.575665,6.052556,49.29906,152304,3,0,5,76.45727,-86.97177,6.2664804,70.393814,120.44191,-0.14063755,0.0049029267,0.03502406,18750377,7,434,0.012644814,245
7000074000178,23000700000357,7000074000184,7000074000000,23,4.1794686,7000074000179,-1,7000074000177,7000074000178,-1,99,7.831976,7.831976,8.004107,31218,27.548126,6.094868,49.29661,152304,3,0,5,72.89299,-88.82437,5.2458982,80.832054,136.6773,-0.09381488,-0.05178624,-0.011401979,18750379,7,357,0.010480095,113
7000074000179,22000700000254,7000074000184,7000074000000,22,4.5195556,7000074000180,-1,7000074000178,7000074000179,-1,113,7.7459106,7.7459106,8.176239,31218,27.51661,6.140635,49.320904,152304,3,0,5,70.73517,-73.035866,3.9666698,76.00449,131.28154,-0.24903971,0.12098319,-0.10664801,18750381,7,254,0.014041168,358
7000074000180,21000700000275,7000074000184,7000074000000,21,4.888449,7000074000181,-1,7000074000179,7000074000180,-1,85,4.991809,4.991809,5.2500057,31218,27.494877,6.2090273,49.296684,152304,3,0,5,73.764275,-66.18239,-1.1475883,77.52175,121.515945,0.024834411,-0.08687998,-0.057126734,18750362,7,275,0.01169682,70
7000074000181,20000700000258,7000074000184,7000074000000,20,5.2888336,7000074000182,-1,7000074000180,7000074000181,-1,74,5.9385314,5.9385314,6.196728,31218,27.44247,6.2216067,49.308475,152304,3,0,5,79.689255,-69.20316,2.6896574,81.341515,131.87119,0.032759175,-0.13365108,0.17028028,18750269,7,258,0.009140765,947
7000074000182,19000700000210,7000074000184,7000074000000,19,5.7238646,7000074000183,-1,7000074000181,7000074000182,-1,65,4.217218,4.217218,4.3893495,31218,27.411581,6.262905,49.312157,152304,3,0,5,80.11474,-70.12903,-0.7198129,68.42395,116.18596,0.08484521,-0.19547415,0.20886552,18750247,7,210,0.010250281,841
7000074000183,18000700000255,7000074000184,7000074000000,18,6.1968336,7000074000184,-1,7000074000182,7000074000183,-1,45,2.4959044,2.4959044,2.4959044,31218,27.345316,6.3011827,49.297245,152304,3,0,5,65.118935,-82.33707,0.46281323,67.220184,102.45629,0.08305946,-0.16341321,0.23864944,18750365,7,255,0.009068326,111
7000074000184,17000700000222,7000074000184,7000074000000,17,6.7115865,-1,-1,7000074000183,7000074000184,-1,40,1.3770508,1.3770508,1.4631164,31213,27.259436,6.331309,49.32581,152249,3,0,5,102.6678,-57.608337,-1.5236202,58.0218,91.150986,0.026735296,-2.8776887E-4,0.105990484,18750377,7,222,0.009856887,371
7000074000185,31000700003417,7000074000186,7000074000000,31,2.2394855,7000074000186,7000074000187,7000074000169,7000074000185,-1,20,1.549182,1.3770508,1.549182,31219,28.061232,5.273351,49.437126,152290,3,0,5,-14.192975,-32.75102,-141.8841,36.38681,61.54677,-0.10519409,0.03128386,0.07708293,18753461,7,3417,0.014026542,770
7000074000186,30000700003658,7000074000186,7000074000000,30,2.422044,-1,-1,7000074000185,7000074000186,-1,22,1.4631164,1.4631164,1.4631164,31219,28.038448,5.294433,49.49878,152290,3,0,5,-9.195596,-40.381912,-119.09027,35.068977,64.3882,-0.07350886,-0.012614123,0.06421966,18753455,7,3658,0.011973094,115
7000074000187,31000700000544,7000074000203,7000074000000,31,2.2394855,7000074000188,7000074000204,7000074000169,7000074000187,7000074000204,119,9.036896,8.778699,9.122961,31219,27.81809,5.345127,49.109753,152290,3,0,5,69.449715,-65.01094,-6.240842,68.02285,107.70503,-0.09676192,-0.39933857,0.13396236,18752860,7,544,0.01931284,14
7000074000188,30000700000535,7000074000203,7000074000000,30,2.422044,7000074000189,-1,7000074000187,7000074000188,-1,159,10.93034,9.725421,11.274603,31219,27.825079,5.3852386,49.14368,152290,3,0,5,50.19401,-68.3618,-17.547674,75.91861,111.08864,-0.12216227,-0.24561188,-0.13969995,18753722,7,535,0.0297147,6
7000074000189,29000700000588,7000074000203,7000074000000,29,2.6188614,7000074000190,-1,7000074000188,7000074000189,-1,131,8.520501,8.176239,8.9508295,31219,27.836905,5.3935227,49.192738,152290,3,0,5,42.886147,-65.992775,-23.068056,76.40544,112.77509,-0.18636742,-0.044806357,-0.12546653,18752861,7,588,0.02002724,111
7000074000190,28000700000605,7000074000203,7000074000000,28,2.8311827,7000074000191,-1,7000074000189,7000074000190,-1,110,3.3565612,3.3565612,3.3565612,31219,27.858072,5.413444,49.25968,152290,3,0,5,41.543987,-64.53925,-13.838849,62.225018,77.06512,-0.24262342,-0.19142847,-0.15771581,18752857,7,605,0.03594388,469
7000074000191,27000700001577,7000074000198,7000074000000,27,3.060419,7000074000192,7000074000199,7000074000190,7000074000191,-1,43,3.18443,3.18443,3.18443,31219,27.877897,5.427543,49.28617,152290,3,0,5,-37.739033,-39.75494,-60.27346,46.469406,80.93633,0.12611519,0.23625979,-0.10332811,18752860,7,1577,0.014080376,88
7000074000192,26000700002010,7000074000198,7000074000000,26,3.3080978,7000074000193,-1,7000074000191,7000074000192,-1,34,1.2909851,1.2909851,1.7213135,31219,27.907393,5.4840007,49.370667,152290,3,0,5,-29.80976,-40.295418,-52.86109,50.69272,76.317986,0.06506269,0.24402648,-0.11890662,18753690,7,2010,0.015276958,813
7000074000193,25000700001347,7000074000198,7000074000000,25,3.575905,7000074000194,-1,7000074000192,7000074000193,-1,42,1.8073791,1.7213135,1.8073791,31219,27.902836,5.4639707,49.337593,152290,3,0,5,-25.491554,-38.07059,-42.72913,45.064453,77.03493,0.14115219,0.11150716,-0.1605185,18753690,7,1347,0.016060991,811
7000074000194,24000700001822,7000074000198,7000074000000,24,3.8656828,7000074000195,-1,7000074000193,7000074000194,-1,30,1.549182,1.549182,1.6352477,31219,27.887175,5.4598327,49.318024,152290,3,0,5,-22.62886,-27.149914,-29.138702,44.33973,75.69294,0.099169664,0.012926058,-0.050474934,18752860,7,1822,0.012080966,783
7000074000195,23000700002250,7000074000198,7000074000000,23,4.1794686,7000074000196,-1,7000074000194,7000074000195,-1,22,1.9795104,1.9795104,1.9795104,31219,27.923393,5.498746,49.35569,152290,3,0,5,-20.819298,-32.367134,-21.725136,45.367165,84.04103,-0.04815016,0.038006503,-0.07263868,18753721,7,2250,0.007853027,531
7000074000196,22000700001666,7000074000198,7000074000000,22,4.5195556,7000074000197,-1,7000074000195,7000074000196,-1,25,1.4631164,1.4631164,1.6352477,31219,27.933987,5.5292454,49.3893,152290,3,0,5,-18.362553,-27.165974,-23.85116,42.597294,77.716255,0.052080784,-0.028543985,-0.009361104,18753722,7,1666,0.010390912,525
7000074000197,21000700001519,7000074000198,7000074000000,21,4.888449,7000074000198,-1,7000074000196,7000074000197,-1,23,1.2049193,1.1188537,1.2909851,31219,27.944798,5.537065,49.413914,152290,3,0,5,-16.243078,-26.030815,-20.066896,40.40666,73.104576,0.048661325,-0.03711287,-0.014776936,18753722,7,1519,0.0089906305,471
7000074000198,20000700001371,7000074000198,7000074000000,20,5.2888336,-1,-1,7000074000197,7000074000198,-1,21,0.0,0.0,0.60245967,31219,27.939459,5.539296,49.397503,152290,3,0,5,-21.94444,-23.788597,-19.122622,41.45716,67.07921,0.04724962,0.08425909,-0.07128595,18753728,7,1371,0.011372447,571
7000074000199,27000700000938,7000074000203,7000074000000,27,3.060419,7000074000200,-1,7000074000190,7000074000199,-1,47,2.2377074,2.065576,2.2377074,31219,27.751568,5.5054007,49.138966,152290,3,0,5,103.21381,-96.282326,11.155403,50.56753,65.575645,-0.13944446,0.07183599,0.022517983,18750387,7,938,0.023424225,125
7000074000200,26000700001177,7000074000203,7000074000000,26,3.3080978,7000074000201,-1,7000074000199,7000074000200,-1,28,2.4959044,2.4959044,2.5819702,31219,27.700603,5.604671,49.122036,152290,3,0,5,133.97665,-83.46755,24.451046,44.473824,66.95616,-0.08383593,0.17393784,0.043911703,18750175,7,1177,0.01396418,356
7000074000201,24000700001263,7000074000203,7000074000000,24,3.8656828,7000074000202,-1,7000074000200,7000074000201,-1,22,0.0,0.0,0.0,31219,27.509335,5.5588593,49.005054,152290,3,0,5,98.77188,-84.13856,50.942444,32.74026,50.142025,0.29974437,-0.14714204,0.21165848,18750671,7,1263,0.020397287,871
7000074000202,23000700001148,7000074000203,7000074000000,23,4.1794686,7000074000203,-1,7000074000201,7000074000202,-1,24,0.774591,0.774591,0.774591,31219,27.492922,5.738694,49.10699,152290,3,0,5,133.21533,-63.85978,0.74320555,37.5426,59.613136,0.08407431,0.19122526,-0.040111728,18750387,7,1148,0.017943388,365
7000074000203,22000700001041,7000074000203,7000074000000,22,4.5195556,-1,-1,7000074000202,7000074000203,-1,20,0.60245967,0.60245967,0.60245967,31219,27.38527,5.792184,49.153366,152290,3,0,5,149.55214,-51.86664,-6.7983823,34.56,55.30939,-0.04862892,0.18685201,-0.11666561,18750168,7,1041,0.013309594,500
7000074000204,31000700000545,7000074000204,7000074000000,31,2.2394855,-1,-1,7000074000169,7000074000187,-1,26,0.0,0.0,0.0,31219,27.914888,5.289804,49.213966,152290,3,0,5,52.28987,-76.17223,18.783903,47.55887,58.81879,-0.27519557,-0.23226047,-0.26583374,18750490,7,545,0.019086216,101
7000074000205,33000700000366,7000074000206,7000074000000,33,1.9126327,7000074000206,-1,7000074000167,7000074000168,-1,39,0.0,0.0,0.0,31219,27.88691,5.2364416,49.091602,152290,3,0,5,97.11917,-101.02784,24.071363,46.281723,79.59735,-0.0031358514,0.031963527,-0.04867394,18753722,7,366,0.0116843,66
7000074000206,32000700000356,7000074000206,7000074000000,32,2.0700274,-1,-1,7000074000205,7000074000169,-1,30,0.0,0.0,0.0,31219,27.842047,5.307068,49.08127,152290,3,0,5,73.14534,-93.051834,-0.14839055,52.69698,90.35274,-0.020170823,-0.010474723,-0.018499095,18753415,7,356,0.009424024,119
7000074000207,35000700003572,7000074000210,7000074000000,35,1.6302707,7000074000208,-1,7000074000165,7000074000207,-1,21,2.3237731,2.065576,2.4098387,31219,27.989578,4.97352,49.286224,152290,3,0,5,274.80896,-93.02912,-103.35847,40.714256,81.88118,0.10696193,0.11771899,0.01989134,18748231,7,3572,0.006566601,349
7000074000208,34000700004132,7000074000210,7000074000000,34,1.766336,7000074000209,-1,7000074000207,7000074000208,-1,20,1.8073791,1.8073791,1.8934448,31219,27.843115,5.0180864,49.344593,152290,3,0,5,250.51915,-110.24061,-84.60859,36.108177,70.51684,0.082718655,0.13505514,0.05941329,18750107,7,4132,0.010058824,218
7000074000209,33000700004346,7000074000210,7000074000000,33,1.9126327,7000074000210,-1,7000074000208,7000074000209,-1,20,1.8073791,1.8073791,1.8073791,31219,27.69936,5.090308,49.380043,152290,3,0,5,229.47694,-111.436066,-69.6517,27.30352,61.593987,0.08018652,0.14573586,0.06608181,18748265,7,4346,0.012470487,896
7000074000210,32000700004121,7000074000210,7000074000000,32,2.0700274,-1,-1,7000074000209,7000074000210,-1,21,1.549182,1.2909851,1.549182,31219,27.573183,5.1459875,49.42475,152290,3,0,5,215.04755,-110.156166,-60.05928,28.602026,65.260796,0.105864726,0.14051032,0.049071275,18748332,7,4121,0.010940687,774
7000074000211,47000700000235,7000074000245,7000074000000,47,0.5641766,7000074000212,-1,7000074000015,7000074000016,-1,37,0.0,0.0,0.0,31219,28.39838,4.2177916,48.96809,152289,3,0,5,141.88872,-111.44607,-34.451344,56.686787,102.92652,0.051988527,-0.03011226,-0.036055963,18749810,7,235,0.008073224,167
7000074000212,46000700000231,7000074000245,7000074000000,46,0.6235901,7000074000213,-1,7000074000211,7000074000017,-1,32,0.0,0.0,0.0,31219,28.28029,4.250151,49.007862,152288,3,0,5,255.87808,13.321908,-19.697378,57.37861,114.022255,0.0697807,-0.06925302,-0.08566615,18730561,7,231,0.0051229936,249
7000074000213,45000700000201,7000074000245,7000074000000,45,0.6871088,7000074000214,-1,7000074000212,7000074000018,7000074000156,66,0.0,0.0,0.0,31219,28.222849,4.243541,48.980244,152288,3,0,5,13.619215,6.002708,97.227234,64.96833,113.78581,0.03924468,0.08527831,-0.039469276,18749810,7,201,0.010367878,681
7000074000214,44000700000203,7000074000245,7000074000000,44,0.75503564,7000074000215,-1,7000074000213,7000074000019,7000074000134,103,0.0,0.0,0.0,31219,28.26544,4.264487,48.908653,152288,3,0,5,-103.32111,-116.71386,176.77817,77.64464,134.53989,-0.01466975,-0.10550392,-0.03362335,18749810,7,203,0.01113268,640
7000074000215,43000700000165,7000074000245,7000074000000,43,0.8276991,7000074000216,-1,7000074000214,7000074000020,7000074000158,94,0.0,0.0,0.0,31219,28.294989,4.3444037,48.848824,152288,3,0,5,-16.325775,-192.72949,57.87165,73.63608,126.81401,0.11373993,0.016432604,0.031256508,18730567,7,165,0.012320843,478
7000074000216,42000700000154,7000074000245,7000074000000,42,0.9054624,7000074000217,-1,7000074000215,7000074000021,7000074000159,109,0.0,0.0,0.0,31219,28.26875,4.4435487,48.85604,152288,3,0,5,123.36772,-185.71683,-93.31045,80.793434,131.11627,-0.10216682,0.074189,-0.093908675,18730567,7,154,0.012893977,960
7000074000217,40000700000194,7000074000245,7000074000000,40,1.0778745,7000074000218,-1,7000074000216,7000074000023,7000074000114,142,0.0,0.0,0.0,31219,28.09884,4.4943175,49.134476,152288,3,0,5,127.61014,32.899124,-284.9768,67.694954,122.40865,-0.34916285,0.08744363,-0.26678896,18749743,7,194,0.020999182,440
7000074000218,39000700000190,7000074000245,7000074000000,39,1.173417,7000074000219,-1,7000074000217,7000074000024,7000074000115,140,0.0,0.0,0.0,31219,28.04605,4.4728417,49.263218,152288,3,0,5,85.918816,31.96297,-222.13998,70.2762,125.89232,-0.16982374,0.10079613,-0.19562244,18753517,7,190,0.018173866,567
7000074000219,38000700000186,7000074000245,7000074000000,38,1.2758462,7000074000220,-1,7000074000218,7000074000025,7000074000116,218,0.0,0.0,0.0,31219,27.991398,4.460403,49.374897,152288,3,0,5,64.47137,23.827032,-183.92093,71.42377,129.96364,-0.65862334,0.22694108,-0.58442265,18753515,7,186,0.02616619,157
7000074000220,37000700000536,7000074000245,7000074000000,37,1.3857181,7000074000221,-1,7000074000219,7000074000220,7000074000117,262,20.0533,19.020514,20.225433,31219,27.948591,4.4428377,49.472076,152288,3,0,5,54.807396,13.693633,-161.09514,73.896935,127.14449,-0.92295665,0.17849818,-0.6096995,18753515,7,536,0.033565056,267
7000074000221,36000700000531,7000074000245,7000074000000,36,1.5036365,7000074000222,-1,7000074000220,7000074000221,7000074000118,276,21.172155,18.762316,21.602484,31219,27.927385,4.4411,49.563023,152288,3,0,5,56.014095,18.405245,-143.2965,73.113434,123.410225,-0.7573536,0.17925857,-0.48014456,18749757,7,531,0.035107106,601
7000074000222,35000700000639,7000074000245,7000074000000,35,1.6302707,7000074000223,-1,7000074000221,7000074000222,-1,244,19.622972,18.934448,20.0533,31219,27.8982,4.41639,49.62943,152288,3,0,5,53.250328,12.397643,-130.93675,77.88184,127.21355,-0.67297053,0.0131404605,-0.4984079,18753524,7,639,0.029155634,470
7000074000223,34000700000590,7000074000245,7000074000000,34,1.766336,7000074000224,-1,7000074000222,7000074000223,-1,245,19.106579,18.159857,20.225433,31219,27.874119,4.408733,49.708755,152288,3,0,5,45.92385,11.940064,-120.32159,77.31103,128.5766,-0.7248414,0.020833295,-0.6874359,18753520,7,590,0.028794352,600
7000074000224,33000700000593,7000074000245,7000074000000,33,1.9126327,7000074000225,-1,7000074000223,7000074000224,-1,215,18.159857,17.729528,18.50412,31219,27.857712,4.4240503,49.75614,152288,3,0,5,41.651134,15.928479,-112.7145,79.771416,131.88365,-0.5307431,-0.0018130987,-0.6639476,18749739,7,593,0.023541512,756
7000074000225,32000700000582,7000074000245,7000074000000,32,2.0700274,7000074000226,-1,7000074000224,7000074000225,-1,197,16.008215,15.491821,16.524609,31219,27.843431,4.4548874,49.81019,152292,3,0,5,38.347248,8.965401,-105.95679,80.75316,127.86716,-0.5250304,0.043009397,-0.7275906,18753515,7,582,0.024092246,907
7000074000226,31000700000549,7000074000245,7000074000000,31,2.2394855,7000074000227,-1,7000074000225,7000074000226,-1,202,13.426245,13.168048,13.684442,31219,27.820047,4.459806,49.8797,152292,3,0,5,36.66054,4.878014,-94.89196,75.38929,128.64566,-0.5763596,-0.014991511,-0.68770045,18753517,7,549,0.02442027,29
7000074000227,30000700000582,7000074000241,7000074000000,30,2.422044,7000074000228,7000074000242,7000074000226,7000074000227,-1,164,12.049194,11.5328,12.049194,31219,27.79003,4.4851785,49.944714,152292,3,0,5,44.74447,-11.365347,-97.51909,73.68067,129.62761,-0.29981175,-0.11218119,-0.33597094,18749757,7,582,0.021395128,991
7000074000228,29000700000561,7000074000241,7000074000000,29,2.6188614,7000074000229,-1,7000074000227,7000074000228,-1,157,11.102471,11.102471,11.188538,31219,27.767054,4.474216,49.977386,152292,3,0,5,44.957893,-13.053088,-89.13367,68.67865,121.86273,-0.20975801,-0.08437844,-0.24912126,18749757,7,561,0.021315739,670
7000074000229,28000700000576,7000074000241,7000074000000,28,2.8311827,7000074000230,-1,7000074000228,7000074000229,-1,138,9.811486,9.553289,9.983618,31219,27.729359,4.499234,50.034355,152292,3,0,5,39.809334,-8.844081,-84.484566,73.452736,128.87065,-0.084763914,-0.08369195,-0.18418744,18734336,7,576,0.017051496,508
7000074000230,27000700000566,7000074000241,7000074000000,27,3.060419,7000074000231,-1,7000074000229,7000074000230,-1,122,8.606567,8.520501,8.864764,31219,27.710121,4.4832397,50.081646,152292,3,0,5,41.488354,-10.642191,-81.01652,72.88999,125.29944,-0.09355568,-0.02620988,-0.1414583,18734327,7,566,0.016118094,927
7000074000231,26000700000595,7000074000241,7000074000000,26,3.3080978,7000074000232,-1,7000074000230,7000074000231,-1,104,7.4016476,7.3155823,7.4877133,31219,27.692581,4.497511,50.109806,152292,3,0,5,38.89638,-10.285013,-66.38421,65.17674,114.35996,-0.07007838,-0.009522712,-0.083987616,18734335,7,595,0.015762055,724
7000074000232,25000700000629,7000074000241,7000074000000,25,3.575905,7000074000233,-1,7000074000231,7000074000232,-1,85,5.594269,5.594269,5.680334,31219,27.674593,4.486046,50.194847,152292,3,0,5,38.187016,-15.883058,-66.09657,67.276695,109.71225,0.04215135,0.016566109,-0.005160509,18749758,7,629,0.014251146,746
7000074000233,24000700000614,7000074000241,7000074000000,24,3.8656828,7000074000234,-1,7000074000232,7000074000233,-1,75,5.8524656,5.8524656,6.282794,31219,27.662027,4.5130496,50.222614,152292,3,0,5,32.238472,-13.125109,-71.03291,69.30719,118.995415,-0.042309772,-0.005850708,-0.021622654,18753517,7,614,0.010979162,183
7000074000234,23000700000590,7000074000241,7000074000000,23,4.1794686,7000074000235,-1,7000074000233,7000074000234,-1,68,5.9385314,5.9385314,5.9385314,31219,27.636612,4.5303974,50.24125,152292,3,0,5,33.328556,-10.8460045,-66.123184,75.543594,129.8015,8.625736E-4,0.025190467,0.022198519,18734335,7,590,0.008237193,589
7000074000235,22000700000538,7000074000241,7000074000000,22,4.5195556,7000074000236,-1,7000074000234,7000074000235,-1,64,4.131152,4.0450864,4.217218,31219,27.61199,4.5783353,50.25845,152292,3,0,5,30.946354,-13.48639,-64.61223,68.09866,110.05077,0.046369758,0.046794593,0.035502754,18730574,7,538,0.011353548,206
7000074000236,21000700000651,7000074000241,7000074000000,21,4.888449,7000074000237,-1,7000074000235,7000074000236,-1,45,3.18443,3.18443,3.442627,31219,27.584988,4.581321,50.31835,152292,3,0,5,31.9729,-30.423544,-56.478817,61.020786,108.23978,-0.020980721,0.05692739,-0.021292757,18734331,7,651,0.008258797,232
7000074000237,20000700000646,7000074000241,7000074000000,20,5.2888336,7000074000238,-1,7000074000236,7000074000237,-1,37,2.1516418,2.1516418,2.1516418,31219,27.564571,4.585058,50.34866,152292,3,0,5,30.05472,-26.556341,-47.47867,58.88986,104.47105,-0.08599065,0.025454575,-0.0067606047,18734331,7,646,0.009400092,670
7000074000238,19000700000848,7000074000241,7000074000000,19,5.7238646,7000074000239,-1,7000074000237,7000074000238,-1,25,1.8073791,1.8073791,1.8073791,31219,27.542072,4.6226196,50.38381,152292,3,0,5,39.710808,-34.577488,-65.290436,46.508095,88.64383,-0.018635437,0.07037691,-0.14004368,18734331,7,848,0.0075371675,181
7000074000239,18000700000724,7000074000241,7000074000000,18,6.1968336,7000074000240,-1,7000074000238,7000074000239,-1,23,0.6885254,0.6885254,0.774591,31219,27.548231,4.6312404,50.425102,152292,3,0,5,26.213009,-32.12056,-60.799397,46.687492,76.71903,0.037932783,0.019569566,-0.052532572,18749758,7,724,0.00867788,528
7000074000240,17000700000590,7000074000241,7000074000000,17,6.7115865,7000074000241,-1,7000074000239,7000074000240,-1,20,1.6352477,1.6352477,1.6352477,31219,27.509094,4.7051253,50.423653,152292,3,0,5,26.687134,-39.00279,-49.908794,55.56371,96.806915,-0.017810274,0.010083478,0.029483458,18734335,7,590,0.004679351,207
7000074000241,16000700000394,7000074000241,7000074000000,16,7.272188,-1,-1,7000074000240,7000074000241,-1,21,1.8073791,1.8073791,1.8073791,31219,27.500364,4.701094,50.45066,152292,3,0,5,26.17147,-29.7853,-53.257736,68.26513,116.94321,-0.01620686,0.011769372,0.030233394,18753505,7,394,0.003325949,509
7000074000242,30000700002555,7000074000245,7000074000000,30,2.422044,7000074000243,-1,7000074000226,7000074000242,-1,29,2.6680357,2.4959044,2.6680357,31219,27.816896,4.2508993,49.890022,152292,3,0,5,-21.805431,75.635574,-34.529987,37.77886,66.01703,-0.13802868,0.052252274,-0.10117454,18753537,7,2555,0.017195618,351
7000074000243,29000700003325,7000074000245,7000074000000,29,2.6188614,7000074000244,-1,7000074000242,7000074000243,-1,21,1.8934448,1.8934448,1.9795104,31219,27.831291,4.2128096,49.913055,152292,3,0,5,-24.896206,47.41794,-29.79157,38.58535,69.94328,-0.016633611,0.04707584,-0.001320312,18753537,7,3325,0.010022631,20
7000074000244,28000700003276,7000074000245,7000074000000,28,2.8311827,7000074000245,-1,7000074000243,7000074000244,-1,24,1.6352477,1.6352477,1.6352477,31219,27.827377,4.177753,49.9167,152292,3,0,5,-20.99321,36.079826,-30.31647,43.14565,72.07553,-0.051704288,0.11224965,-0.02827865,18753565,7,3276,0.0092627,18
7000074000245,27000700003419,7000074000245,7000074000000,27,3.060419,-1,-1,7000074000244,7000074000245,-1,21,1.1188537,1.1188537,1.1188537,31219,27.829916,4.170269,49.968735,152292,3,0,5,-16.118046,28.421562,-31.603247,37.35873,63.292694,-0.04585072,0.093942955,-0.014720161,18753546,7,3419,0.011727141,771
7000074000246,53000700000265,7000074000262,7000074000000,53,0.2798018,7000074000247,-1,7000074000009,7000074000010,-1,28,0.0,0.0,0.0,31226,28.423601,3.8065875,48.877808,152179,3,0,5,-136.88507,53.638393,-159.31587,29.912842,51.42916,0.08453969,0.19286826,0.21801096,18750898,7,265,0.021100542,781
7000074000247,51000700002933,7000074000262,7000074000000,51,0.36234027,7000074000248,-1,7000074000246,7000074000247,-1,29,2.9262328,1.9795104,2.840167,31226,28.515652,3.8073096,48.989048,152179,3,0,5,-110.86443,-49.382652,-184.01823,25.267267,47.84212,-0.16061638,0.14301842,0.19575478,18750898,7,2933,0.026745161,996
7000074000248,50000700002993,7000074000262,7000074000000,50,0.40789944,7000074000249,-1,7000074000247,7000074000248,-1,31,2.3237731,1.6352477,1.9795104,31226,28.561922,3.846619,49.060986,152179,3,0,5,-88.71339,-101.04765,-181.87982,23.49475,48.09026,-0.13842477,0.14719331,0.11722288,18750898,7,2993,0.030589292,716
7000074000249,49000700002614,7000074000262,7000074000000,49,0.45657724,7000074000250,-1,7000074000248,7000074000249,-1,35,2.3237731,1.2049193,1.8934448,31219,28.600832,3.9080796,49.13813,152289,3,0,5,-64.40023,-147.72913,-166.20802,24.898396,47.717545,0.19028495,1.6189225E-4,-0.042806238,18750899,7,2614,0.037336983,563
7000074000250,48000700003235,7000074000262,7000074000000,48,0.5085914,7000074000251,-1,7000074000249,7000074000250,-1,28,2.4098387,1.4631164,1.549182,31219,28.621727,3.978118,49.218838,152289,3,0,5,-41.68694,-182.24173,-153.74509,23.324024,46.091938,-0.18614884,0.19273148,0.038686506,18750898,7,3235,0.028965214,14
7000074000251,47000700002638,7000074000262,7000074000000,47,0.5641766,7000074000252,-1,7000074000250,7000074000251,-1,29,2.2377074,1.6352477,2.065576,31219,28.633783,4.0483866,49.281086,152289,3,0,5,-16.967665,-217.6841,-133.94482,26.424576,54.5285,-0.048807677,0.13540374,-0.027292121,18750926,7,2638,0.024147486,862
7000074000252,46000700002671,7000074000262,7000074000000,46,0.6235901,7000074000253,-1,7000074000251,7000074000252,-1,32,2.2377074,1.7213135,2.1516418,31219,28.641964,4.1365743,49.344345,152289,3,0,5,10.950081,-241.13783,-110.31865,28.105967,56.909565,-0.0013212215,0.14801398,-0.059037652,18750848,7,2671,0.019839324,721
7000074000253,45000700002642,7000074000262,7000074000000,45,0.6871088,7000074000254,-1,7000074000252,7000074000253,-1,34,2.4959044,2.065576,2.4098387,31219,28.627863,4.252239,49.38288,152289,3,0,5,35.262825,-266.48178,-82.65013,31.657194,57.82681,-0.1135775,0.1893365,0.031028012,18750901,7,2642,0.023437556,506
7000074000254,44000700002742,7000074000262,7000074000000,44,0.75503564,7000074000255,-1,7000074000253,7000074000254,-1,33,2.7541015,2.4098387,2.6680357,31219,28.595743,4.3673167,49.414288,152289,3,0,5,62.156902,-287.18695,-49.1621,28.400446,54.507904,-0.26628184,0.12137263,0.08580262,18750899,7,2742,0.023461055,630
7000074000255,43000700002317,7000074000262,7000074000000,43,0.8276991,7000074000256,-1,7000074000254,7000074000255,-1,36,2.065576,1.6352477,1.8934448,31219,28.549274,4.4978814,49.45155,152289,3,0,5,81.13163,-296.4221,-16.105303,27.44525,49.815453,-0.2679801,0.22498067,0.06822589,18750852,7,2317,0.035128392,218
7000074000256,42000700002123,7000074000262,7000074000000,42,0.9054624,7000074000257,-1,7000074000255,7000074000256,-1,38,2.4959044,1.8934448,2.4098387,31219,28.50632,4.6440907,49.440594,152289,3,0,5,98.44895,-299.716,12.711276,28.571789,56.59237,-0.2108711,0.15258807,0.11227484,18750852,7,2123,0.030891921,572
7000074000257,41000700002567,7000074000262,7000074000000,41,0.98870814,7000074000258,-1,7000074000256,7000074000257,-1,38,2.7541015,2.4959044,2.7541015,31219,28.437407,4.7980576,49.409744,152289,3,0,5,111.33233,-296.14453,42.419548,34.677364,66.56882,-0.2678535,0.12395764,0.15472877,18750899,7,2567,0.025161989,998
7000074000258,40000700002588,7000074000262,7000074000000,40,1.0778745,7000074000259,-1,7000074000257,7000074000258,-1,41,3.098364,2.4959044,3.098364,31219,28.378954,4.9715505,49.369217,152291,3,0,5,120.65106,-282.50912,68.94295,37.69458,59.65622,-0.36740366,0.13535832,0.28967214,18750898,7,2588,0.022130076,358
7000074000259,39000700003796,7000074000262,7000074000000,39,1.173417,7000074000260,-1,7000074000258,7000074000259,-1,23,2.065576,1.9795104,2.065576,31219,28.293793,5.080037,49.282284,152290,3,0,5,129.35214,-268.4955,114.853714,33.832584,56.509842,0.040223006,-0.023832088,0.122685425,18750928,7,3796,0.017019426,421
7000074000260,38000700003458,7000074000262,7000074000000,38,1.2758462,7000074000261,-1,7000074000259,7000074000260,-1,22,1.8073791,1.4631164,1.8073791,31219,28.24609,5.259537,49.215607,152290,3,0,5,131.14719,-242.23233,123.587944,30.939148,54.595497,-0.018130828,0.01008462,0.113046594,18750928,7,3458,0.020188624,739
7000074000261,37000700003407,7000074000262,7000074000000,37,1.3857181,7000074000262,-1,7000074000260,7000074000261,-1,27,1.7213135,1.7213135,1.7213135,31219,28.162737,5.367824,49.124695,152290,3,0,5,126.26263,-224.40433,129.07455,28.735239,53.260372,0.050538734,0.021809673,0.078726225,18750928,7,3407,0.021433173,268
7000074000262,36000700004474,7000074000262,7000074000000,36,1.5036365,-1,-1,7000074000261,7000074000262,-1,20,1.2049193,1.2049193,1.2049193,31219,28.100962,5.497323,49.07089,152290,3,0,5,122.86852,-207.79721,128.55084,28.148777,53.59324,0.13257578,-0.092248045,-0.037875734,18750926,7,4474,0.01633388,303
7000074000263,57000700003467,7000074000284,7000074000000,57,0.14438343,7000074000264,7000074000285,7000074000005,7000074000263,-1,21,1.4631164,1.4631164,1.4631164,31216,28.265083,4.205523,48.777065,152260,3,0,5,205.94925,2.2904985,78.936226,23.126944,43.235634,0.21509695,-0.08018036,-0.10939721,18757833,7,3467,0.0240755,910
7000074000264,56000700003707,7000074000284,7000074000000,56,0.17489761,7000074000265,-1,7000074000263,7000074000264,-1,22,1.7213135,1.4631164,1.549182,31216,28.20794,4.2019234,48.746246,152260,3,0,5,195.79985,29.725151,58.82809,27.039522,56.98207,0.34826556,-0.26582795,-0.18016176,18757833,7,3707,0.02292554,583
7000074000265,55000700003676,7000074000284,7000074000000,55,0.20754863,7000074000266,-1,7000074000264,7000074000265,-1,22,1.8934448,1.4631164,1.6352477,31216,28.146374,4.1824827,48.722603,152260,3,0,5,178.69977,54.596416,39.49063,28.167181,57.06144,0.314045,-0.29819602,-0.16995329,18758087,7,3676,0.020306187,6
7000074000266,54000700002855,7000074000284,7000074000000,54,0.24246909,7000074000267,-1,7000074000265,7000074000266,-1,23,2.065576,1.3770508,1.9795104,31216,28.082912,4.1578856,48.707073,152260,3,0,5,162.66197,74.025665,22.682522,22.878706,41.223133,0.25184342,-0.3007537,-0.16846281,18757840,7,2855,0.030573934,702
7000074000267,53000700003163,7000074000284,7000074000000,53,0.2798018,7000074000268,-1,7000074000266,7000074000267,-1,21,2.065576,0.9467224,1.8073791,31216,28.044605,4.160595,48.714622,152260,3,0,5,140.75601,92.25282,7.5845366,21.488598,39.977875,0.17213494,-0.18542366,-0.13675062,18758143,7,3163,0.030414302,934
7000074000268,51000700003128,7000074000284,7000074000000,51,0.36234027,7000074000269,-1,7000074000267,7000074000268,-1,23,1.8073791,1.032788,1.6352477,31216,27.964401,4.089194,48.725487,152260,3,0,5,100.53037,119.22381,-27.898329,22.49179,41.774166,0.19400273,-0.3525036,-0.19458045,18758139,7,3128,0.025616962,943
7000074000269,50000700003085,7000074000284,7000074000000,50,0.40789944,7000074000270,-1,7000074000268,7000074000269,-1,23,1.549182,0.774591,1.2909851,31216,27.91045,3.9895296,48.720673,152260,3,0,5,75.61552,127.43821,-47.1471,27.175985,45.451782,0.23886871,-0.33866093,-0.15764779,18758090,7,3085,0.03493901,628
7000074000270,49000700002774,7000074000284,7000074000000,49,0.45657724,7000074000271,-1,7000074000269,7000074000270,-1,23,1.6352477,0.86065674,1.6352477,31216,27.886993,3.9300032,48.74751,152260,3,0,5,50.971367,132.53024,-62.10903,25.346506,46.358654,0.21073624,-0.30010062,-0.14647165,18757833,7,2774,0.037702475,174
7000074000271,48000700002947,7000074000284,7000074000000,48,0.5085914,7000074000272,-1,7000074000270,7000074000271,-1,26,1.2909851,0.86065674,0.9467224,31216,27.919281,3.9361162,48.766216,152260,3,0,5,28.417639,138.59062,-72.30131,21.087013,43.46088,0.27134064,-0.4197255,-0.065081194,18758147,7,2947,0.043396756,794
7000074000272,47000700003380,7000074000284,7000074000000,47,0.5641766,7000074000273,-1,7000074000271,7000074000272,-1,26,1.032788,0.774591,0.9467224,31227,27.914885,3.8732092,48.792347,152150,3,0,5,4.327975,140.631,-82.09283,19.661858,38.225025,0.24908037,-0.28657928,0.07069529,18758147,7,3380,0.04693029,706
7000074000273,46000700003866,7000074000284,7000074000000,46,0.6235901,7000074000274,-1,7000074000272,7000074000273,-1,23,0.9467224,0.86065674,0.9467224,31226,27.90925,3.8070185,48.836914,152178,3,0,5,-18.425,132.41048,-90.23239,17.142666,38.949684,0.26906127,-0.29744047,0.08009464,18758147,7,3866,0.03680984,55
7000074000274,45000700003460,7000074000284,7000074000000,45,0.6871088,7000074000275,-1,7000074000273,7000074000274,-1,26,0.9467224,0.6885254,0.6885254,31226,27.92725,3.7386477,48.868015,152178,3,0,5,-28.023846,125.951035,-97.66998,18.589533,39.90167,0.104143634,-0.23641407,0.03435366,18758147,7,3460,0.03784517,949
7000074000275,44000700003551,7000074000284,7000074000000,44,0.75503564,7000074000276,-1,7000074000274,7000074000275,-1,25,0.9467224,0.9467224,0.9467224,31226,27.898645,3.6523438,48.97507,152178,3,0,5,-39.42995,115.20443,-101.13922,21.246265,39.18664,0.057940476,-0.18076128,0.056074873,18758090,7,3551,0.04286212,951
7000074000276,43000700003474,7000074000284,7000074000000,43,0.8276991,7000074000277,-1,7000074000275,7000074000276,-1,27,1.2049193,0.86065674,1.2049193,31226,27.925106,3.6062052,49.02834,152178,3,0,5,-45.88732,103.224754,-104.33042,24.562141,43.097286,-0.01632441,-0.1995704,0.026708547,18758087,7,3474,0.036571912,37
7000074000277,42000700003499,7000074000284,7000074000000,42,0.9054624,7000074000278,-1,7000074000276,7000074000277,-1,28,1.032788,1.032788,1.032788,31226,27.942085,3.5635679,49.07079,152178,3,0,5,-47.546974,94.65525,-103.68243,28.090744,50.907555,-0.05365211,-0.16646259,0.010101391,18757835,7,3499,0.032978814,913
7000074000278,41000700003506,7000074000284,7000074000000,41,0.98870814,7000074000279,-1,7000074000277,7000074000278,-1,29,1.2049193,1.2049193,1.2049193,31226,27.972374,3.4998968,49.130623,152178,3,0,5,-47.355114,83.03792,-103.37015,31.010733,47.488033,-0.051612604,-0.15368038,0.0061482545,18757833,7,3506,0.03191379,867
7000074000279,40000700003585,7000074000284,7000074000000,40,1.0778745,7000074000280,-1,7000074000278,7000074000279,-1,28,2.5819702,2.1516418,2.4098387,31226,27.999754,3.472182,49.159992,152178,3,0,5,-47.427498,74.41175,-101.142296,33.730423,57.068897,-0.061641097,-0.13547292,-0.024157144,18757835,7,3585,0.018481135,804
7000074000280,39000700003686,7000074000284,7000074000000,39,1.173417,7000074000281,-1,7000074000279,7000074000280,-1,26,2.065576,1.9795104,2.065576,31226,28.045393,3.4543893,49.191345,152178,3,0,5,-45.71854,70.2122,-102.4577,37.63554,59.513958,-0.001926286,-0.17375003,-0.046490725,18758087,7,3686,0.014637308,129
7000074000281,38000700003364,7000074000284,7000074000000,38,1.2758462,7000074000282,-1,7000074000280,7000074000281,-1,30,2.1516418,2.065576,2.1516418,31226,28.03839,3.3938844,49.27028,152178,3,0,5,-41.30751,61.302727,-95.43189,32.432648,55.92987,-0.060098637,-0.043140274,-0.08163051,18758151,7,3364,0.02482859,374
7000074000282,37000700003617,7000074000284,7000074000000,37,1.3857181,7000074000283,-1,7000074000281,7000074000282,-1,27,1.2909851,1.032788,1.2909851,31226,28.047153,3.3752582,49.336346,152178,3,0,5,-38.316315,58.68875,-94.19946,28.950558,47.466614,-0.05586072,0.011396426,-0.041286875,18758145,7,3617,0.024201578,122
7000074000283,36000700003947,7000074000284,7000074000000,36,1.5036365,7000074000284,-1,7000074000282,7000074000283,-1,24,1.032788,0.9467224,1.032788,31226,28.064037,3.350895,49.40388,152178,3,0,5,-34.09547,56.69068,-93.652756,27.629963,46.013355,0.018126482,-0.021165581,-0.037758213,18758139,7,3947,0.023650995,595
7000074000284,35000700004320,7000074000284,7000074000000,35,1.6302707,-1,-1,7000074000283,7000074000284,-1,21,0.60245967,0.60245967,0.60245967,31226,28.074503,3.328657,49.479023,152178,3,0,5,-28.823761,50.637894,-89.50016,23.049595,40.64212,0.021941483,0.0060659433,0.006577619,18758145,7,4320,0.027673675,383
7000074000285,57000700000214,7000074000289,7000074000000,57,0.14438343,7000074000286,-1,7000074000005,7000074000006,7000074000593,21,0.0,0.0,0.0,31226,28.424469,3.6560524,48.925686,152179,3,0,5,167.90768,23.27904,-268.9037,17.102222,34.372437,-0.13673195,0.03252615,0.04616491,18748344,7,214,0.03764121,201
7000074000286,55000700003249,7000074000289,7000074000000,55,0.20754863,7000074000287,-1,7000074000285,7000074000286,-1,25,1.7213135,0.9467224,1.2049193,31226,28.328203,3.668666,49.088406,152179,3,0,5,169.62572,-46.69185,-274.77625,21.388796,41.53779,-0.07399812,0.042906515,-0.12095209,18748346,7,3249,0.03911825,201
7000074000287,54000700003115,7000074000289,7000074000000,54,0.24246909,7000074000288,-1,7000074000286,7000074000287,-1,25,1.549182,0.9467224,1.032788,31226,28.26862,3.6821787,49.17926,152178,3,0,5,168.0974,-76.636215,-266.47702,22.733763,47.033375,-0.0154527435,-0.014950801,-0.15464446,18748346,7,3115,0.04933824,87
7000074000288,53000700003494,7000074000289,7000074000000,53,0.2798018,7000074000289,-1,7000074000287,7000074000288,-1,26,1.032788,0.9467224,1.032788,31226,28.216413,3.7075553,49.265095,152178,3,0,5,168.15385,-103.11549,-252.99588,20.89989,42.852585,0.04576913,-0.096216366,-0.12328404,18748346,7,3494,0.0481754,822
7000074000289,52000700003273,7000074000289,7000074000000,52,0.31970343,-1,-1,7000074000288,7000074000289,-1,24,1.2049193,0.6885254,0.774591,31226,28.145477,3.7305589,49.354115,152178,3,0,5,165.02933,-123.28362,-237.58546,19.004126,33.52587,0.081588514,-0.20708777,-0.050868917,18748346,7,3273,0.04484245,149