haloID,subHaloID,lastProgenitorId,treeId,snapNum,redshift,firstProgenitorId,nextProgenitorId,descendantId,firstHaloInFOFgroupId,nextHaloInFOFgroupId,np,m_Mean200,m_Crit200,m_TopHat,phKey,x,y,z,zIndex,ix,iy,iz,velX,velY,velZ,velDisp,vMax,spinX,spinY,spinZ,mostBoundID,fileNr,subhaloIndex,halfmassRadius,random
152000136,63000000000986,152000173,152000000,63,0.0,152000137,-1,-1,152000136,152000089,102,10.93034,7.831976,8.9508295,677,5.782047,14.66986,24.083065,19667,0,1,2,72.54998,-269.01456,102.785484,44.5032,90.931015,-0.33441195,-0.082844496,-0.034973066,2009111,0,986,0.02563943,655
152000137,62000000000589,152000173,152000000,62,0.019932542,152000138,-1,152000136,152000001,152000090,97,0.0,0.0,0.0,677,5.7671685,14.722441,24.066021,19667,0,1,2,67.72529,-266.64758,93.32833,44.49895,89.55413,-0.32558045,-0.015073094,0.07883046,2009111,0,589,0.024789143,194
152000138,61000000000592,152000173,152000000,61,0.041403063,152000139,-1,152000137,152000002,152000091,95,0.0,0.0,0.0,677,5.753393,14.7805805,24.046488,19667,0,1,2,59.05468,-262.28983,79.90773,44.137596,87.417564,-0.28433353,-0.099412926,0.045966826,2004527,0,592,0.02571102,783
152000139,60000000000580,152000173,152000000,60,0.064493395,152000140,-1,152000138,152000003,152000092,90,0.0,0.0,0.0,677,5.7455683,14.831684,24.030952,19667,0,1,2,48.718422,-259.11838,72.36545,43.2647,85.42542,-0.21065947,-0.07873625,0.1278438,2004597,0,580,0.024096496,615
152000140,59000000000599,152000173,152000000,59,0.08928783,152000141,-1,152000139,152000004,152000093,89,0.0,0.0,0.0,677,5.736955,14.896215,24.008871,19667,0,1,2,43.45484,-257.53735,66.38676,44.846786,92.34157,-0.26989934,0.036870934,0.11233162,2009033,0,599,0.026750414,341
152000141,58000000000560,152000173,152000000,58,0.11588337,152000142,-1,152000140,152000005,152000094,95,0.0,0.0,0.0,677,5.721389,14.961578,24.003387,19667,0,1,2,28.836641,-249.6571,57.806625,43.40355,87.86106,-0.24063435,0.061379652,0.056689203,2009033,0,560,0.025018107,136
152000142,57000000000570,152000173,152000000,57,0.14438343,152000143,-1,152000141,152000006,152000095,98,0.0,0.0,0.0,677,5.7144346,15.029495,23.988045,19667,0,1,2,15.526955,-247.6611,56.197487,41.136204,84.025925,-0.2115334,-0.024701698,0.058752276,2004555,0,570,0.027509894,350
152000143,56000000000547,152000173,152000000,56,0.17489761,152000144,-1,152000142,152000007,-1,81,0.0,0.0,0.0,677,5.7056847,15.101681,23.966011,19667,0,1,2,3.5250096,-244.14925,59.34997,41.415913,84.272385,-0.07071698,-0.08155248,0.07639977,2009080,0,547,0.021928085,424
152000144,55000000000553,152000173,152000000,55,0.20754863,152000145,-1,152000143,152000008,152000097,74,0.0,0.0,0.0,677,5.7126307,15.177585,23.950996,19667,0,1,2,-16.77125,-233.48837,60.20532,42.175117,84.33597,-0.037819214,-0.063197434,0.10438034,2009080,0,553,0.021445408,716
152000145,54000000001442,152000173,152000000,54,0.24246909,152000146,-1,152000144,152000145,-1,89,9.381158,6.971319,8.262304,677,5.717446,15.246611,23.936054,19667,0,1,2,-31.948433,-228.70132,60.707657,43.070614,86.630806,-0.3569574,-0.19164915,0.11710855,2009080,0,1442,0.0231445,349
152000146,53000000001424,152000173,152000000,53,0.2798018,152000147,-1,152000145,152000146,-1,95,9.209027,6.971319,8.778699,677,5.731098,15.323225,23.920786,19667,0,1,2,-51.667385,-223.42722,59.629448,44.39633,87.96412,-0.29556015,-0.2359264,0.13483873,2009080,0,1424,0.024334278,414
152000147,52000000001436,152000173,152000000,52,0.31970343,152000148,-1,152000146,152000147,-1,94,9.811486,7.2295165,8.606567,677,5.759231,15.396971,23.89631,19667,0,1,2,-69.83328,-218.56902,60.817684,46.75818,90.60731,-0.28856716,-0.121056065,-0.008918358,2004519,0,1436,0.02414475,608
152000148,51000000001418,152000173,152000000,51,0.36234027,152000149,-1,152000147,152000148,-1,95,9.8975525,7.7459106,9.122961,677,5.783959,15.470997,23.874054,19667,0,1,2,-84.47584,-210.8248,64.33071,44.235275,85.78367,-0.35693455,0.030340606,-0.052505117,2009080,0,1418,0.027487837,697
152000149,50000000001470,152000173,152000000,50,0.40789944,152000150,-1,152000148,152000149,-1,102,8.520501,7.4877133,8.004107,677,5.82288,15.556208,23.850872,19667,0,1,2,-100.599686,-206.51326,72.67448,45.674217,85.05917,-0.31698355,0.010255642,-0.13092013,2004562,0,1470,0.02915956,878
152000150,49000000001501,152000173,152000000,49,0.45657724,152000151,-1,152000149,152000150,-1,102,8.692633,7.659845,8.434436,3417,5.8604474,15.635296,23.818588,26696,0,1,2,-116.68344,-205.25613,82.26901,49.24097,89.54194,-0.3175102,0.023299638,-0.13641064,2004530,0,1501,0.025534034,647
152000151,48000000001536,152000173,152000000,48,0.5085914,152000152,-1,152000150,152000151,-1,97,8.9508295,8.262304,8.778699,3417,5.9111795,15.726123,23.784212,26696,0,1,2,-125.41369,-200.51408,92.778275,50.65021,92.44951,-0.2997917,0.04461269,-0.06630924,2009086,0,1536,0.023875756,692
152000152,47000000001583,152000173,152000000,47,0.5641766,152000153,-1,152000151,152000152,-1,92,9.295093,8.004107,8.520501,3417,5.9671855,15.814456,23.741877,26696,0,1,2,-136.16684,-195.43979,111.13706,46.95463,86.95139,-0.23405573,-0.0017620528,0.01935871,2009086,0,1583,0.023387311,2
152000153,46000000001543,152000173,152000000,46,0.6235901,152000154,-1,152000152,152000153,-1,100,9.036896,7.659845,8.692633,3417,6.0265718,15.886869,23.69206,26696,0,1,2,-144.19467,-187.92331,131.7529,47.962353,85.59898,-0.21610577,-0.14668895,-0.019097561,2004562,0,1543,0.028490975,606
152000154,45000000001643,152000173,152000000,45,0.6871088,152000155,-1,152000153,152000154,-1,88,7.831976,7.4877133,7.7459106,3417,6.0932803,15.988014,23.626202,26696,0,1,2,-145.45901,-182.60014,153.29666,48.470104,87.63356,-0.21530432,0.10216452,0.005727153,2009031,0,1643,0.022577155,372
152000155,44000000001558,152000173,152000000,44,0.75503564,152000156,-1,152000154,152000155,-1,93,7.4877133,6.799188,7.3155823,3417,6.1606417,16.06278,23.550072,26696,0,1,2,-141.38278,-174.80525,179.94395,46.864758,90.416214,-0.26242566,-0.013228763,-0.15972498,2004530,0,1558,0.022428785,591
152000156,43000000001727,152000173,152000000,43,0.8276991,152000157,-1,152000155,152000156,-1,79,7.057385,6.540991,7.057385,3417,6.2253404,16.13742,23.45156,26696,0,1,2,-130.55191,-160.9476,200.39719,46.514366,89.57971,-0.035591535,-0.017115127,0.121614054,2009080,0,1727,0.021276103,256
152000157,42000000002034,152000173,152000000,42,0.9054624,152000158,-1,152000156,152000157,-1,64,6.7131224,6.1106625,6.540991,3328,6.2975373,16.226202,23.343699,24940,0,1,2,-121.53405,-151.35179,223.19795,47.715607,93.61132,0.06669069,9.27738E-4,0.24579151,2009080,0,2034,0.015154197,487
152000158,41000000001796,152000173,152000000,41,0.98870814,152000159,-1,152000157,152000158,-1,75,6.799188,5.680334,6.799188,3328,6.3507204,16.310373,23.226141,24940,0,1,2,-108.017715,-145.70866,236.40085,43.13768,87.8639,-0.23297928,0.12213474,0.09321797,2004530,0,1796,0.022297831,281
152000159,40000000001703,152000173,152000000,40,1.0778745,152000160,-1,152000158,152000159,-1,83,5.594269,5.3360715,5.594269,3328,6.4014335,16.391294,23.10165,24940,0,1,2,-92.653755,-137.65326,246.7877,40.12362,80.19044,-0.2039826,0.0588008,0.13728437,2004530,0,1703,0.028042827,693
152000160,39000000001692,152000173,152000000,39,1.173417,152000161,-1,152000159,152000160,-1,82,5.680334,5.4221373,5.680334,3328,6.4500465,16.450914,22.962975,24940,0,1,2,-79.7239,-131.69525,253.92863,45.142513,86.064644,-0.08623491,0.075278364,0.015705762,2004527,0,1692,0.02178668,253
152000161,38000000002000,152000173,152000000,38,1.2758462,152000162,-1,152000160,152000161,-1,61,6.024597,5.3360715,6.024597,3328,6.492858,16.515482,22.811104,24940,0,1,2,-75.9598,-115.66761,263.738,52.46338,101.155014,-0.09305172,0.043920547,0.112706125,2004527,0,2000,0.013121182,882
152000162,37000000001816,152000173,152000000,37,1.3857181,152000163,-1,152000161,152000162,-1,69,5.9385314,5.7664,5.9385314,3328,6.5311804,16.566988,22.660759,24940,0,1,2,-63.639614,-110.695076,265.46414,47.75204,90.78566,-0.10945326,0.02364363,0.115997024,2004527,0,1816,0.018214827,12
152000163,36000000001755,152000173,152000000,36,1.5036365,152000164,-1,152000162,152000163,-1,69,6.196728,5.8524656,6.196728,3328,6.5664167,16.625198,22.511925,24942,0,1,2,-53.190193,-104.1169,265.0297,47.800816,88.05066,-0.11251937,-0.0032737346,0.19276825,2004527,0,1755,0.018326709,184
152000164,35000000001597,152000173,152000000,35,1.6302707,152000165,-1,152000163,152000164,-1,77,5.9385314,5.7664,5.9385314,3328,6.5953574,16.670965,22.366121,24938,0,1,2,-54.925766,-95.70971,266.55276,51.447624,95.62575,4.8130544E-4,0.049099933,0.07682021,2004530,0,1597,0.02088408,363
152000165,34000000001456,152000173,152000000,34,1.766336,152000166,-1,152000164,152000165,-1,87,6.1106625,5.8524656,6.196728,3328,6.6207905,16.731146,22.216656,24938,0,1,2,-44.170887,-94.481316,260.61682,54.411694,102.94903,-0.082197696,0.17261718,0.02892575,2004530,0,1456,0.021676801,991
152000166,33000000001704,152000173,152000000,33,1.9126327,152000167,-1,152000165,152000166,-1,68,5.8524656,5.8524656,5.8524656,3328,6.6315327,16.778187,22.06886,24938,0,1,2,-42.268356,-85.92766,261.22223,64.11924,105.842316,0.027277812,0.15664248,0.057814322,2009037,0,1704,0.012371344,999
152000167,32000000001448,152000173,152000000,32,2.0700274,152000168,-1,152000166,152000167,-1,81,6.196728,5.7664,6.36886,3328,6.6525087,16.823524,21.933264,24938,0,1,2,-31.851742,-78.31709,251.9494,58.78139,100.9577,-0.039534982,0.107284464,0.10092017,2004525,0,1448,0.019107826,940
152000168,31000000001565,152000173,152000000,31,2.2394855,152000169,-1,152000167,152000168,-1,68,5.8524656,5.7664,5.8524656,3328,6.655857,16.872778,21.78455,24938,0,1,2,-24.370485,-72.8459,242.08078,54.773567,90.18663,-0.06384008,0.07540671,0.10475296,2004525,0,1565,0.016120816,996
152000169,30000000001560,152000173,152000000,30,2.422044,152000170,-1,152000168,152000169,-1,66,5.680334,5.508203,5.680334,3328,6.6613674,16.907825,21.630936,24938,0,1,2,-25.245117,-71.93846,242.61453,63.511818,98.30395,-0.053172417,-0.044853263,0.21297583,2004524,0,1560,0.015760364,947
152000170,29000000001411,152000173,152000000,29,2.6188614,152000171,-1,152000169,152000170,-1,70,5.0778747,4.991809,5.0778747,3328,6.7007217,16.971636,21.511875,24938,0,1,2,-27.522102,-68.33435,242.10944,60.43723,98.453125,0.02950837,0.012090266,0.16445987,2004556,0,1411,0.015430576,278
152000171,28000000001721,152000173,152000000,28,2.8311827,152000172,-1,152000170,152000171,-1,49,4.5614805,4.4754148,4.5614805,3335,6.6917853,16.996082,21.362398,24910,0,1,2,-14.045649,-64.59737,234.56488,62.112755,102.95662,-0.061140995,-0.0121290535,0.15437053,2004519,0,1721,0.008911717,876
152000172,27000000001640,152000173,152000000,27,3.060419,152000173,-1,152000171,152000172,-1,47,2.9262328,2.840167,2.9262328,3335,6.6735005,17.013756,21.218693,24910,0,1,2,-20.731213,-63.519318,228.78787,50.612766,82.415,0.0043924297,-0.08542485,0.27607667,2004556,0,1640,0.014039445,0
152000173,26000000001555,152000173,152000000,26,3.3080978,-1,-1,152000172,152000173,-1,47,1.7213135,1.7213135,1.8073791,3335,6.6320987,17.029627,21.085133,24910,0,1,2,-12.343413,-55.30361,216.5953,42.311226,72.50182,-0.007485846,-0.060009945,0.2542158,2009004,0,1555,0.018443948,991
