haloID,subHaloID,lastProgenitorId,treeId,snapNum,redshift,firstProgenitorId,nextProgenitorId,descendantId,firstHaloInFOFgroupId,nextHaloInFOFgroupId,np,m_Mean200,m_Crit200,m_TopHat,phKey,x,y,z,zIndex,ix,iy,iz,velX,velY,velZ,velDisp,vMax,spinX,spinY,spinZ,mostBoundID,fileNr,subhaloIndex,halfmassRadius,random
110000209,63000000001383,110000244,110000000,63,0.0,110000210,-1,-1,110000209,-1,111,10.758209,8.176239,9.725421,3460,2.9021223,24.60509,27.190287,27694,0,2,3,-53.808735,-151.78474,-331.79868,42.287113,84.97502,-0.24754356,-0.17173953,0.23659831,17593655,0,1383,0.03114925,429
110000210,62000000001428,110000244,110000000,62,0.019932542,110000211,-1,110000209,110000210,-1,111,10.672143,8.176239,9.467224,3460,2.9172306,24.63968,27.256166,27694,0,2,3,-60.15304,-150.42981,-333.55106,41.937187,84.98411,-0.20616138,-0.16102655,0.30283964,17593262,0,1428,0.029212436,763
110000211,61000000001357,110000244,110000000,61,0.041403063,110000212,-1,110000210,110000211,-1,112,11.102471,7.831976,9.725421,3460,2.9256213,24.675798,27.317377,27694,0,2,3,-66.02554,-149.85913,-332.43143,42.5354,81.57108,-0.20537943,-0.18597487,0.27088314,17593184,0,1357,0.033992518,275
110000212,60000000001347,110000244,110000000,60,0.064493395,110000213,-1,110000211,110000212,-1,115,11.016406,8.176239,9.639355,3471,2.947082,24.706394,27.400848,27915,0,2,3,-72.24358,-149.63474,-330.40656,42.040623,87.472176,-0.22381441,-0.109636985,0.25806823,17593159,0,1347,0.029464958,472
110000213,59000000001434,110000244,110000000,59,0.08928783,110000214,-1,110000212,110000213,-1,107,11.016406,8.004107,9.725421,3471,2.9708037,24.744755,27.47667,27915,0,2,3,-79.96649,-148.36215,-329.83618,41.798584,81.2256,-0.21007061,-0.13055731,0.3047145,17593668,0,1434,0.033746477,911
110000214,58000000001405,110000244,110000000,58,0.11588337,110000215,-1,110000213,110000214,-1,109,10.672143,8.090173,10.069683,3471,2.9830835,24.774393,27.569353,27915,0,2,3,-85.79262,-143.94724,-324.49942,42.55403,82.85501,-0.23164032,-0.06936512,0.22080818,17593159,0,1405,0.031010846,719
110000215,57000000001409,110000244,110000000,57,0.14438343,110000216,-1,110000214,110000215,-1,111,11.102471,8.520501,10.155749,3471,3.0102234,24.817886,27.657415,27915,0,2,3,-94.41478,-142.22609,-321.6577,44.021397,83.26512,-0.37742636,-0.013360034,0.09541535,17593184,0,1409,0.031913582,355
110000216,56000000001402,110000244,110000000,56,0.17489761,110000217,-1,110000215,110000216,-1,112,11.102471,8.778699,10.327881,3471,3.034744,24.857365,27.751083,27915,0,2,3,-103.21204,-140.28926,-318.5159,43.85202,85.5192,-0.3817755,0.063538186,0.09462105,17593709,0,1402,0.029045993,455
110000217,55000000001370,110000244,110000000,55,0.20754863,110000218,-1,110000216,110000217,-1,117,11.016406,8.606567,10.155749,3471,3.0706718,24.900375,27.857641,27915,0,2,3,-112.526024,-135.02457,-314.23294,45.496544,82.74392,-0.44176596,-0.037329856,0.14743845,17593262,0,1370,0.033548295,561
110000218,54000000001293,110000244,110000000,54,0.24246909,110000219,-1,110000217,110000218,-1,121,11.274603,9.036896,10.155749,3471,3.103184,24.942125,27.945004,27915,0,2,3,-117.494965,-135.7966,-312.43454,46.86647,87.780556,-0.42989764,-0.16163099,0.21233891,17593262,0,1293,0.034907848,615
110000219,53000000001280,110000244,110000000,53,0.2798018,110000220,-1,110000218,110000219,-1,124,11.618866,9.036896,10.413946,3471,3.1402383,24.97703,28.048126,27915,0,2,3,-126.903305,-130.67914,-308.0436,45.445446,83.139435,-0.4356393,-0.25517386,0.1861631,17593116,0,1280,0.03454445,591
110000220,52000000001247,110000244,110000000,52,0.31970343,110000221,-1,110000219,110000220,-1,122,11.963128,8.778699,11.274603,3471,3.2001948,25.029606,28.155592,27915,0,2,3,-137.59557,-126.189285,-302.71277,45.769787,82.62958,-0.36392942,-0.21270682,0.19313337,17593699,0,1247,0.03383308,191
110000221,51000000001281,110000244,110000000,51,0.36234027,110000222,-1,110000220,110000221,-1,121,11.360668,9.295093,10.586078,3471,3.2367868,25.053661,28.254478,27915,0,2,3,-147.36205,-122.77882,-295.98352,47.6452,87.63508,-0.33989385,-0.11249175,0.17946124,17593651,0,1281,0.03199519,803
110000222,50000000001343,110000244,110000000,50,0.40789944,110000223,-1,110000221,110000222,-1,119,11.446734,9.983618,10.758209,3471,3.2977304,25.113518,28.357176,27919,0,2,3,-162.06035,-114.90609,-288.2237,48.28871,87.421745,-0.36643144,-0.2145509,0.26631773,17593262,0,1343,0.02988049,65
110000223,49000000001284,110000244,110000000,49,0.45657724,110000224,-1,110000222,110000223,-1,125,11.274603,8.9508295,10.500011,3471,3.3607,25.138956,28.466255,27919,0,2,3,-173.43944,-108.978134,-279.23874,49.025833,83.52278,-0.33455634,-0.0024031126,0.2046649,17593117,0,1284,0.03517484,661
110000224,48000000000969,110000244,110000000,48,0.5085914,110000225,-1,110000223,110000224,110000156,121,10.327881,8.262304,9.725421,3471,3.4194949,25.19725,28.578255,27919,0,2,3,-188.87773,-96.50188,-272.5838,47.219322,84.445015,-0.41168284,-0.10494819,0.25544292,17596060,0,969,0.03280847,331
110000225,47000000000977,110000244,110000000,47,0.5641766,110000226,-1,110000224,110000225,110000157,126,13.426245,9.122961,12.13526,3471,3.505485,25.225363,28.699474,27919,0,2,3,-201.54767,-81.28015,-265.43045,44.354137,82.144135,-0.3386936,-0.01390909,0.25973824,17596060,0,977,0.03770049,752
110000226,46000000000793,110000244,110000000,46,0.6235901,110000227,-1,110000225,110000118,-1,114,0.0,0.0,0.0,3471,3.6051836,25.279684,28.825842,27919,0,2,3,-211.24036,-59.534092,-248.98434,44.78361,84.13814,-0.27231082,-0.056188703,0.19024326,17593707,0,793,0.031765454,666
110000227,45000000000798,110000244,110000000,45,0.6871088,110000228,-1,110000226,110000119,110000158,119,0.0,0.0,0.0,3471,3.7059543,25.293928,28.947294,27919,0,2,3,-211.30788,-38.69304,-249.15796,49.196964,90.26558,-0.1850558,0.16653067,0.23783019,17596060,0,798,0.028662134,96
110000228,44000000000801,110000244,110000000,44,0.75503564,110000229,-1,110000227,110000120,110000159,91,0.0,0.0,0.0,3471,3.8115487,25.302135,29.05673,27919,0,2,3,-204.35423,-35.452496,-246.27481,53.381813,90.525345,-0.23813805,0.15814881,0.12937902,17593707,0,801,0.021874096,813
110000229,43000000001582,110000244,110000000,43,0.8276991,110000230,-1,110000228,110000229,-1,93,8.864764,7.057385,8.004107,3471,3.9052217,25.320862,29.19544,27919,0,2,3,-195.84924,-33.9106,-241.36794,49.948917,87.70774,-0.12337155,0.0997189,-0.0034788642,17593699,0,1582,0.022614755,537
110000230,42000000001540,110000244,110000000,42,0.9054624,110000231,-1,110000229,110000230,-1,101,7.2295165,6.6270566,7.2295165,3473,4.000863,25.347923,29.32717,28002,0,2,3,-189.3847,-32.299286,-238.64378,44.716923,79.86373,-0.2716351,0.028699955,0.14676045,17596060,0,1540,0.030243486,169
110000231,41000000001533,110000244,110000000,41,0.98870814,110000232,-1,110000230,110000231,-1,102,6.885254,5.680334,6.6270566,3473,4.08664,25.361528,29.453304,28002,0,2,3,-178.06259,-24.0001,-233.89374,42.500866,78.09021,-0.17192025,0.0030469506,0.23220782,17593699,0,1533,0.032206126,31
110000232,40000000001628,110000244,110000000,40,1.0778745,110000233,-1,110000231,110000232,-1,90,6.971319,6.282794,6.971319,3473,4.1981463,25.365995,29.571068,28002,0,2,3,-172.53313,-20.607605,-230.1322,46.185886,80.84867,-0.24251956,-0.004382026,0.26787835,17593668,0,1628,0.026624301,531
110000233,39000000001578,110000244,110000000,39,1.173417,110000234,-1,110000232,110000233,-1,93,6.799188,6.196728,6.799188,3473,4.2911386,25.364363,29.697784,28002,0,2,3,-167.43674,-18.611856,-222.7365,45.18284,83.865685,-0.22972478,0.0026542305,0.27784297,17593668,0,1578,0.02643932,435
110000234,38000000001544,110000244,110000000,38,1.2758462,110000235,-1,110000233,110000234,-1,90,7.1434507,6.36886,7.1434507,3473,4.373799,25.366745,29.829847,28002,0,2,3,-158.40506,-22.186926,-214.31555,46.275696,82.225746,-0.17530692,0.013678227,0.18891096,17593699,0,1544,0.025950583,374
110000235,37000000001583,110000244,110000000,37,1.3857181,110000236,-1,110000234,110000235,-1,90,6.799188,6.4549255,6.799188,3474,4.4666343,25.396816,29.9503,28016,0,2,3,-156.53285,-17.725548,-212.6612,49.869236,86.23921,-0.22334896,-0.04055389,0.2524867,17593699,0,1583,0.023514986,867
110000236,36000000001606,110000244,110000000,36,1.5036365,110000237,-1,110000235,110000236,-1,86,6.4549255,6.196728,6.4549255,3474,4.5701485,25.394674,30.062916,28016,0,2,3,-154.08823,-15.473616,-207.03542,51.62052,87.586525,-0.22081725,0.011440104,0.26717657,17593184,0,1606,0.023154624,384
110000237,35000000001586,110000244,110000000,35,1.6302707,110000238,-1,110000236,110000237,-1,86,6.4549255,6.1106625,6.4549255,3474,4.6261454,25.412624,30.192213,28016,0,2,3,-146.21397,-12.56688,-200.35281,49.826454,86.02826,-0.17923526,0.0018323235,0.25999248,17595588,0,1586,0.024190696,739
110000238,34000000001627,110000244,110000000,34,1.766336,110000239,-1,110000237,110000238,-1,77,5.1639404,4.905743,5.1639404,3474,4.698653,25.416674,30.26892,28016,0,2,3,-136.05508,-13.271334,-198.46817,48.20643,84.021866,-0.013538883,-0.073994525,0.18759723,17593641,0,1627,0.022914317,54
110000239,33000000001801,110000244,110000000,33,1.9126327,110000240,-1,110000238,110000239,-1,64,5.1639404,4.991809,5.4221373,3474,4.7946396,25.410734,30.395584,28020,0,2,3,-125.84738,-19.983955,-193.18347,54.840313,86.4021,0.16355224,-0.045165215,0.095049664,17593696,0,1801,0.017094394,368
110000240,32000000001706,110000244,110000000,32,2.0700274,110000241,-1,110000239,110000240,-1,66,4.905743,4.8196774,5.0778747,3474,4.873682,25.430866,30.5071,28020,0,2,3,-125.94801,-19.96799,-189.35535,61.772114,96.99305,0.16392705,-0.05518784,0.067700915,17593668,0,1706,0.014644707,510
110000241,31000000001869,110000244,110000000,31,2.2394855,110000242,-1,110000240,110000241,-1,56,4.4754148,4.217218,4.6475463,3474,4.91756,25.462255,30.624233,28021,0,2,3,-124.54493,-14.456063,-176.93814,52.621105,83.37566,0.13901182,-0.08477102,0.14771895,17593696,0,1869,0.016583825,955
110000242,30000000001948,110000244,110000000,30,2.422044,110000243,-1,110000241,110000242,-1,51,2.840167,2.7541015,2.840167,3474,4.955141,25.471148,30.748991,28021,0,2,3,-114.2004,-24.830566,-182.83994,46.398052,75.8894,0.16237527,-0.017520472,-0.034907438,17593703,0,1948,0.016890343,758
110000243,29000000002360,110000244,110000000,29,2.6188614,110000244,-1,110000242,110000243,-1,39,1.549182,1.549182,1.9795104,3474,5.0879683,25.46519,30.890118,28021,0,2,3,-113.29467,-14.748958,-186.2943,40.6175,65.6143,0.240148,-0.06409307,-0.056105286,17593654,0,2360,0.018678943,650
110000244,28000000002644,110000244,110000000,28,2.8311827,-1,-1,110000243,110000244,-1,32,0.0,0.0,0.0,3474,5.0941567,25.443443,30.999681,28021,0,2,3,-101.49842,-12.9736,-178.5067,32.93627,58.02907,0.20742787,0.03581816,-0.024609756,17593696,0,2644,0.019994883,37