haloID,subHaloID,lastProgenitorId,treeId,snapNum,redshift,firstProgenitorId,nextProgenitorId,descendantId,firstHaloInFOFgroupId,nextHaloInFOFgroupId,np,m_Mean200,m_Crit200,m_TopHat,phKey,x,y,z,zIndex,ix,iy,iz,velX,velY,velZ,velDisp,vMax,spinX,spinY,spinZ,mostBoundID,fileNr,subhaloIndex,halfmassRadius,random
125000000,63000000000597,125000168,125000000,63,0.0,125000001,-1,-1,125000000,-1,1027,96.479614,67.73368,81.93452,3027,21.428787,27.267475,20.16207,30035,2,3,2,100.82881,-105.779686,225.00752,86.212555,157.52652,0.9770551,-0.673851,-0.12281207,1842557,0,597,0.07902824,370
125000001,62000000000596,125000134,125000000,62,0.019932542,125000002,125000135,125000000,125000001,125000135,1019,96.56568,66.442696,80.98779,3027,21.405558,27.290924,20.115242,30035,2,3,2,96.17139,-105.8524,225.171,83.14995,155.50017,0.91215336,-0.59720576,0.14797811,1842557,0,596,0.08346872,0
125000002,61000000000603,125000134,125000000,61,0.041403063,125000003,-1,125000001,125000002,-1,1041,96.479614,66.356636,82.53698,3027,21.38506,27.315544,20.063772,30035,2,3,2,102.549835,-104.36057,230.46584,83.72712,154.90273,1.1347334,-0.5942723,-0.18498439,1835807,0,603,0.08189449,293
125000003,60000000000590,125000134,125000000,60,0.064493395,125000004,-1,125000002,125000003,125000136,1038,96.479614,66.01237,82.62305,3027,21.363789,27.342592,20.016495,30035,2,3,2,99.740425,-105.37177,231.69595,81.78049,150.30214,0.89484644,-0.6083886,0.13130802,1842557,0,590,0.08803898,309
125000004,59000000000612,125000134,125000000,59,0.08928783,125000005,-1,125000003,125000004,125000137,1030,96.65175,66.1845,82.96731,3020,21.338339,27.367638,19.962048,30145,2,3,2,100.56427,-104.39054,235.96625,82.85115,151.20807,0.79935163,-0.60001117,0.28461128,1842557,0,612,0.086629935,188
125000005,58000000000581,125000132,125000000,58,0.11588337,125000006,125000133,125000004,125000005,125000138,1013,97.25421,64.97958,84.172226,3020,21.30921,27.391285,19.905275,30145,2,3,2,102.10715,-104.25979,237.29485,84.88512,153.57109,0.8811549,-0.6453824,-0.057260267,1842557,0,581,0.08403473,819
125000006,57000000000606,125000132,125000000,57,0.14438343,125000007,-1,125000005,125000006,125000139,1003,97.34027,66.01237,85.377144,3020,21.283365,27.423185,19.843496,30145,2,3,2,105.0722,-101.72255,242.53336,87.39464,154.90024,0.79455125,-0.56266224,-0.511303,1413131,0,606,0.08060274,237
125000007,56000000000580,125000132,125000000,56,0.17489761,125000008,-1,125000006,125000007,125000140,1035,97.25421,69.11073,87.528786,3020,21.25734,27.446854,19.770504,30145,2,3,2,107.742836,-97.7,245.13812,87.76365,155.67763,1.0441957,-0.3974605,-0.016026543,1413131,0,580,0.085939616,388
125000008,55000000000578,125000132,125000000,55,0.20754863,125000009,-1,125000007,125000008,125000141,1010,97.25421,69.454994,89.16403,3020,21.224699,27.485065,19.698149,30145,2,3,2,110.18,-94.117165,248.12947,90.58082,156.63034,1.2245632,-0.19136578,0.02150138,1410438,0,578,0.079655066,969
125000009,54000000000530,125000130,125000000,54,0.24246909,125000010,125000131,125000008,125000009,125000142,997,96.30749,70.143524,88.217316,3020,21.191132,27.532097,19.61302,30145,2,3,2,111.39161,-92.7804,252.81453,91.48136,158.51337,1.2327267,-0.3324558,-0.43311462,1413131,0,530,0.076565444,403
125000010,53000000000558,125000130,125000000,53,0.2798018,125000011,-1,125000009,125000010,125000143,976,95.87716,72.63943,87.78699,3059,21.15587,27.569008,19.52,29925,2,3,2,114.432236,-86.150826,256.9432,91.9009,157.54259,0.902672,-0.16858423,-0.42822075,1413131,0,558,0.07521291,575
125000011,52000000000549,125000130,125000000,52,0.31970343,125000012,-1,125000010,125000011,125000144,994,94.67224,74.36074,89.16403,3059,21.117634,27.603603,19.42415,29925,2,3,2,115.5636,-79.163185,255.20413,92.917046,154.0318,1.088555,-0.21452427,-0.5936896,1410423,0,549,0.082310416,329
125000012,51000000000511,125000130,125000000,51,0.36234027,125000013,-1,125000011,125000012,125000181,974,93.55338,74.44681,88.303375,3059,21.070604,27.62713,19.326786,29925,2,3,2,115.61685,-73.230484,254.19806,92.098724,152.24005,1.2846932,-0.059436053,-0.3878446,1410420,0,511,0.080295816,957
125000013,50000000000587,125000130,125000000,50,0.40789944,125000014,-1,125000012,125000013,125000146,917,90.62715,74.36074,85.11895,3059,21.02353,27.64988,19.229565,29925,2,3,2,119.18003,-66.477715,253.12108,93.41615,154.52592,1.3567802,0.02363419,-0.24510059,1410420,0,587,0.07254643,161
125000014,49000000000536,125000087,125000000,49,0.45657724,125000015,125000088,125000013,125000014,125000147,790,85.46321,70.31565,79.09435,3059,20.987738,27.662403,19.125257,29925,2,3,2,115.56274,-54.12315,249.53824,97.24406,160.02042,0.8929722,-0.04008578,-0.66915435,1410424,0,536,0.0584277,638
125000015,48000000000522,125000087,125000000,48,0.5085914,125000016,-1,125000014,125000015,125000148,776,80.04108,65.84024,75.47959,3059,20.952787,27.678598,19.029926,29925,2,3,2,113.3717,-48.36188,247.5278,100.46736,160.69736,0.91326857,0.20288217,-0.3305176,1413078,0,522,0.056215297,225
125000016,47000000000548,125000086,125000000,47,0.5641766,125000017,125000087,125000015,125000016,125000149,725,72.55336,58.09433,68.42221,3059,20.91117,27.674206,18.923674,29925,2,3,2,113.946045,-49.728405,238.92758,96.50232,162.29782,0.48224714,-0.14248613,-1.458911,1413054,0,548,0.052337103,408
125000017,46000000000525,125000076,125000000,46,0.6235901,125000018,125000077,125000016,125000017,125000150,642,60.24597,50.606613,57.405804,3059,20.862984,27.663559,18.83572,29925,2,3,2,101.86981,-37.163868,222.64716,86.11038,145.9571,0.49002606,0.18007596,-1.2770638,1413527,0,525,0.06170634,879
125000018,45000000000509,125000076,125000000,45,0.6871088,125000019,-1,125000017,125000018,125000091,580,53.016453,40.622997,49.659893,3059,20.810537,27.668186,18.75231,29925,2,3,2,99.61005,-36.039307,217.23361,83.14267,140.73622,0.024059743,0.015300037,-1.3934566,1413067,0,509,0.055869736,252
125000019,44000000000602,125000076,125000000,44,0.75503564,125000020,-1,125000018,125000019,125000092,514,43.1189,36.147583,42.000046,3059,20.753294,27.684769,18.667265,29925,2,3,2,95.56354,-36.019188,213.18512,80.40389,139.7022,-0.33552757,-0.051982407,-1.3064836,1413527,0,602,0.04930834,199
125000020,43000000000692,125000076,125000000,43,0.8276991,125000021,-1,125000019,125000020,-1,431,39.676273,35.02873,38.815617,3059,20.705488,27.673075,18.572044,29925,2,3,2,93.48385,-36.61893,201.30421,83.93306,136.4466,-0.6417624,-0.026674235,-1.5319451,1413071,0,692,0.044782855,178
125000021,42000000000693,125000076,125000000,42,0.9054624,125000022,-1,125000020,125000021,-1,414,37.52463,34.5984,37.094303,3059,20.682678,27.695215,18.491972,29921,2,3,2,96.546165,-40.58454,205.50488,83.11942,137.4294,-0.7612493,-0.1376635,-1.5198781,1413074,0,693,0.043116808,978
125000022,41000000000653,125000076,125000000,41,0.98870814,125000023,-1,125000021,125000022,-1,453,35.889385,32.704956,35.717255,3059,20.656532,27.716217,18.380985,29921,2,3,2,97.51673,-42.176964,207.06778,80.705696,139.4464,-0.72487825,-0.6714892,-1.701358,1413467,0,653,0.04547403,851
125000023,40000000000704,125000046,125000000,40,1.0778745,125000024,125000047,125000022,125000023,125000058,317,33.909874,31.844297,33.565613,3059,20.606783,27.74758,18.277739,29921,2,3,2,98.244156,-47.472084,218.86147,77.87188,128.74431,-0.24375315,0.28738314,-1.0074955,1413096,0,704,0.03722618,27
125000024,39000000000508,125000046,125000000,39,1.173417,125000025,-1,125000023,125000024,125000097,307,28.832,25.303307,28.659868,3059,20.571255,27.777512,18.14378,29921,2,3,2,113.36746,-51.80305,223.29076,72.92568,127.51638,-0.520081,-0.018578054,-0.5697218,1413096,0,508,0.037861593,477
125000025,38000000000850,125000046,125000000,38,1.2758462,125000026,-1,125000024,125000025,-1,244,23.409863,21.430351,23.409863,3059,20.48986,27.813828,18.003286,29920,2,3,2,110.95096,-45.168972,219.72934,76.99078,133.0016,-0.19040717,0.08597647,-0.4333863,1413109,0,850,0.026944617,923
125000026,37000000000736,125000046,125000000,37,1.3857181,125000027,-1,125000025,125000026,125000061,266,22.032812,20.569695,22.204943,3059,20.412994,27.862787,17.880154,29920,2,3,2,109.66132,-47.239628,218.33229,70.56944,121.51077,-0.23513964,0.11172621,-0.5319555,1413459,0,736,0.037838187,985
125000027,36000000000817,125000046,125000000,36,1.5036365,125000028,-1,125000026,125000027,-1,242,18.590185,17.12707,19.020514,3059,20.33074,27.874075,17.775051,29920,2,3,1,111.82044,-52.54332,214.87534,71.34913,121.3959,-0.3157299,0.23100816,-0.4297332,1413459,0,817,0.0320782,36
125000028,35000000000795,125000043,125000000,35,1.6302707,125000029,125000044,125000027,125000028,125000052,204,17.041002,15.663952,17.12707,3059,20.256195,27.910387,17.620567,29920,2,3,1,121.09316,-48.850407,208.40712,74.62282,129.77455,-0.46835732,-0.1624752,-0.2443744,1413109,0,795,0.022729939,879
125000029,34000000000837,125000043,125000000,34,1.766336,125000030,-1,125000028,125000029,-1,190,15.31969,14.631165,15.577887,3056,20.199411,27.924068,17.526413,29892,2,3,1,120.5842,-51.470455,210.05176,72.796906,123.42901,-0.22803892,-0.0044970647,-0.048607886,1413075,0,837,0.024616886,689
125000030,33000000000819,125000043,125000000,33,1.9126327,125000031,-1,125000029,125000030,-1,185,12.651653,11.704931,12.823785,3056,20.13558,27.954231,17.41045,29892,2,3,1,115.68401,-50.423214,209.50954,66.401276,116.74302,-0.14719157,0.06870673,-0.044593904,1413075,0,819,0.0261974,893
125000031,32000000000954,125000043,125000000,32,2.0700274,125000032,-1,125000030,125000031,-1,141,10.758209,9.983618,11.274603,3056,20.066414,27.984507,17.29395,29892,2,3,1,105.378914,-42.875713,199.14836,63.37267,110.34495,-0.28875616,-0.050658945,-0.045892626,1413092,0,954,0.021810997,998
125000032,31000000000945,125000043,125000000,31,2.2394855,125000033,-1,125000031,125000032,-1,134,8.434436,8.262304,8.692633,3056,20.01897,28.013824,17.177761,29892,2,3,1,100.80621,-41.791832,196.13666,62.993156,111.47463,-0.2639867,-0.11274525,-0.06822717,1413082,0,945,0.02190878,82
125000033,30000000000768,125000043,125000000,30,2.422044,125000034,-1,125000032,125000033,-1,159,8.176239,8.090173,8.864764,3056,19.933588,28.030289,17.07892,29892,2,3,1,100.4599,-51.463005,195.98685,57.797733,105.1386,-0.017343834,0.056348227,-0.0359982,1413082,0,768,0.028125843,901
125000034,29000000000968,125000043,125000000,29,2.6188614,125000035,-1,125000033,125000034,-1,108,8.262304,7.9180417,9.122961,3056,19.89403,28.053982,16.944588,29892,2,3,1,96.7499,-43.69835,185.82066,64.73406,106.73272,-0.1068322,-0.10932626,0.066156864,1413092,0,968,0.021282576,888
125000035,28000000000791,125000043,125000000,28,2.8311827,125000036,-1,125000034,125000035,-1,117,8.606567,8.434436,9.036896,3056,19.84996,28.048557,16.881092,29892,2,3,1,92.99798,-40.82459,185.08159,64.262054,111.36905,-0.152049,-0.08086303,0.16111131,1413096,0,791,0.019655535,730
125000036,27000000000764,125000043,125000000,27,3.060419,125000037,-1,125000035,125000036,-1,108,7.831976,7.7459106,8.348371,3056,19.79957,28.067827,16.79262,29892,2,3,1,94.01514,-39.602,183.0758,64.57633,112.79966,-0.022995593,-0.04366803,0.038567867,1413075,0,764,0.018827891,926
125000037,26000000000792,125000043,125000000,26,3.3080978,125000038,-1,125000036,125000037,-1,96,7.659845,7.659845,7.659845,3056,19.74177,28.098146,16.665632,29892,2,3,1,85.899826,-33.16751,171.48885,71.66397,116.87247,-0.22385095,-0.059054665,-0.036300004,1413101,0,792,0.015166681,756
125000038,25000000000735,125000043,125000000,25,3.575905,125000039,-1,125000037,125000038,-1,89,7.057385,7.057385,7.3155823,3056,19.7041,28.099844,16.593882,29888,2,3,1,83.26546,-40.8299,166.88919,73.25798,122.527435,-0.20147821,-0.05887039,0.02202107,1413082,0,735,0.012061612,401
125000039,24000000000693,125000043,125000000,24,3.8656828,125000040,-1,125000038,125000039,-1,80,5.594269,5.594269,5.7664,3056,19.648739,28.11804,16.529383,29888,2,3,1,79.588,-40.068714,162.92381,69.07797,111.80383,-0.28592333,0.03640378,0.022555599,1413056,0,693,0.013578486,378
125000040,23000000000673,125000043,125000000,23,4.1794686,125000041,-1,125000039,125000040,-1,69,2.4959044,2.4959044,2.840167,3056,19.625196,28.138224,16.426962,29888,2,3,1,87.26863,-38.25066,161.642,60.899605,99.90553,-0.31714612,-0.013316949,0.017352205,1413055,0,673,0.01607353,609
125000041,22000000000609,125000043,125000000,22,4.5195556,125000042,-1,125000040,125000041,-1,62,1.7213135,1.7213135,1.8073791,3056,19.556072,28.244503,16.31577,29888,2,3,1,78.135025,-34.345257,156.75574,51.865685,81.2333,-0.33240712,-0.033927094,0.02802185,1413064,0,609,0.020851638,156
125000042,21000000001530,125000042,125000000,21,4.888449,-1,125000043,125000041,125000042,-1,25,0.86065674,0.86065674,0.9467224,3067,19.497286,28.29394,16.271927,29833,2,3,1,79.769806,-77.25616,121.76291,42.656086,77.77421,0.028561193,0.017756298,-0.024288965,1413055,0,1530,0.010260933,648
125000043,21000000001529,125000043,125000000,21,4.888449,-1,-1,125000041,125000043,-1,25,0.6885254,0.6885254,1.2909851,3067,19.504972,28.083054,16.25959,29833,2,3,1,76.558914,-7.1296663,155.27132,42.801437,72.82788,-0.07919775,-0.008734933,-0.016566955,1413080,0,1529,0.009847205,910
125000044,35000000003906,125000046,125000000,35,1.6302707,125000045,-1,125000027,125000044,-1,21,1.6352477,1.3770508,1.6352477,3059,20.48106,27.905252,17.637877,29920,2,3,1,28.18737,-73.43221,186.47955,32.649952,57.422768,0.04389573,-0.009374094,-0.14914331,1835805,0,3906,0.014386408,646
125000045,33000000003313,125000046,125000000,33,1.9126327,125000046,-1,125000044,125000045,-1,24,1.549182,1.3770508,1.549182,3056,20.433311,27.971285,17.44968,29892,2,3,1,42.347992,-72.069405,167.9713,31.525188,55.346,-0.006544395,0.061543554,-0.1405452,1835805,0,3313,0.016744984,853
125000046,32000000004370,125000046,125000000,32,2.0700274,-1,-1,125000045,125000046,-1,21,1.2049193,1.2049193,1.2049193,3056,20.411787,28.001036,17.333794,29892,2,3,1,43.562283,-70.21011,158.92471,28.047012,54.294743,0.001550068,0.09696582,-0.13225172,1835805,0,4370,0.016464088,834
125000047,40000000000706,125000057,125000000,40,1.0778745,125000048,125000058,125000022,125000023,-1,25,0.0,0.0,0.0,3059,20.507767,27.780926,18.33553,29920,2,3,2,171.59232,-6.9277363,80.648834,39.706085,77.11443,-0.011359049,-0.0576618,0.00885471,1390721,0,706,0.0085935965,394
125000048,39000000000511,125000057,125000000,39,1.173417,125000049,-1,125000047,125000024,-1,36,0.0,0.0,0.0,3059,20.418444,27.798086,18.274696,29920,2,3,2,134.24733,4.0728555,116.75512,40.360756,79.44811,-0.045258287,-0.10215904,-0.08603337,1394197,0,511,0.013038795,382
125000049,38000000002434,125000057,125000000,38,1.2758462,125000050,-1,125000048,125000049,-1,46,3.9590209,3.7868896,3.9590209,3059,20.354635,27.792265,18.215183,29920,2,3,2,106.59726,9.634161,139.86554,38.733562,71.26467,-0.088601485,-0.08721791,-0.09356085,1394197,0,2434,0.018608913,168
125000050,37000000002577,125000057,125000000,37,1.3857181,125000051,-1,125000049,125000050,-1,44,3.7008238,3.6147583,3.7008238,3059,20.31654,27.788477,18.113127,29920,2,3,2,90.76761,10.406609,155.47868,42.83301,81.18318,-0.020082219,-0.035017453,-0.044970524,1410063,0,2577,0.015014905,82
125000051,36000000002470,125000057,125000000,36,1.5036365,125000052,-1,125000050,125000051,-1,46,3.7008238,3.6147583,3.8729553,3059,20.262302,27.779795,18.026451,29920,2,3,2,77.22544,8.439542,170.33148,46.190018,84.091125,-0.00692654,-0.0052465857,-0.06528068,1394197,0,2470,0.013142899,491
125000052,35000000000796,125000057,125000000,35,1.6302707,125000053,-1,125000051,125000028,-1,38,0.0,0.0,0.0,3059,20.20746,27.782665,17.891825,29920,2,3,2,59.084873,5.5384917,180.67613,38.86841,65.85658,-0.013706129,-0.036165487,-0.009060863,1413501,0,796,0.02100263,113
125000053,34000000002644,125000057,125000000,34,1.766336,125000054,-1,125000052,125000053,-1,40,1.9795104,1.8073791,1.9795104,3059,20.190748,27.733679,17.864683,29920,2,3,2,56.854282,5.862608,189.4052,34.999943,65.2439,0.024800353,-0.009204083,0.051099516,1410035,0,2644,0.022774613,213
125000054,33000000003938,125000057,125000000,33,1.9126327,125000055,-1,125000053,125000054,-1,22,1.7213135,1.7213135,1.7213135,3059,20.170082,27.708502,17.759323,29920,2,3,1,53.82382,11.332943,185.33098,36.74952,67.14198,0.11367602,0.039710555,-0.014875446,1394197,0,3938,0.010820936,85
125000055,32000000004501,125000057,125000000,32,2.0700274,125000056,-1,125000054,125000055,-1,20,1.3770508,1.2049193,1.3770508,3059,20.13338,27.683634,17.629427,29920,2,3,1,48.09287,11.620396,186.92415,32.22381,55.084164,0.10575577,0.009421707,-0.020944081,1394190,0,4501,0.01594728,160
125000056,31000000002750,125000057,125000000,31,2.2394855,125000057,-1,125000055,125000056,-1,36,1.1188537,1.1188537,1.1188537,3056,20.071095,27.817259,17.432842,29892,2,3,1,41.811974,2.2395518,201.05838,28.7252,53.76738,-0.042632364,0.12552838,0.09133492,1410065,0,2750,0.031788677,371
125000057,29000000003713,125000057,125000000,29,2.6188614,-1,-1,125000056,125000057,-1,23,0.9467224,0.9467224,0.9467224,3056,20.047813,27.836433,17.15693,29892,2,3,1,32.599094,-10.260853,216.25072,32.92654,53.650475,0.015715232,0.0031939251,0.011080948,1410058,0,3713,0.01991992,137
125000058,40000000000705,125000076,125000000,40,1.0778745,125000059,-1,125000022,125000023,125000047,30,0.0,0.0,0.0,3059,20.616673,27.635918,18.23184,29921,2,3,2,-60.88446,11.459019,211.38794,44.402668,86.57231,0.033760354,0.06120281,-4.5900975E-4,1410421,0,705,0.009176635,952
125000059,39000000000510,125000076,125000000,39,1.173417,125000060,-1,125000058,125000024,125000048,49,0.0,0.0,0.0,3059,20.646973,27.653627,18.139399,29921,2,3,2,-39.534313,-49.364098,201.23967,46.653774,88.1938,0.14606056,0.029315075,0.0019468548,1410421,0,510,0.011896899,945
125000060,38000000002091,125000076,125000000,38,1.2758462,125000061,-1,125000059,125000060,-1,55,5.0778747,4.4754148,5.0778747,3059,20.66145,27.677347,18.029837,29921,2,3,2,-24.381083,-74.52832,192.69113,46.614517,87.867584,0.13520367,0.034412142,-0.076552525,1410421,0,2091,0.013654981,896
125000061,37000000000737,125000076,125000000,37,1.3857181,125000062,-1,125000060,125000026,-1,51,0.0,0.0,0.0,3059,20.682005,27.721495,17.92686,29921,2,3,2,-9.865173,-88.88125,184.88663,47.237785,90.00916,0.07478746,-0.06615497,-0.016571302,1410438,0,737,0.011878725,417
125000062,36000000001931,125000076,125000000,36,1.5036365,125000063,-1,125000061,125000062,-1,62,4.905743,4.4754148,4.991809,3059,20.66005,27.780685,17.820656,29921,2,3,1,0.84647954,-99.09368,181.12454,40.865395,84.86952,-0.045540683,-0.04798844,0.08218853,1835807,0,1931,0.018540837,549
125000063,35000000002105,125000076,125000000,35,1.6302707,125000064,-1,125000062,125000063,-1,54,4.991809,4.733612,4.991809,3059,20.660603,27.833664,17.722986,29921,2,3,1,11.012718,-103.70862,176.7577,49.957592,93.44479,0.20337176,-0.09047101,-0.049284693,1835807,0,2105,0.013852715,944
125000064,34000000002083,125000076,125000000,34,1.766336,125000065,-1,125000063,125000064,-1,56,4.6475463,4.6475463,4.6475463,3059,20.639221,27.9137,17.603771,29921,2,3,1,16.556166,-107.890785,174.2172,48.35378,89.53178,0.0366228,-0.01356442,0.041969385,1835796,0,2083,0.014122379,885
125000065,33000000002234,125000076,125000000,33,1.9126327,125000066,-1,125000064,125000065,-1,50,4.217218,4.217218,4.217218,3056,20.634727,27.970594,17.500158,29893,2,3,1,24.650314,-110.99927,172.30052,47.91046,87.77561,-0.006194729,-0.025800135,0.076550834,1835796,0,2234,0.014094538,944
125000066,32000000002094,125000076,125000000,32,2.0700274,125000067,-1,125000065,125000066,-1,51,4.3893495,3.7008238,4.5614805,3056,20.597824,28.037859,17.414337,29893,2,3,1,27.692516,-110.78976,168.1863,49.12485,89.06268,0.13415985,-0.008959778,0.06408993,1410420,0,2094,0.013161932,958
125000067,31000000001739,125000076,125000000,31,2.2394855,125000068,-1,125000066,125000067,-1,60,4.4754148,4.131152,4.8196774,3056,20.59417,28.087008,17.307745,29893,2,3,1,32.644924,-106.422165,164.33066,48.691246,86.91008,0.11535335,-0.08295643,-0.0053785495,1410420,0,1739,0.017299805,138
125000068,30000000001827,125000076,125000000,30,2.422044,125000069,-1,125000067,125000068,-1,53,3.7868896,3.7008238,4.131152,3056,20.549593,28.147333,17.185745,29893,2,3,1,39.601215,-109.32235,163.75606,48.715626,85.24121,0.083850645,-0.08156956,0.008808933,1410418,0,1827,0.014330934,600
125000069,29000000001821,125000076,125000000,29,2.6188614,125000070,-1,125000068,125000069,-1,52,4.3032837,4.3032837,4.3032837,3056,20.50863,28.206007,17.089539,29893,2,3,1,41.709476,-106.784615,160.87663,54.328335,87.65267,0.06518484,-0.124067076,-0.066465944,1840444,0,1821,0.01641123,903
125000070,28000000001849,125000076,125000000,28,2.8311827,125000071,-1,125000069,125000070,-1,46,4.0450864,4.0450864,4.0450864,3056,20.499044,28.267517,17.004747,29892,2,3,1,41.039955,-107.7415,160.52136,60.209656,104.59827,0.050732657,-0.13553411,0.023637282,1840444,0,1849,0.009983976,431
125000071,27000000001842,125000076,125000000,27,3.060419,125000072,-1,125000070,125000071,-1,43,3.098364,3.098364,3.3565612,3056,20.497032,28.334335,16.940617,29894,2,3,1,43.089596,-94.29919,153.31978,52.76697,94.56909,0.030945828,-0.074336015,0.12312301,1410420,0,1842,0.0123355305,32
125000072,26000000002599,125000076,125000000,26,3.3080978,125000073,-1,125000071,125000072,-1,25,2.1516418,2.065576,2.1516418,3056,20.41737,28.350939,16.819298,29894,2,3,1,69.02019,-84.918106,149.71896,40.302658,74.98329,-0.008518645,-0.010436417,0.0033476278,1835807,0,2599,0.0104308035,712
125000073,25000000002795,125000076,125000000,25,3.575905,125000074,-1,125000072,125000073,-1,24,1.9795104,1.9795104,1.9795104,3056,20.373386,28.42004,16.74284,29894,2,3,1,57.602737,-84.74524,139.81851,46.48218,78.77191,0.0023363736,-0.04602309,-0.017220832,1835804,0,2795,0.008100586,755
125000074,24000000002509,125000076,125000000,24,3.8656828,125000075,-1,125000073,125000074,-1,23,1.8073791,1.8073791,2.1516418,3056,20.351933,28.46433,16.682518,29894,2,3,1,57.61419,-82.02225,125.49884,43.777157,79.88959,-0.065922946,-0.047888342,-0.035814356,1835804,0,2509,0.008109121,826
125000075,23000000002495,125000076,125000000,23,4.1794686,125000076,-1,125000074,125000075,-1,21,1.8073791,1.8073791,1.8073791,3056,20.334652,28.493286,16.619726,29894,2,3,1,61.997906,-79.27489,126.194855,48.990288,84.97593,-0.034268137,0.0057203327,0.01677904,1410468,0,2495,0.0058583086,520
125000076,22000000002281,125000076,125000000,22,4.5195556,-1,-1,125000075,125000076,-1,20,1.549182,1.549182,1.6352477,3056,20.295494,28.523079,16.552097,29890,2,3,1,57.985558,-72.68465,122.68709,44.21171,81.44946,-0.0028337638,-0.009495556,0.060655322,1835807,0,2281,0.007070281,153
125000077,46000000000529,125000086,125000000,46,0.6235901,125000078,-1,125000016,125000017,-1,32,0.0,0.0,0.0,3059,20.744675,27.845917,18.796461,29925,2,3,2,167.49977,-135.39351,214.93736,33.465298,63.032673,-0.13344787,0.18317516,-0.0693304,1390634,0,529,0.01772834,515
125000078,45000000000513,125000086,125000000,45,0.6871088,125000079,-1,125000077,125000018,-1,31,0.0,0.0,0.0,3059,20.670095,27.900501,18.697718,29925,2,3,2,144.83823,-117.81241,203.48215,37.673923,74.585495,-0.051892422,0.13795392,-0.020449053,1390634,0,513,0.013799814,721
125000079,44000000001335,125000086,125000000,44,0.75503564,125000080,-1,125000078,125000120,-1,24,0.0,0.0,0.0,3059,20.614824,27.947565,18.606094,29925,2,3,2,120.37841,-108.22873,202.78166,34.002403,62.45067,-0.061282814,0.12600191,-0.038163256,1413543,0,1335,0.014304377,48
125000080,43000000001331,125000086,125000000,43,0.8276991,125000081,-1,125000079,125000121,-1,37,0.0,0.0,0.0,3059,20.551937,28.000189,18.498741,29921,2,3,2,113.05842,-115.93064,216.95512,34.85384,68.954414,0.24172823,0.3126788,0.30713624,1413543,0,1331,0.017181562,909
125000081,42000000001702,125000086,125000000,42,0.9054624,125000082,-1,125000080,125000081,-1,36,5.1639404,4.217218,4.733612,3059,20.506529,28.065977,18.374367,29920,2,3,2,99.482185,-119.305725,237.92514,36.473366,74.882484,-0.060177185,0.23060536,0.17638983,1390636,0,1702,0.0148725575,237
125000082,41000000000760,125000086,125000000,41,0.98870814,125000083,-1,125000081,125000095,-1,32,0.0,0.0,0.0,3059,20.462957,28.13297,18.252249,29920,2,3,2,86.448845,-110.55395,257.2269,33.988106,62.373924,-0.10820862,0.166969,0.03958168,1390636,0,760,0.019406224,552
125000083,40000000002834,125000086,125000000,40,1.0778745,125000084,-1,125000082,125000083,-1,36,2.9262328,2.4959044,2.9262328,3059,20.413687,28.189842,18.117865,29920,2,3,2,69.93903,-99.17222,279.02,30.606346,61.443874,0.0067925095,0.23423532,0.20463476,1390632,0,2834,0.021310257,865
125000084,39000000002582,125000086,125000000,39,1.173417,125000085,-1,125000083,125000084,-1,37,3.0122986,2.7541015,3.0122986,3059,20.365747,28.231249,17.97287,29920,2,3,2,59.86152,-80.53534,296.46176,29.944496,63.513878,0.02092782,0.2162675,0.18903902,1390636,0,2582,0.017433567,905
125000085,38000000002647,125000086,125000000,38,1.2758462,125000086,-1,125000084,125000085,-1,37,2.9262328,2.6680357,2.9262328,3059,20.329947,28.262115,17.814762,29920,2,3,1,53.007565,-57.073414,310.12918,36.844227,73.81345,0.05444472,0.15567048,0.17601629,1390634,0,2647,0.017667428,74
125000086,37000000002788,125000086,125000000,37,1.3857181,-1,-1,125000085,125000086,-1,33,3.098364,2.840167,3.098364,3059,20.28215,28.294197,17.630537,29920,2,3,1,47.531967,-38.917503,329.02515,38.390015,66.599144,-0.066836186,0.096626304,0.05732645,1413541,0,2788,0.015197855,785
125000087,47000000002725,125000087,125000000,47,0.5641766,-1,-1,125000015,125000087,-1,21,3.3565612,2.3237731,2.6680357,3059,20.655394,27.902187,18.981892,29925,2,3,2,121.270355,-107.87791,275.49954,24.57378,41.751633,0.010403038,-0.059724584,-0.029414527,1390647,0,2725,0.02662426,794
125000088,49000000000539,125000114,125000000,49,0.45657724,125000089,125000115,125000013,125000014,-1,27,0.0,0.0,0.0,3059,21.008764,27.575468,19.139307,29925,2,3,2,88.983086,-32.34427,201.55843,48.15646,71.93685,-0.10015572,0.16454527,-0.18165585,1413038,0,539,0.011194019,881
125000089,48000000000524,125000114,125000000,48,0.5085914,125000090,-1,125000088,125000015,125000116,39,0.0,0.0,0.0,3059,20.977959,27.615547,19.063147,29925,2,3,2,113.011696,-149.93748,207.91277,50.469727,80.522415,-0.023886112,0.19691768,-0.061085973,1413038,0,524,0.012594354,965
125000090,46000000000528,125000114,125000000,46,0.6235901,125000091,-1,125000089,125000017,125000077,54,0.0,0.0,0.0,3059,20.843485,27.76774,18.78584,29925,2,3,2,147.03847,-112.46816,345.93994,55.890533,98.69967,0.007997064,0.16991031,0.021270618,1413036,0,528,0.013534506,672
125000091,45000000000510,125000114,125000000,45,0.6871088,125000092,-1,125000090,125000018,125000151,91,0.0,0.0,0.0,3059,20.775253,27.82052,18.625296,29925,2,3,2,140.72066,-85.48984,320.61035,50.43452,90.96284,0.09223194,0.19269204,0.18445835,1412889,0,510,0.021412175,914
125000092,44000000000603,125000114,125000000,44,0.75503564,125000093,-1,125000091,125000019,-1,108,0.0,0.0,0.0,3059,20.709864,27.862545,18.484465,29921,2,3,2,135.347,-69.77014,297.91324,51.98088,92.91466,0.06624352,0.22444397,0.14822194,1412894,0,603,0.025249086,551
125000093,43000000000819,125000114,125000000,43,0.8276991,125000094,-1,125000092,125000093,125000153,188,14.200836,11.704931,13.684442,3059,20.655611,27.880651,18.34115,29921,2,3,2,124.056595,-68.40501,287.61188,56.879147,98.56648,0.06719329,0.5633326,0.35805103,1410612,0,819,0.039942224,209
125000094,42000000000827,125000114,125000000,42,0.9054624,125000095,-1,125000093,125000094,125000154,161,13.51231,11.963128,13.168048,3059,20.592808,27.915245,18.209595,29921,2,3,2,122.34284,-70.17168,291.43747,60.39098,106.45811,0.22551794,0.1489823,-0.0141290445,1412889,0,827,0.028916443,420
125000095,41000000000758,125000114,125000000,41,0.98870814,125000096,-1,125000094,125000095,125000155,168,14.459033,12.651653,14.459033,3059,20.528652,27.959755,18.058802,29921,2,3,2,113.53564,-80.47162,279.4715,57.862583,104.45712,0.002106726,0.21799217,0.48946425,1410559,0,758,0.0341858,593
125000096,40000000000801,125000114,125000000,40,1.0778745,125000097,-1,125000095,125000096,125000156,183,12.823785,10.500011,12.565588,3059,20.476923,27.997416,17.910194,29920,2,3,2,119.28841,-88.93044,265.41553,55.465134,94.57072,-0.08178282,0.34491578,0.29239997,1412965,0,801,0.041097816,885
125000097,39000000000509,125000114,125000000,39,1.173417,125000098,-1,125000096,125000024,125000059,159,0.0,0.0,0.0,3059,20.420313,28.033792,17.778261,29920,2,3,1,114.97282,-96.81258,254.30786,59.197567,100.28813,-0.058361042,0.2690606,0.15517512,1412809,0,509,0.032630436,34
125000098,38000000000984,125000114,125000000,38,1.2758462,125000099,-1,125000097,125000098,-1,151,12.479523,11.188538,12.479523,3059,20.35273,28.060026,17.640774,29920,2,3,1,108.61821,-102.224304,241.97029,59.74946,102.1551,0.3140409,0.07925726,-0.08950906,1412809,0,984,0.030865137,185
125000099,37000000001026,125000114,125000000,37,1.3857181,125000100,-1,125000098,125000099,-1,160,14.028705,12.909851,14.028705,3056,20.291206,28.116806,17.516138,29892,2,3,1,110.29706,-106.72642,230.69765,66.727875,104.62825,0.2084296,0.14323126,-0.1985679,1412809,0,1026,0.027566267,685
125000100,36000000000912,125000114,125000000,36,1.5036365,125000101,-1,125000099,125000100,-1,190,16.524609,13.684442,16.696741,3056,20.236856,28.188257,17.38128,29892,2,3,1,100.14423,-102.67294,240.85744,77.15393,110.00261,0.6718429,0.08333784,0.3730566,1412963,0,912,0.0313061,365
125000101,35000000000884,125000114,125000000,35,1.6302707,125000102,-1,125000100,125000101,-1,157,17.643463,17.213135,17.643463,3056,20.182486,28.2569,17.29687,29892,2,3,1,87.69474,-131.9034,215.45706,66.46249,108.12527,0.2121749,0.16099644,-0.11007255,1412893,0,884,0.027797807,751
125000102,34000000000930,125000114,125000000,34,1.766336,125000103,-1,125000101,125000102,-1,108,10.8442745,10.672143,11.102471,3056,20.144253,28.303299,17.19376,29892,2,3,1,69.75489,-134.4734,202.28323,62.17599,102.04256,0.108496904,0.13175543,0.066303745,1410618,0,930,0.021288669,981
125000103,33000000001150,125000114,125000000,33,1.9126327,125000104,-1,125000102,125000103,-1,117,8.9508295,8.606567,9.209027,3056,20.113125,28.383371,17.065208,29894,2,3,1,69.398125,-130.34799,200.16931,60.985844,103.69525,0.19630162,0.11158333,0.14048296,1412876,0,1150,0.022629159,908
125000104,32000000001231,125000114,125000000,32,2.0700274,125000105,-1,125000103,125000104,-1,101,6.799188,6.6270566,6.971319,3056,20.0445,28.488619,16.93206,29894,2,3,1,67.253,-120.17022,200.22952,56.65642,93.30917,0.23518221,0.051630568,0.13977624,1412901,0,1231,0.023512779,410
125000105,31000000001263,125000114,125000000,31,2.2394855,125000106,-1,125000104,125000105,-1,91,6.36886,6.196728,6.7131224,3056,20.015265,28.502668,16.838306,29894,2,3,1,70.29358,-113.96388,199.6929,57.7632,101.17025,0.21589865,-0.008278449,0.018810742,1412888,0,1263,0.018606985,428
125000106,30000000001366,125000114,125000000,30,2.422044,125000107,-1,125000105,125000106,-1,76,6.196728,6.1106625,6.282794,3056,19.966873,28.5898,16.715656,29894,2,3,1,72.25774,-105.567856,198.10515,63.9289,105.88681,-0.028830994,0.047623515,-0.01678857,1412964,0,1366,0.013647938,508
125000107,29000000001379,125000114,125000000,29,2.6188614,125000108,-1,125000106,125000107,-1,72,5.680334,5.680334,5.680334,3056,19.927101,28.622725,16.613953,29894,2,3,1,70.40417,-104.81161,195.76894,57.1361,94.48738,0.05692451,0.046757407,-0.02802483,1412901,0,1379,0.016164156,566
125000108,28000000001164,125000114,125000000,28,2.8311827,125000109,-1,125000107,125000108,-1,77,4.217218,3.9590209,4.4754148,3056,19.884895,28.69845,16.499975,29890,2,3,1,69.43179,-97.84343,192.04688,50.780724,89.763435,-0.029455028,-0.03283487,-0.07756759,1412902,0,1164,0.019683447,5
125000109,27000000001151,125000114,125000000,27,3.060419,125000110,-1,125000108,125000109,-1,72,3.2704954,3.2704954,3.2704954,3056,19.85843,28.819918,16.35266,29890,2,3,1,66.31172,-92.20296,191.38254,52.289402,84.79561,0.058985595,0.007732865,0.06467025,1412924,0,1151,0.019194303,602
125000110,26000000002078,125000112,125000000,26,3.3080978,125000111,125000113,125000109,125000110,-1,35,2.840167,2.840167,2.9262328,3056,19.824787,28.873919,16.240025,29890,2,3,1,59.69053,-91.41779,201.51344,52.898808,86.76307,-0.015011746,-0.02726552,0.02143833,1412924,0,2078,0.009288625,191
125000111,25000000002165,125000112,125000000,25,3.575905,125000112,-1,125000110,125000111,-1,31,2.065576,2.065576,2.4959044,3056,19.776573,28.913874,16.114126,29890,2,3,1,62.317146,-91.44062,194.3507,47.935932,80.08976,-0.039217725,0.059282232,0.045821454,1412922,0,2165,0.011795421,175
125000112,24000000002098,125000112,125000000,24,3.8656828,-1,-1,125000111,125000112,-1,29,1.6352477,1.6352477,1.6352477,3056,19.751356,28.929295,15.996125,29890,2,3,1,57.65136,-87.03112,193.01381,42.17693,75.775085,-0.04482483,0.027532212,0.07482982,1412964,0,2098,0.010341563,548
125000113,26000000002515,125000114,125000000,26,3.3080978,125000114,-1,125000109,125000113,-1,29,1.8934448,1.8073791,1.8934448,3056,19.80772,28.686274,16.35566,29890,2,3,1,66.834755,-57.43567,167.9012,43.065758,72.44516,0.06912341,0.008803812,0.08704889,1413040,0,2515,0.012104111,839
125000114,25000000003026,125000114,125000000,25,3.575905,-1,-1,125000113,125000114,-1,22,0.86065674,0.774591,0.86065674,3056,19.764956,28.729164,16.259457,29890,2,3,1,57.90754,-61.450058,161.8092,38.016212,66.259254,0.02943738,1.1698746E-4,-2.688207E-4,1412889,0,3026,0.013598021,742
125000115,49000000000538,125000130,125000000,49,0.45657724,125000116,-1,125000013,125000014,125000088,33,0.0,0.0,0.0,3059,20.847239,27.649446,19.227745,29925,2,3,2,194.9275,-206.98727,236.29834,28.881298,56.25779,0.028085986,-0.12930179,0.02816404,1413610,0,538,0.022419795,873
125000116,48000000000525,125000130,125000000,48,0.5085914,125000117,-1,125000115,125000015,-1,26,0.0,0.0,0.0,3059,20.780857,27.737888,19.12984,29925,2,3,2,158.64026,-201.29407,251.60707,28.076632,53.49659,-0.048118673,-0.15588985,-0.03910425,1413606,0,525,0.02147553,60
125000117,47000000000550,125000130,125000000,47,0.5641766,125000118,-1,125000116,125000016,-1,36,0.0,0.0,0.0,3059,20.708553,27.814354,19.006516,29925,2,3,2,130.07004,-202.37698,271.8364,32.307392,60.00544,-5.507138E-4,0.044253316,-0.17203036,1413606,0,550,0.019531798,394
125000118,46000000000527,125000130,125000000,46,0.6235901,125000119,-1,125000117,125000017,125000090,56,0.0,0.0,0.0,3059,20.654612,27.900099,18.870333,29925,2,3,2,99.24782,-178.81429,285.33014,39.230457,64.873245,-0.023209486,0.03613659,-0.3505928,1413610,0,527,0.03468937,779
125000119,45000000000512,125000130,125000000,45,0.6871088,125000120,-1,125000118,125000018,125000078,76,0.0,0.0,0.0,3059,20.614786,27.990503,18.745129,29925,2,3,2,76.79764,-150.88234,296.714,48.338364,70.9038,0.095888324,-0.19386311,-0.53847516,1409919,0,512,0.03275294,846
125000120,44000000001334,125000130,125000000,44,0.75503564,125000121,-1,125000119,125000120,125000079,85,8.348371,7.057385,7.831976,3059,20.56335,28.054693,18.59722,29925,2,3,2,61.669853,-127.60855,300.3167,53.488956,83.076675,0.15360518,-0.16451615,-0.3598492,1413613,0,1334,0.026144084,792
125000121,43000000001332,125000130,125000000,43,0.8276991,125000122,-1,125000120,125000121,125000080,22,5.7664,4.6475463,5.3360715,3059,20.524513,28.143435,18.44368,29921,2,3,2,84.03232,-139.77757,336.28888,36.718224,64.91703,-0.005317868,0.0038304008,0.03770531,1413575,0,1332,0.012140902,967
125000122,42000000000829,125000130,125000000,42,0.9054624,125000123,-1,125000121,125000094,-1,35,0.0,0.0,0.0,3059,20.490889,28.202139,18.265137,29920,2,3,2,65.10518,-108.842415,337.33435,35.941147,64.86584,-0.034036007,0.07621908,-0.017012978,1413575,0,829,0.018174369,206
125000123,41000000002356,125000130,125000000,41,0.98870814,125000124,-1,125000122,125000123,-1,39,4.217218,3.7008238,4.131152,3059,20.469034,28.252197,18.094753,29920,2,3,2,53.42994,-82.84819,347.33188,32.80975,61.170673,-0.039554536,-0.03758727,0.005035026,1413607,0,2356,0.021359254,862
125000124,40000000002304,125000130,125000000,40,1.0778745,125000125,-1,125000123,125000124,-1,46,2.840167,2.4959044,2.840167,3059,20.41309,28.32601,17.89968,29922,2,3,2,48.92506,-59.246887,356.9297,34.660442,58.301064,-0.13903631,-0.03929694,-0.14609851,1413602,0,2304,0.027066063,276
125000125,39000000002584,125000130,125000000,39,1.173417,125000126,-1,125000124,125000125,-1,46,3.3565612,3.0122986,3.3565612,3059,20.404583,28.333988,17.72106,29922,2,3,1,50.78743,-33.828854,363.19016,39.310272,68.32715,-0.21346639,-0.089092724,-0.08519881,1413602,0,2584,0.024563042,468
125000126,38000000001929,125000130,125000000,38,1.2758462,125000127,-1,125000125,125000126,-1,43,3.18443,2.7541015,3.18443,3056,20.372032,28.348085,17.520634,29894,2,3,1,52.933426,-13.003564,357.50067,39.064583,69.19187,-0.257086,0.07317814,-0.10161402,1413602,0,1929,0.019535214,325
125000127,37000000002078,125000130,125000000,37,1.3857181,125000128,-1,125000126,125000127,-1,44,3.2704954,2.7541015,3.2704954,3056,20.36206,28.324596,17.31398,29894,2,3,1,62.967175,2.1158574,347.2246,34.002277,62.80929,-0.19393516,0.0059719835,-0.110731214,1413606,0,2078,0.024699051,307
125000128,36000000002513,125000130,125000000,36,1.5036365,125000129,-1,125000127,125000128,-1,42,2.3237731,1.9795104,2.3237731,3056,20.33224,28.31259,17.11374,29892,2,3,1,65.30452,14.002025,336.61722,34.401897,67.01155,-0.24171267,0.036775675,-0.11530881,1413575,0,2513,0.02480592,885
125000129,35000000003611,125000130,125000000,35,1.6302707,125000130,-1,125000128,125000129,-1,26,1.8073791,1.549182,1.9795104,3056,20.319954,28.282665,16.914902,29892,2,3,1,59.64685,32.220455,324.67813,32.081024,58.062702,-0.18822034,-0.035361186,-0.0023567895,1413606,0,3611,0.01952306,476
125000130,34000000002961,125000130,125000000,34,1.766336,-1,-1,125000129,125000130,-1,34,1.8073791,1.549182,1.8073791,3056,20.280128,28.260311,16.735392,29892,2,3,1,67.251915,30.371233,316.90533,30.572931,58.403137,-0.113325275,0.08476789,0.06973815,1413606,0,2961,0.021040436,599
125000131,54000000000532,125000132,125000000,54,0.24246909,125000132,-1,125000008,125000009,-1,25,0.0,0.0,0.0,3020,21.32205,27.417494,19.608608,30145,2,3,2,218.48926,-35.550663,218.59859,28.43862,49.579758,-0.06486914,-0.21254337,-0.092337325,1413604,0,532,0.020911912,917
125000132,53000000000560,125000132,125000000,53,0.2798018,-1,-1,125000131,125000010,-1,24,0.0,0.0,0.0,3020,21.241358,27.430185,19.537477,30145,2,3,2,253.63034,-59.04624,214.19128,33.649345,57.609287,-0.033207,-0.13430478,-0.075900555,1413576,0,560,0.01691546,664
125000133,58000000000583,125000134,125000000,58,0.11588337,125000134,-1,125000004,125000005,-1,23,0.0,0.0,0.0,3021,21.513681,27.376516,19.856812,30152,2,3,2,90.879364,-17.923452,225.2374,27.24591,52.92256,0.022064835,-0.13158001,-0.30852452,1413635,0,583,0.016738724,225
125000134,57000000000608,125000134,125000000,57,0.14438343,-1,-1,125000133,125000006,-1,23,0.0,0.0,0.0,3020,21.48381,27.385069,19.797241,30145,2,3,2,118.63444,-15.000204,217.25502,24.503302,46.968082,0.006930851,-0.10768696,-0.28148997,1413604,0,608,0.021418033,533
125000135,62000000000597,125000168,125000000,62,0.019932542,125000136,-1,125000000,125000001,-1,33,0.0,0.0,0.0,3020,21.405228,27.362513,20.106646,30145,2,3,2,273.41397,-110.70043,316.16605,42.52348,74.373146,-0.12431787,-0.012840213,-0.051462032,1413263,0,597,0.011965094,718
125000136,60000000000591,125000168,125000000,60,0.064493395,125000137,-1,125000135,125000003,-1,34,0.0,0.0,0.0,3020,21.295586,27.388191,19.968035,30145,2,3,2,220.73653,-18.130535,286.12094,38.64766,72.47473,-0.11982928,0.0133665735,-0.08318671,1413227,0,591,0.013654779,196
125000137,59000000000613,125000168,125000000,59,0.08928783,125000138,-1,125000136,125000004,-1,40,0.0,0.0,0.0,3020,21.24659,27.392118,19.903175,30145,2,3,2,185.40651,-3.7905405,259.59274,37.88084,73.99613,-0.06940517,-0.025121601,-0.01747875,1413227,0,613,0.014254581,473
125000138,58000000000582,125000168,125000000,58,0.11588337,125000139,-1,125000137,125000005,125000133,43,0.0,0.0,0.0,3020,21.202099,27.389877,19.843664,30145,2,3,2,149.97615,4.402739,238.42656,35.47654,71.93035,-0.055103935,-0.051911812,-0.016753096,1413227,0,582,0.01771672,788
125000139,57000000000607,125000168,125000000,57,0.14438343,125000140,-1,125000138,125000006,125000134,42,0.0,0.0,0.0,3020,21.172716,27.385557,19.78262,30145,2,3,2,117.85843,2.933029,220.69785,33.96676,77.33515,-0.08002339,-0.013451359,-0.03870387,1413221,0,607,0.015380567,262
125000140,56000000000581,125000168,125000000,56,0.17489761,125000141,-1,125000139,125000007,-1,43,0.0,0.0,0.0,3020,21.142113,27.390093,19.722809,30145,2,3,2,85.91421,-5.39919,205.60382,37.542797,75.075035,-0.08084557,0.0035463383,-0.031060537,1413221,0,581,0.015536594,900
125000141,55000000000579,125000168,125000000,55,0.20754863,125000142,-1,125000140,125000008,-1,48,0.0,0.0,0.0,3020,21.125679,27.390676,19.668541,30145,2,3,2,51.67104,-20.332195,190.23326,39.278,78.981766,-0.1233784,0.009816454,-0.0733698,1413221,0,579,0.016793631,197
125000142,54000000000531,125000168,125000000,54,0.24246909,125000143,-1,125000141,125000009,125000131,48,0.0,0.0,0.0,3020,21.108479,27.399794,19.611244,30145,2,3,2,21.938148,-44.877323,177.28372,45.193245,80.30044,-0.13424087,-0.0737602,-0.12971184,1413221,0,531,0.015850296,458
125000143,53000000000559,125000168,125000000,53,0.2798018,125000144,-1,125000142,125000010,125000132,56,0.0,0.0,0.0,3020,21.0974,27.417461,19.546713,30145,2,3,2,-15.544651,-78.86833,175.10295,43.054417,76.98103,0.0010352515,-0.114599295,-0.016588602,1413288,0,559,0.01842006,166
125000144,52000000000550,125000168,125000000,52,0.31970343,125000145,-1,125000143,125000011,-1,42,0.0,0.0,0.0,3059,21.099756,27.44869,19.481812,29925,2,3,2,-41.210308,-120.464966,183.33931,40.6093,74.13515,0.037141286,-0.042885646,-0.06434275,1413288,0,550,0.015904108,615
125000145,51000000000513,125000168,125000000,51,0.36234027,125000146,-1,125000144,125000012,-1,38,0.0,0.0,0.0,3059,21.119493,27.510506,19.405262,29925,2,3,2,-40.25684,-169.27135,228.29771,42.477432,77.12083,-0.055750854,-0.063951306,-0.099764496,1413265,0,513,0.0128484275,116
125000146,50000000000588,125000168,125000000,50,0.40789944,125000147,-1,125000145,125000013,-1,46,0.0,0.0,0.0,3059,21.140789,27.578615,19.312971,29925,2,3,2,-8.305999,-195.32071,267.08456,46.28108,81.29663,-0.023899905,-0.042740986,-0.080205165,1413249,0,588,0.014858187,733
125000147,49000000000537,125000168,125000000,49,0.45657724,125000148,-1,125000146,125000014,125000115,58,0.0,0.0,0.0,3059,21.131186,27.657515,19.197365,29925,2,3,2,45.85993,-197.23886,307.0367,45.06169,81.0198,-0.024986137,-0.19417702,-0.1764712,1413246,0,537,0.019832661,385
125000148,48000000000523,125000168,125000000,48,0.5085914,125000149,-1,125000147,125000015,125000089,62,0.0,0.0,0.0,3059,21.107895,27.730759,19.074902,29925,2,3,2,94.23533,-186.58595,323.7491,38.599117,76.01191,-0.07605993,-0.34364918,-0.17524207,1413246,0,523,0.02271017,846
125000149,47000000000549,125000168,125000000,47,0.5641766,125000150,-1,125000148,125000016,125000117,71,0.0,0.0,0.0,3059,21.063751,27.794804,18.933008,29925,2,3,2,134.50856,-165.62924,334.7761,42.324432,73.529755,-0.06642399,-0.43231508,-0.41168436,1413246,0,549,0.024645982,6
125000150,46000000000526,125000168,125000000,46,0.6235901,125000151,-1,125000149,125000017,125000118,69,0.0,0.0,0.0,3059,21.005766,27.874838,18.779423,29925,2,3,2,164.4923,-142.69328,339.1763,45.864075,82.491356,-0.07346027,-0.37157518,-0.46692586,1413236,0,526,0.024483468,619
125000151,45000000000511,125000168,125000000,45,0.6871088,125000152,-1,125000150,125000018,125000119,77,0.0,0.0,0.0,3059,20.90586,27.958714,18.608545,29925,2,3,2,192.22319,-124.313385,333.98022,41.957138,76.903725,0.0015752985,-0.3961004,-0.4290939,1413196,0,511,0.028269134,873
125000152,44000000001548,125000168,125000000,44,0.75503564,125000153,-1,125000151,125000152,-1,97,8.520501,6.4549255,8.176239,3059,20.797752,28.023617,18.451939,29921,2,3,2,215.16927,-107.00207,326.5701,40.890587,74.779884,-0.2512571,-0.1129845,-0.5740428,1413250,0,1548,0.034544405,756
125000153,43000000000820,125000168,125000000,43,0.8276991,125000154,-1,125000152,125000093,-1,73,0.0,0.0,0.0,3059,20.6813,28.081902,18.274303,29921,2,3,2,231.27751,-95.020065,321.13983,40.52755,70.80337,-0.3040183,-0.1984267,-0.27717006,1413246,0,820,0.032185543,151
125000154,42000000000828,125000168,125000000,42,0.9054624,125000155,-1,125000153,125000094,125000122,64,0.0,0.0,0.0,3059,20.557707,28.12287,18.122034,29921,2,3,2,248.97903,-76.821304,312.15805,46.23626,87.17312,-0.35224038,-0.22484583,-0.26559913,1413196,0,828,0.024621112,624
125000155,41000000000759,125000168,125000000,41,0.98870814,125000156,-1,125000154,125000095,125000082,71,0.0,0.0,0.0,3059,20.442438,28.156122,17.97055,29920,2,3,2,249.2754,-60.62659,294.22668,47.51746,80.6264,-0.29868576,-0.22541447,-0.33327183,1413192,0,759,0.020902187,521
125000156,40000000000802,125000168,125000000,40,1.0778745,125000157,-1,125000155,125000096,-1,77,0.0,0.0,0.0,3059,20.303133,28.171026,17.825048,29920,2,3,1,240.0533,-47.476906,275.94415,51.916218,92.00025,-0.223997,-0.20990598,-0.2709899,1413250,0,802,0.017734533,785
125000157,39000000001689,125000168,125000000,39,1.173417,125000158,-1,125000156,125000157,-1,83,7.057385,6.282794,7.057385,3059,20.182648,28.179379,17.685204,29920,2,3,1,223.11134,-36.31408,268.35614,48.942673,84.35113,-0.29981047,-0.15558231,-0.221823,1413196,0,1689,0.025270099,572
125000158,38000000001613,125000168,125000000,38,1.2758462,125000159,-1,125000157,125000158,-1,87,6.196728,5.594269,6.196728,3056,20.096191,28.193895,17.535082,29892,2,3,1,206.72615,-32.94111,257.9062,47.623795,89.39668,-0.25118706,-0.10840511,-0.2556814,1413250,0,1613,0.024162602,360
125000159,37000000001780,125000168,125000000,37,1.3857181,125000160,-1,125000158,125000159,-1,75,4.8196774,4.733612,4.8196774,3056,20.007421,28.218258,17.378124,29892,2,3,1,187.87848,-33.125206,255.91628,44.50331,77.51055,-0.23292352,-0.06357482,-0.112477206,1413236,0,1780,0.02632662,847
125000160,36000000002018,125000168,125000000,36,1.5036365,125000161,-1,125000159,125000160,-1,62,4.131152,3.7008238,4.3893495,3056,19.934793,28.235687,17.249666,29892,2,3,1,178.65533,-32.148197,251.84291,43.23702,74.21163,-0.08753863,0.05959953,-0.025793351,1413250,0,2018,0.026419163,495
125000161,35000000002198,125000168,125000000,35,1.6302707,125000162,-1,125000160,125000161,-1,53,4.3893495,4.131152,4.3893495,3056,19.818432,28.246124,17.098288,29892,2,3,1,164.5264,-33.09523,240.47711,45.17157,79.098694,-0.029665193,0.06384865,0.011882463,1413227,0,2198,0.018104594,49
125000162,34000000002263,125000168,125000000,34,1.766336,125000163,-1,125000161,125000162,-1,48,3.7008238,3.7008238,3.7008238,3056,19.697735,28.25442,16.96284,29892,2,3,1,161.55066,-36.975105,239.5667,49.893597,90.35455,-0.059275363,0.06723254,0.056561563,1413253,0,2263,0.01578295,756
125000163,33000000002652,125000168,125000000,33,1.9126327,125000164,-1,125000162,125000163,-1,41,3.0122986,2.7541015,3.0122986,3056,19.604992,28.263313,16.844255,29892,2,3,1,156.76715,-37.36582,228.56227,43.029808,73.79584,-0.04101145,-0.028232772,-0.024721844,1413250,0,2652,0.014888749,826
125000164,32000000002536,125000168,125000000,32,2.0700274,125000165,-1,125000163,125000164,-1,39,2.5819702,2.4959044,2.5819702,3067,19.525589,28.294775,16.702799,29837,2,3,1,149.6864,-40.470272,219.78687,40.976044,78.26382,-0.059556726,-0.04092945,-0.040614877,1413249,0,2536,0.013372111,379
125000165,31000000003521,125000168,125000000,31,2.2394855,125000166,-1,125000164,125000165,-1,27,2.1516418,2.1516418,2.1516418,3067,19.441687,28.332148,16.580458,29835,2,3,1,152.03334,-40.620445,218.92482,36.981487,69.86009,0.04865818,-0.07700336,-0.045156293,1413249,0,3521,0.013336992,639
125000166,30000000003618,125000168,125000000,30,2.422044,125000167,-1,125000165,125000166,-1,25,1.6352477,1.549182,1.7213135,3067,19.361002,28.352394,16.470598,29835,2,3,1,148.93042,-40.42123,206.38046,40.41517,85.01007,0.016080773,-0.050652284,-0.012135498,1413249,0,3618,0.013852341,75
125000167,29000000003473,125000168,125000000,29,2.6188614,125000168,-1,125000166,125000167,-1,25,1.032788,1.032788,1.032788,3067,19.29378,28.376505,16.361967,29835,2,3,1,143.66821,-40.789143,201.25888,37.058933,69.92559,0.012691157,-0.061209854,-0.0010856795,1413249,0,3473,0.01662792,127
125000168,28000000003876,125000168,125000000,28,2.8311827,-1,-1,125000167,125000168,-1,20,1.4631164,1.2049193,1.6352477,3067,19.19821,28.396524,16.247501,29835,2,3,1,128.32635,-42.340233,187.35722,34.765034,63.329952,0.014710785,-0.007984689,0.028195119,1413246,0,3876,0.011242792,454
