haloID,subHaloID,lastProgenitorId,treeId,snapNum,redshift,firstProgenitorId,nextProgenitorId,descendantId,firstHaloInFOFgroupId,nextHaloInFOFgroupId,np,m_Mean200,m_Crit200,m_TopHat,phKey,x,y,z,zIndex,ix,iy,iz,velX,velY,velZ,velDisp,vMax,spinX,spinY,spinZ,mostBoundID,fileNr,subhaloIndex,halfmassRadius,random
5000079000000,63000500000407,5000079000263,5000079000000,63,0.0,5000079000001,-1,-1,5000079000000,5000079000306,4965,480.24646,366.12335,424.30377,21545,55.85759,53.290833,41.006775,244373,6,5,4,31.56372,175.1587,-54.85267,164.02274,288.1363,1.5244833,-0.5874091,-3.015735,12927772,5,407,0.115103215,288
5000079000001,62000500000414,5000079000263,5000079000000,62,0.019932542,5000079000002,-1,5000079000000,5000079000001,5000079000265,4898,472.67267,364.66025,421.80786,21544,55.856773,53.249214,41.0184,244401,6,5,4,33.60351,175.09941,-56.636284,163.38692,290.70865,1.8262349,-0.29241228,-3.0198643,13043292,5,414,0.110462666,972
5000079000002,61000500000390,5000079000263,5000079000000,61,0.041403063,5000079000003,-1,5000079000001,5000079000002,5000079000308,4784,464.3243,360.87335,418.79556,21544,55.858387,53.20605,41.03512,244401,6,5,4,31.652262,174.91411,-62.313923,159.37387,281.9947,1.8596793,-0.37399614,-2.893361,12934697,5,390,0.11444649,648
5000079000003,60000500000412,5000079000263,5000079000000,60,0.064493395,5000079000004,-1,5000079000002,5000079000003,5000079000309,4749,457.8694,356.74222,413.80374,21544,55.84906,53.167408,41.04551,244401,6,5,4,33.262623,176.59341,-65.09809,157.72922,281.91397,1.4530807,-0.5204955,-2.98426,12928052,5,412,0.116261154,652
5000079000004,59000500000397,5000079000263,5000079000000,59,0.08928783,5000079000005,-1,5000079000003,5000079000004,5000079000310,4622,452.0169,348.13565,406.74637,21544,55.842697,53.117477,41.06737,244401,6,5,4,34.74038,176.1058,-67.5539,156.81499,279.4674,1.0717564,-0.56084603,-2.6998773,12934603,5,397,0.1143585,339
5000079000005,58000500000390,5000079000263,5000079000000,58,0.11588337,5000079000006,-1,5000079000004,5000079000005,5000079000311,4554,443.84067,332.98807,398.9144,21544,55.834663,53.079227,41.081184,244401,6,5,4,34.883766,175.16243,-70.26501,155.31535,277.46344,0.8531921,-0.7465973,-2.7449229,12934603,5,390,0.111154534,234
5000079000006,57000500000377,5000079000263,5000079000000,57,0.14438343,5000079000007,-1,5000079000005,5000079000006,5000079000312,4405,435.40622,331.4389,382.38977,21544,55.82579,53.03012,41.106255,244401,6,5,4,38.0065,174.67601,-69.77016,156.85931,278.70807,0.97952676,-0.75152266,-2.747958,12934764,5,377,0.10892051,470
5000079000007,56000500000378,5000079000263,5000079000000,56,0.17489761,5000079000008,-1,5000079000006,5000079000007,5000079000271,4293,414.148,328.25446,376.70944,21544,55.81531,52.97639,41.12614,244401,6,5,4,39.103348,176.00806,-72.14064,157.50864,281.28583,0.63269705,-0.96247053,-2.6262515,12934764,5,378,0.10597285,346
5000079000008,55000500000370,5000079000263,5000079000000,55,0.20754863,5000079000009,-1,5000079000007,5000079000008,5000079000272,4353,406.1439,326.7053,376.62338,21544,55.803474,52.926258,41.150425,244401,6,5,4,40.918148,175.05783,-74.13586,156.68947,279.3512,0.62856424,-1.3610309,-2.9118736,12934764,5,370,0.10570472,231
5000079000009,54000500000358,5000079000262,5000079000000,54,0.24246909,5000079000010,5000079000263,5000079000008,5000079000009,5000079000273,4139,397.19308,328.34055,373.69714,21544,55.78859,52.86373,41.181183,244401,6,5,4,41.34441,177.0595,-77.245186,159.34776,280.8747,0.31189,-0.9355879,-2.7925715,12927775,5,358,0.099561475,584
5000079000010,53000500000349,5000079000262,5000079000000,53,0.2798018,5000079000011,-1,5000079000009,5000079000010,5000079000274,4075,388.67258,331.78317,370.94305,21544,55.777752,52.803265,41.20513,244401,6,5,4,42.10352,175.70596,-79.411354,158.67691,278.98727,0.14024585,-1.570946,-2.800028,12927775,5,349,0.10094553,109
5000079000011,52000500000354,5000079000262,5000079000000,52,0.31970343,5000079000012,-1,5000079000010,5000079000011,5000079000275,4021,380.23813,329.8897,363.11105,21544,55.76906,52.741768,41.240932,244401,6,5,4,42.442207,175.74593,-79.16883,157.22133,275.76108,0.23116481,-1.6437579,-2.5489182,12934764,5,354,0.100378655,372
5000079000012,51000500000354,5000079000262,5000079000000,51,0.36234027,5000079000013,-1,5000079000011,5000079000012,5000079000276,3896,373.7832,324.81183,355.0209,21547,55.75558,52.67837,41.277225,244387,6,5,4,41.51371,177.78386,-78.74941,159.0184,278.55368,0.55684114,-1.3613403,-2.4373138,12934764,5,354,0.09764021,32
5000079000013,50000500000362,5000079000259,5000079000000,50,0.40789944,5000079000014,5000079000260,5000079000012,5000079000013,5000079000277,3737,363.45532,317.32413,346.41434,21547,55.73957,52.60044,41.309097,244387,6,5,4,41.467113,181.97382,-78.84224,162.411,278.62997,0.24450797,-1.2236137,-2.2748272,12927951,5,362,0.09080769,568
5000079000014,49000500000368,5000079000259,5000079000000,49,0.45657724,5000079000015,-1,5000079000013,5000079000014,5000079000278,3714,352.26678,302.00443,335.48398,21547,55.722885,52.52322,41.3409,244387,6,5,4,40.755695,179.7631,-75.75825,162.94826,279.66818,0.90825313,-1.4013246,-2.0072253,12934764,5,368,0.08972595,148
5000079000015,48000500000344,5000079000259,5000079000000,48,0.5085914,5000079000016,-1,5000079000014,5000079000015,5000079000279,3681,335.9143,294.68887,319.6479,21547,55.702915,52.454727,41.372986,244387,6,5,4,43.59051,177.0877,-74.58446,161.64758,280.26544,1.0999368,-1.4433963,-2.2377477,12927951,5,344,0.08682057,241
5000079000016,47000500000358,5000079000259,5000079000000,47,0.5641766,5000079000017,-1,5000079000015,5000079000016,-1,3338,327.73807,289.43884,316.54953,21547,55.691704,52.368324,41.397633,244387,6,5,4,42.44789,178.84224,-75.21355,164.38112,279.43958,1.0561613,-1.2589995,-1.5614985,12927983,5,358,0.08004584,628
5000079000017,46000500000298,5000079000232,5000079000000,46,0.6235901,5000079000018,5000079000233,5000079000016,5000079000017,5000079000281,3535,323.693,286.51263,311.90198,21547,55.670357,52.2968,41.4231,244387,6,5,4,44.43413,174.60785,-72.781654,160.34305,275.5486,1.4698309,-1.0077533,-1.5721703,12927983,5,298,0.08779793,153
5000079000018,45000500000301,5000079000228,5000079000000,45,0.6871088,5000079000019,5000079000229,5000079000017,5000079000018,5000079000234,3364,318.09872,277.90607,308.20117,21547,55.640575,52.20546,41.453243,244386,6,5,4,46.512547,173.7153,-73.532104,161.72632,277.48013,1.6317351,-0.9376926,-1.9301165,13043253,5,301,0.0852817,388
5000079000019,44000500000276,5000079000228,5000079000000,44,0.75503564,5000079000020,-1,5000079000018,5000079000019,5000079000235,3437,310.52493,271.10687,299.93887,21547,55.624367,52.127304,41.49047,244386,6,5,4,47.878395,173.28795,-73.7635,160.02083,272.4272,1.8962162,-0.879476,-1.4375317,12934764,5,276,0.08659145,372
5000079000020,43000500000289,5000079000209,5000079000000,43,0.8276991,5000079000021,5000079000210,5000079000019,5000079000020,5000079000236,3438,300.97165,264.39374,294.43066,21547,55.60777,52.040234,41.507317,244386,6,5,4,49.19955,166.82986,-71.23579,161.4421,273.11896,1.5584173,-0.73590255,-1.6790856,12930140,5,289,0.087814756,781
5000079000021,42000500000268,5000079000209,5000079000000,42,0.9054624,5000079000022,-1,5000079000020,5000079000021,5000079000237,3352,300.3692,263.87735,290.90198,21547,55.584812,51.946667,41.549606,244386,6,5,4,49.6011,166.69633,-71.35378,164.40086,277.05246,2.0318718,-1.0877262,-1.893788,12934676,5,268,0.081822895,366
5000079000022,41000500000231,5000079000206,5000079000000,41,0.98870814,5000079000023,5000079000207,5000079000021,5000079000022,5000079000238,3273,311.29953,275.238,307.68478,21547,55.570564,51.868843,41.59746,244386,6,5,4,52.793682,165.31271,-68.14441,167.92584,276.69812,1.7505747,-1.205913,-1.9694356,12941494,5,231,0.079479225,947
5000079000023,40000500000274,5000079000206,5000079000000,40,1.0778745,5000079000024,-1,5000079000022,5000079000023,5000079000239,3390,313.3651,283.5864,309.66428,21547,55.54441,51.790737,41.627666,244386,6,5,4,49.089607,163.62782,-72.08411,174.91403,282.57965,1.8829098,-0.7097389,-1.389994,12928052,5,274,0.07895854,842
5000079000024,39000500000217,5000079000206,5000079000000,39,1.173417,5000079000025,-1,5000079000023,5000079000024,5000079000240,3281,308.20117,293.48395,307.8569,21547,55.51711,51.70565,41.672947,244384,6,5,4,47.577763,158.88742,-67.833916,181.27142,287.29843,2.1583488,-0.6160782,-1.316905,12927990,5,217,0.076267265,188
5000079000025,38000500000187,5000079000189,5000079000000,38,1.2758462,5000079000026,5000079000190,5000079000024,5000079000025,5000079000241,2909,287.2872,268.43884,287.2872,21547,55.499004,51.643585,41.697483,244384,6,5,4,41.756508,153.34375,-66.860214,183.73615,284.80594,1.840232,-0.38476777,-1.5947258,12927990,5,187,0.06705423,691
5000079000026,37000500000197,5000079000177,5000079000000,37,1.3857181,5000079000027,5000079000178,5000079000025,5000079000026,5000079000242,2631,245.54536,231.68878,246.31995,21547,55.4618,51.541992,41.736412,244384,6,5,4,36.067207,147.51532,-54.441696,186.7888,296.98297,1.5805999,-0.19996831,-1.7753587,12927951,5,197,0.057637207,402
5000079000027,36000500000185,5000079000173,5000079000000,36,1.5036365,5000079000028,5000079000174,5000079000026,5000079000027,5000079000215,2447,212.75433,197.69284,214.64778,21547,55.462616,51.411263,41.81168,244384,6,5,4,27.705053,137.14847,-66.59655,171.55338,277.55182,1.1819427,-0.1576071,-1.842337,12927693,5,185,0.059484374,970
5000079000028,35000500000176,5000079000125,5000079000000,35,1.6302707,5000079000029,5000079000126,5000079000027,5000079000028,5000079000132,2148,182.63135,168.00018,185.98792,21547,55.4614,51.341976,41.849693,244384,6,5,4,12.570236,128.30261,-76.42847,152.90846,253.20155,0.22953553,-0.14936163,-0.57653356,12929758,5,176,0.06222776,462
5000079000029,34000500000164,5000079000125,5000079000000,34,1.766336,5000079000030,-1,5000079000028,5000079000029,5000079000133,2021,148.54935,142.78294,152.6805,21547,55.46755,51.259552,41.92061,244384,6,5,4,13.279776,124.5561,-72.59529,147.56133,250.82092,0.3169187,0.012987825,-0.65918905,12929758,5,164,0.060921293,68
5000079000030,33000500000155,5000079000124,5000079000000,33,1.9126327,5000079000031,5000079000125,5000079000029,5000079000030,5000079000134,1742,144.59033,140.20097,147.51656,21547,55.471855,51.17434,41.969788,244384,6,5,4,11.746129,111.95953,-73.94878,152.63943,252.28561,-0.9382781,0.2648056,0.06106284,12929758,5,155,0.051893037,598
5000079000031,32000500000172,5000079000124,5000079000000,32,2.0700274,5000079000032,-1,5000079000030,5000079000031,-1,1519,137.27475,132.19687,139.94278,21547,55.465576,51.11043,42.03883,244388,6,5,4,12.9596615,111.28195,-68.856674,168.33061,271.23856,-0.8035513,0.3784245,0.33103868,12927758,5,172,0.039272882,731
5000079000032,31000500000141,5000079000104,5000079000000,31,2.2394855,5000079000033,5000079000105,5000079000031,5000079000032,5000079000105,1429,127.37719,124.88129,130.3895,21547,55.483746,51.070553,42.11358,244388,6,5,4,10.811952,100.83517,-75.6438,156.91937,256.18567,-0.72348666,0.10871535,0.32222286,12927758,5,141,0.042035174,199
5000079000033,30000500000111,5000079000104,5000079000000,30,2.422044,5000079000034,-1,5000079000032,5000079000033,5000079000106,1293,112.83209,110.76652,115.328,21547,55.46886,51.02271,42.164555,244388,6,5,4,12.508726,99.045654,-76.946266,154.21286,254.61345,-0.6391766,0.0923931,0.45733485,12929758,5,111,0.039245225,498
5000079000034,29000500000123,5000079000102,5000079000000,29,2.6188614,5000079000035,5000079000103,5000079000033,5000079000034,-1,1097,99.23372,96.82388,101.557495,21547,55.462997,50.95118,42.186485,244388,6,5,4,18.316128,100.072235,-75.4902,162.48804,260.25497,-0.13866144,0.10117582,0.76359713,12927957,5,123,0.03196228,217
5000079000035,28000500000104,5000079000086,5000079000000,28,2.8311827,5000079000036,5000079000087,5000079000034,5000079000035,5000079000089,887,81.93452,81.590256,83.91403,21547,55.494514,50.883377,42.217472,244388,6,5,4,24.739464,104.552315,-68.45024,154.04794,239.9569,0.004280941,0.05522057,0.6658146,12927758,5,104,0.030297508,497
5000079000036,27000500000085,5000079000071,5000079000000,27,3.060419,5000079000037,5000079000072,5000079000035,5000079000036,5000079000090,777,61.27876,60.590233,64.80745,21547,55.48996,50.813526,42.26198,244388,6,5,4,23.78013,98.17256,-76.39829,130.4278,208.85019,0.049531937,0.307718,0.86566055,12927751,5,85,0.035161488,159
5000079000037,26000500000076,5000079000058,5000079000000,26,3.3080978,5000079000038,5000079000059,5000079000036,5000079000037,5000079000065,531,38.729553,37.696762,42.000046,21524,55.471203,50.715134,42.363182,244278,6,5,4,43.496567,128.79578,-104.05475,114.209724,184.29997,0.062287197,-0.4058645,-0.15802687,12927758,5,76,0.029591663,328
5000079000038,25000500000097,5000079000058,5000079000000,25,3.575905,5000079000039,-1,5000079000037,5000079000038,5000079000078,435,35.114796,34.684467,38.38529,21524,55.459408,50.626713,42.46048,244278,6,5,4,36.744503,131.76717,-115.45432,114.959785,189.93933,0.26144558,-0.5331896,-0.27941135,12927959,5,97,0.022825459,744
5000079000039,24000500000089,5000079000058,5000079000000,24,3.8656828,5000079000040,-1,5000079000038,5000079000039,5000079000093,387,36.40578,35.889385,38.12709,21524,55.45018,50.519447,42.545708,244278,6,5,4,11.484284,122.16383,-114.35169,117.016884,191.98676,0.036120407,-0.24053383,-0.06816131,12927758,5,89,0.02100791,476
5000079000040,23000500000067,5000079000058,5000079000000,23,4.1794686,5000079000041,-1,5000079000039,5000079000040,5000079000094,385,34.16807,33.909874,35.545124,21524,55.44883,50.456066,42.617416,244278,6,5,4,12.4475565,108.730934,-89.38643,126.09979,198.64996,0.060326286,-0.52914405,0.086547025,12927951,5,67,0.01878888,104
5000079000041,22000500000046,5000079000058,5000079000000,22,4.5195556,5000079000042,-1,5000079000040,5000079000041,5000079000095,345,28.143475,28.143475,30.122986,21524,55.4689,50.427223,42.648804,244278,6,5,4,-1.7655022,98.83456,-63.902725,117.67168,194.44072,0.042422935,-0.2898368,-0.11000996,12927758,5,46,0.018491406,266
5000079000042,21000500000047,5000079000058,5000079000000,21,4.888449,5000079000043,-1,5000079000041,5000079000042,5000079000096,278,20.225433,20.139366,20.655762,21524,55.47538,50.390144,42.679485,244278,6,5,4,-21.53506,99.09865,-55.64816,109.18206,184.1144,0.09232017,0.3448941,-0.15723342,12927972,5,47,0.015489874,198
5000079000043,20000500000072,5000079000056,5000079000000,20,5.2888336,5000079000044,5000079000057,5000079000042,5000079000043,-1,188,15.491821,15.491821,15.836083,21524,55.452442,50.33753,42.65775,244278,6,5,4,-0.5180828,87.27806,-34.40419,119.912384,184.39119,0.21016966,0.4647564,-0.3495299,12927738,5,72,0.011383958,545
5000079000044,19000500000052,5000079000056,5000079000000,19,5.7238646,5000079000045,-1,5000079000043,5000079000044,-1,165,4.6475463,4.5614805,5.0778747,21524,55.440224,50.278618,42.597248,244278,6,5,4,3.1024904,90.864204,-27.192406,91.708885,136.17358,0.069087185,0.46348304,-0.36575726,12927772,5,52,0.018061241,44
5000079000045,18000500000129,5000079000049,5000079000000,18,6.1968336,5000079000046,5000079000050,5000079000044,5000079000045,-1,69,5.1639404,5.0778747,5.594269,21524,55.474895,50.198147,42.73137,244278,6,5,4,-19.031734,120.68823,-48.127934,73.171646,127.27903,0.03573879,0.071810246,0.054020554,12927772,5,129,0.009288872,46
5000079000046,17000500000120,5000079000049,5000079000000,17,6.7115865,5000079000047,-1,5000079000045,5000079000046,-1,55,3.9590209,3.9590209,4.3893495,21524,55.500713,50.130886,42.71889,244278,6,5,4,-25.74403,122.49479,-39.184647,80.695915,130.76262,-0.007680398,0.095672116,0.043007903,12934675,5,120,0.0062980982,912
5000079000047,16000500000084,5000079000049,5000079000000,16,7.272188,5000079000048,-1,5000079000046,5000079000047,-1,49,2.840167,2.840167,3.442627,21524,55.525837,50.050266,42.722057,244278,6,5,4,-28.533009,112.81676,-30.170359,72.02934,114.675354,-0.0040914663,0.05672802,0.054795235,12927961,5,84,0.008819394,863
5000079000048,15000500000114,5000079000049,5000079000000,15,7.8832035,5000079000049,-1,5000079000047,5000079000048,-1,26,0.774591,0.774591,0.774591,21524,55.540752,50.00239,42.710144,244278,6,5,4,-13.347792,115.301476,-20.531254,63.00892,100.49913,0.014329912,0.14590439,0.050354578,12927772,5,114,0.0070799524,457
5000079000049,14000500000052,5000079000049,5000079000000,14,8.549912,-1,-1,5000079000048,5000079000049,-1,30,0.6885254,0.6885254,0.6885254,21524,55.537666,49.972637,42.71715,244278,6,5,4,-31.745796,97.301796,-30.278944,54.165234,87.064316,0.012090999,-0.068958335,0.03668789,12934674,5,52,0.008222771,455
5000079000050,18000500000290,5000079000056,5000079000000,18,6.1968336,5000079000051,-1,5000079000044,5000079000050,-1,34,2.065576,2.065576,2.5819702,21524,55.432667,50.22649,42.55758,244278,6,5,4,1.5261922,105.24776,50.365826,59.659252,121.22041,-0.03792124,-0.016641596,-0.0074807853,12927751,5,290,0.006173564,649
5000079000051,17000500000264,5000079000056,5000079000000,17,6.7115865,5000079000052,-1,5000079000050,5000079000051,-1,28,2.4098387,1.7213135,2.4098387,21524,55.427284,50.163662,42.536312,244278,6,5,4,19.090994,126.267624,36.806248,48.610493,94.449875,0.0272966,-0.026811862,0.0028029054,12927973,5,264,0.007134903,782
5000079000052,16000500000137,5000079000056,5000079000000,16,7.272188,5000079000053,-1,5000079000051,5000079000052,-1,32,1.8934448,1.8934448,2.3237731,21524,55.412884,50.122383,42.518837,244278,6,5,4,18.217888,127.771454,27.762108,52.149857,103.11133,0.036790732,-0.0025025003,-0.012061141,12927984,5,137,0.0076167188,571
5000079000053,15000500000090,5000079000056,5000079000000,15,7.8832035,5000079000054,-1,5000079000052,5000079000053,-1,32,2.3237731,2.3237731,2.3237731,21524,55.400543,50.05436,42.51822,244278,6,5,4,12.380466,121.7545,21.15068,69.50917,135.6686,0.041146148,0.008083854,-0.041678455,12927973,5,90,0.005677165,135
5000079000054,14000500000055,5000079000056,5000079000000,14,8.549912,5000079000055,-1,5000079000053,5000079000054,-1,31,1.4631164,1.4631164,1.4631164,21524,55.395504,49.98325,42.474766,244278,6,5,4,0.30950043,101.26052,15.841219,66.633995,101.61032,0.0261688,0.056542277,-0.06110167,12927742,5,55,0.006451215,576
5000079000055,13000500000043,5000079000056,5000079000000,13,9.277915,5000079000056,-1,5000079000054,5000079000055,-1,25,1.4631164,1.4631164,1.6352477,21524,55.42939,49.95335,42.514534,244278,6,5,4,-14.424503,99.63381,24.549961,62.73114,109.90562,0.009025698,0.015878135,-0.035490878,12927984,5,43,0.004037955,70
5000079000056,12000500000014,5000079000056,5000079000000,12,10.073462,-1,-1,5000079000055,5000079000056,-1,25,1.1188537,1.1188537,1.1188537,21524,55.426373,49.899433,42.50944,244278,6,5,4,-9.436416,94.50627,15.474949,59.609177,103.509766,0.03869945,0.029421119,-0.03450381,12927973,5,14,0.00468659,934
5000079000057,20000500000988,5000079000058,5000079000000,20,5.2888336,5000079000058,-1,5000079000042,5000079000057,-1,26,0.516394,0.516394,0.516394,21524,55.57064,50.303528,42.85414,244278,6,5,4,-90.68201,47.519962,-99.02606,45.16588,70.573746,-0.09262409,0.13467649,0.046268985,12934700,5,988,0.011607502,155
5000079000058,19000500000767,5000079000058,5000079000000,19,5.7238646,-1,-1,5000079000057,5000079000058,-1,28,1.3770508,1.3770508,1.549182,21524,55.66143,50.295998,42.896126,244278,6,5,4,-76.82045,65.01748,-79.449196,54.96296,86.79153,-0.13323453,0.1199463,0.0443162,12934556,5,767,0.009035903,959
5000079000059,26000500001813,5000079000064,5000079000000,26,3.3080978,5000079000060,5000079000065,5000079000036,5000079000059,-1,35,3.098364,3.0122986,3.8729553,21524,55.25005,50.753044,42.124306,244278,6,5,4,79.508125,140.82082,72.08127,44.17455,78.80567,-0.09570761,0.033657666,-9.756706E-4,12927939,5,1813,0.011938436,459
5000079000060,25000500001073,5000079000064,5000079000000,25,3.575905,5000079000061,-1,5000079000059,5000079000060,-1,58,1.9795104,1.9795104,2.4959044,21524,55.22134,50.688576,42.086178,244278,6,5,4,51.046,117.33789,36.685333,49.001144,83.81369,0.21248998,0.03112679,-0.024723502,13056614,5,1073,0.018771451,618
5000079000061,24000500001319,5000079000062,5000079000000,24,3.8656828,5000079000062,5000079000063,5000079000060,5000079000061,-1,36,1.9795104,1.9795104,2.065576,21524,55.196976,50.614845,42.13346,244278,6,5,4,25.092747,100.63228,20.740353,55.00024,83.13463,0.006875115,-0.02317294,0.19039835,12927941,5,1319,0.010191145,205
5000079000062,23000500001438,5000079000062,5000079000000,23,4.1794686,-1,-1,5000079000061,5000079000062,-1,26,1.3770508,1.3770508,1.3770508,21524,55.21347,50.59128,42.124664,244278,6,5,4,11.750658,81.03251,22.262098,46.4824,68.05575,0.027799085,-0.11714755,0.116214685,12927941,5,1438,0.012930858,84
5000079000063,23000500001819,5000079000064,5000079000000,23,4.1794686,5000079000064,-1,5000079000060,5000079000063,-1,22,1.032788,1.032788,1.1188537,21524,55.146942,50.54446,42.017643,244278,6,5,4,21.975569,125.11543,26.361555,36.926674,66.97022,0.058856495,0.045884296,-0.104538344,12927999,5,1819,0.011313156,985
5000079000064,22000500000644,5000079000064,5000079000000,22,4.5195556,-1,-1,5000079000063,5000079000064,-1,38,1.1188537,1.1188537,1.1188537,21524,55.14019,50.47025,42.003796,244278,6,5,4,5.1788964,112.756836,12.828254,40.531822,71.76147,0.03919075,-0.13866653,0.031432413,12927999,5,644,0.015384357,590
5000079000065,26000500000077,5000079000071,5000079000000,26,3.3080978,5000079000066,-1,5000079000036,5000079000037,5000079000091,109,0.0,0.0,0.0,21547,55.361908,50.9676,42.1757,244388,6,5,4,-49.348175,-49.37517,33.61755,71.43801,110.18518,0.10534658,0.14550571,-0.34435064,12928052,5,77,0.018991182,870
5000079000066,25000500000561,5000079000071,5000079000000,25,3.575905,5000079000067,-1,5000079000065,5000079000066,-1,103,6.6270566,6.4549255,6.7131224,21547,55.37184,50.986954,42.14046,244388,6,5,4,-51.44245,-15.238304,37.470642,66.24786,108.53211,0.010390358,0.13416734,-0.060011234,12928052,5,561,0.017570024,709
5000079000067,24000500000857,5000079000071,5000079000000,24,3.8656828,5000079000068,-1,5000079000066,5000079000067,-1,66,5.0778747,5.0778747,5.1639404,21547,55.400627,51.00548,42.107666,244388,6,5,4,-43.374012,0.74841857,45.371304,68.01121,107.649414,0.03899019,0.09325908,0.02503679,12941510,5,857,0.012035247,360
5000079000068,23000500000706,5000079000071,5000079000000,23,4.1794686,5000079000069,-1,5000079000067,5000079000068,-1,66,4.131152,4.0450864,4.6475463,21547,55.43906,50.993435,42.08244,244388,6,5,4,-47.559406,10.571447,32.147957,65.37137,103.05345,-0.16882041,-0.07535664,0.10320591,12928096,5,706,0.012985866,649
5000079000069,22000500000916,5000079000071,5000079000000,22,4.5195556,5000079000070,-1,5000079000068,5000079000069,-1,37,3.7008238,3.7008238,3.7868896,21547,55.473495,50.99471,42.041893,244388,6,5,4,-54.304382,6.7484426,26.373125,64.25964,97.11604,-0.06496362,-0.20587806,-0.003702905,12941495,5,916,0.007746617,929
5000079000070,21000500000707,5000079000071,5000079000000,21,4.888449,5000079000071,-1,5000079000069,5000079000070,-1,38,2.9262328,2.9262328,3.18443,21547,55.505455,50.99589,42.042667,244388,6,5,4,-30.182346,11.921772,21.04047,53.394592,92.281006,-0.058332685,-0.06732402,-0.0017981963,12928053,5,707,0.009906133,927
5000079000071,20000500001443,5000079000071,5000079000000,20,5.2888336,-1,-1,5000079000070,5000079000071,-1,22,1.2909851,1.2909851,1.4631164,21547,55.522503,50.9968,42.011776,244388,6,5,4,-11.943043,-4.746329,7.3073125,46.263466,81.59445,0.033777818,0.043048393,0.03419646,12928053,5,1443,0.008343581,321
5000079000072,27000500002680,5000079000075,5000079000000,27,3.060419,5000079000073,5000079000076,5000079000035,5000079000072,-1,21,1.549182,1.549182,1.549182,21547,55.332222,51.220257,42.05748,244388,6,5,4,92.17446,-90.76061,-93.425,36.04966,65.15177,-0.072480574,-0.09061991,-0.1554519,13049955,5,2680,0.010092767,284
5000079000073,25000500003382,5000079000075,5000079000000,25,3.575905,5000079000074,-1,5000079000072,5000079000073,-1,20,0.9467224,0.9467224,0.9467224,21547,55.22753,51.339718,42.142403,244388,6,5,4,82.63714,-50.39423,-76.67809,30.682047,64.26207,0.01207138,-0.02591404,0.08134159,13049964,5,3382,0.0113218585,697
5000079000074,24000500002826,5000079000075,5000079000000,24,3.8656828,5000079000075,-1,5000079000073,5000079000074,-1,22,1.1188537,1.1188537,1.2909851,21547,55.201168,51.359554,42.187668,244388,6,5,4,80.36813,-31.421408,-75.839966,39.096546,68.09661,0.03453122,0.007143858,0.071373925,12941568,5,2826,0.009923846,693
5000079000075,23000500002326,5000079000075,5000079000000,23,4.1794686,-1,-1,5000079000074,5000079000075,-1,24,1.2909851,1.2909851,1.3770508,21547,55.13435,51.378487,42.22178,244388,6,5,4,76.0323,-18.095133,-77.16,40.419994,76.10812,0.0170796,-0.005696121,0.058239948,13049950,5,2326,0.008893892,776
5000079000076,27000500000088,5000079000086,5000079000000,27,3.060419,5000079000077,-1,5000079000035,5000079000036,-1,22,0.0,0.0,0.0,21524,55.54433,50.71574,42.222706,244278,6,5,4,6.6045556,92.354576,112.5829,63.688667,116.59857,0.03239274,-0.0627219,0.073976554,13043226,5,88,0.003267117,904
5000079000077,26000500000079,5000079000086,5000079000000,26,3.3080978,5000079000078,-1,5000079000076,5000079000037,-1,46,0.0,0.0,0.0,21524,55.524162,50.711407,42.19659,244278,6,5,4,103.16494,-10.129635,24.486479,62.225124,100.7586,-0.002467448,0.081993826,-0.039039195,13043216,5,79,0.009912879,415
5000079000078,25000500000098,5000079000086,5000079000000,25,3.575905,5000079000079,-1,5000079000077,5000079000038,5000079000092,52,0.0,0.0,0.0,21524,55.440067,50.730618,42.211452,244278,6,5,4,144.73227,-41.899467,-51.819263,69.38626,122.54211,0.045860123,-0.012290603,0.04706975,13043226,5,98,0.007132978,957
5000079000079,24000500000946,5000079000086,5000079000000,24,3.8656828,5000079000080,-1,5000079000078,5000079000079,-1,52,4.733612,4.733612,5.2500057,21524,55.35285,50.749268,42.257835,244278,6,5,4,167.36984,-39.749557,-97.33,63.877613,106.779305,0.090086855,0.01960344,0.09552284,13056671,5,946,0.009453576,122
5000079000080,23000500001273,5000079000086,5000079000000,23,4.1794686,5000079000081,-1,5000079000079,5000079000080,-1,38,3.442627,3.442627,3.442627,21547,55.257534,50.791367,42.342163,244388,6,5,4,157.0623,-32.745155,-116.474045,53.39103,93.83841,0.020527838,0.007324106,0.06296998,13043188,5,1273,0.008498336,465
5000079000081,22000500001089,5000079000086,5000079000000,22,4.5195556,5000079000082,-1,5000079000080,5000079000081,-1,38,2.6680357,2.3237731,3.0122986,21547,55.162636,50.79534,42.400585,244388,6,5,4,140.44148,-7.743152,-105.97758,47.097412,92.199135,-0.012364085,-0.024035009,0.04190441,13043227,5,1089,0.010379691,951
5000079000082,21000500000982,5000079000086,5000079000000,21,4.888449,5000079000083,-1,5000079000081,5000079000082,-1,36,2.3237731,2.3237731,2.3237731,21547,55.103546,50.799408,42.44546,244388,6,5,4,136.57393,-0.6774454,-111.36524,55.592808,98.241745,-0.09379467,-0.03361178,0.05084295,13043216,5,982,0.00845442,25
5000079000083,20000500000836,5000079000086,5000079000000,20,5.2888336,5000079000084,-1,5000079000082,5000079000083,-1,34,2.5819702,2.5819702,2.5819702,21547,55.0409,50.803295,42.521538,244388,6,5,4,126.4711,6.572105,-108.43277,63.72062,108.22172,-0.043249536,-0.061644383,0.0367526,13043216,5,836,0.006046161,674
5000079000084,19000500000703,5000079000086,5000079000000,19,5.7238646,5000079000085,-1,5000079000083,5000079000084,-1,31,2.5819702,2.5819702,2.5819702,21547,54.984364,50.790062,42.5768,244388,6,5,4,118.37869,13.224893,-105.79799,56.924805,104.96626,-0.0040878025,-0.057083067,0.020202275,13049910,5,703,0.0068958695,436
5000079000085,18000500000550,5000079000086,5000079000000,18,6.1968336,5000079000086,-1,5000079000084,5000079000085,-1,29,1.9795104,1.9795104,1.9795104,21547,54.922943,50.805023,42.6624,244388,6,5,4,107.00542,17.232834,-98.816475,59.424503,102.305084,0.008878893,-0.030117195,0.032307606,13043216,5,550,0.0064776293,714
5000079000086,17000500000636,5000079000086,5000079000000,17,6.7115865,-1,-1,5000079000085,5000079000086,-1,20,1.1188537,1.1188537,1.3770508,21547,54.85957,50.805668,42.706078,244388,6,5,4,99.265335,13.62553,-117.95279,52.85907,87.872025,-0.01609553,0.008428744,0.011434598,13043216,5,636,0.0056425086,49
5000079000087,28000500000106,5000079000088,5000079000000,28,2.8311827,5000079000088,5000079000089,5000079000034,5000079000035,-1,21,0.0,0.0,0.0,21547,55.408863,50.84952,42.241535,244388,6,5,4,180.47382,-147.64842,-1.1378868,54.25598,96.89644,-0.07654591,-0.0018220592,-0.03934833,12941494,5,106,0.0076924567,534
5000079000088,27000500000087,5000079000088,5000079000000,27,3.060419,-1,-1,5000079000087,5000079000036,5000079000076,22,0.0,0.0,0.0,21547,55.355225,50.932602,42.216908,244388,6,5,4,29.634445,-90.850685,101.71093,56.78517,96.209816,7.748318E-4,0.08138732,-0.08023858,12927628,5,87,0.005156442,996
5000079000089,28000500000105,5000079000102,5000079000000,28,2.8311827,5000079000090,-1,5000079000034,5000079000035,5000079000087,22,0.0,0.0,0.0,21547,55.492653,50.84455,42.366432,244388,6,5,4,-67.44968,167.7439,-284.60284,64.10251,102.83662,-0.030596016,-0.009965626,0.057039473,13056637,5,105,0.005060467,522
5000079000090,27000500000086,5000079000102,5000079000000,27,3.060419,5000079000091,-1,5000079000089,5000079000036,5000079000088,50,0.0,0.0,0.0,21524,55.549717,50.770317,42.482456,244278,6,5,4,-72.62933,137.66495,-160.26328,56.102856,94.94601,-0.033804525,-0.07174829,0.038911,13043236,5,86,0.013709643,945
5000079000091,26000500000078,5000079000102,5000079000000,26,3.3080978,5000079000092,-1,5000079000090,5000079000037,5000079000077,49,0.0,0.0,0.0,21524,55.556824,50.68232,42.556656,244278,6,5,4,-76.14284,96.31357,-64.9356,69.896774,117.818375,-0.027583022,-0.03698567,-0.0059455694,13043245,5,78,0.00808102,388
5000079000092,25000500000099,5000079000102,5000079000000,25,3.575905,5000079000093,-1,5000079000091,5000079000038,-1,36,0.0,0.0,0.0,21524,55.605343,50.657837,42.570484,244278,6,5,4,-32.73904,73.30876,23.297733,56.291775,101.22664,-0.05683076,0.019730324,-0.0072704637,13043255,5,99,0.0076643243,466
5000079000093,24000500000090,5000079000102,5000079000000,24,3.8656828,5000079000094,-1,5000079000092,5000079000039,-1,44,0.0,0.0,0.0,21524,55.585537,50.59958,42.52164,244278,6,5,4,85.531494,108.750534,94.30613,67.363625,118.80838,-0.0049615237,-0.05713931,-0.07175158,13043262,5,90,0.00669095,950
5000079000094,23000500000068,5000079000102,5000079000000,23,4.1794686,5000079000095,-1,5000079000093,5000079000040,-1,35,0.0,0.0,0.0,21524,55.506393,50.52172,42.474384,244278,6,5,4,193.9606,146.86124,46.819263,72.0551,115.3936,-0.0031777802,-0.033551935,-0.090922065,13043245,5,68,0.0059097144,864
5000079000095,22000500000047,5000079000102,5000079000000,22,4.5195556,5000079000096,-1,5000079000094,5000079000041,-1,48,0.0,0.0,0.0,21524,55.35382,50.439854,42.480587,244278,6,5,4,234.02164,184.32317,-47.64964,70.585815,116.295204,0.065075725,0.031258896,-0.11509699,13043256,5,47,0.008046538,307
5000079000096,21000500000048,5000079000102,5000079000000,21,4.888449,5000079000097,-1,5000079000095,5000079000042,-1,83,0.0,0.0,0.0,21524,55.25449,50.331795,42.52416,244278,6,5,4,206.37411,136.15648,-95.55032,84.01018,138.7685,0.08329679,0.1813742,-0.14519416,13043254,5,48,0.008461488,410
5000079000097,20000500000251,5000079000102,5000079000000,20,5.2888336,5000079000098,-1,5000079000096,5000079000097,-1,79,6.282794,6.282794,6.4549255,21524,55.17061,50.25982,42.575985,244278,6,5,4,171.98813,119.18295,-101.966515,89.16956,147.4988,-0.0043031247,0.16557439,-0.0566675,13043254,5,251,0.0068158684,70
5000079000098,19000500000166,5000079000102,5000079000000,19,5.7238646,5000079000099,-1,5000079000097,5000079000098,-1,80,4.4754148,4.3032837,4.733612,21524,55.0745,50.218266,42.632343,244278,6,5,4,147.60846,109.7776,-101.20359,73.64841,128.97408,0.02692579,0.13980149,-0.09141386,13043246,5,166,0.011198336,168
5000079000099,18000500000130,5000079000102,5000079000000,18,6.1968336,5000079000100,-1,5000079000098,5000079000099,-1,69,3.0122986,3.0122986,3.18443,21524,55.012352,50.162224,42.683086,244278,6,5,4,131.25662,102.10603,-93.34765,60.87587,109.71885,0.042460084,0.16501856,-0.121573895,13043254,5,130,0.010973474,263
5000079000100,17000500000189,5000079000102,5000079000000,17,6.7115865,5000079000101,-1,5000079000099,5000079000100,-1,41,3.0122986,3.0122986,3.098364,21524,54.955894,50.107594,42.713448,244278,6,5,4,126.23046,88.13463,-88.65779,66.75136,112.142876,-0.023308344,0.13119529,-0.06724943,13043207,5,189,0.007293349,722
5000079000101,16000500000167,5000079000102,5000079000000,16,7.272188,5000079000102,-1,5000079000100,5000079000101,-1,32,2.1516418,2.1516418,2.4098387,21524,54.91602,50.072933,42.765526,244278,6,5,4,117.028435,79.38133,-93.74566,73.25641,113.02326,-0.044749755,0.060459703,-0.07172727,13043246,5,167,0.005419512,537
5000079000102,15000500000104,5000079000102,5000079000000,15,7.8832035,-1,-1,5000079000101,5000079000102,-1,30,1.8934448,1.8934448,2.065576,21524,54.858425,50.05327,42.84638,244278,6,5,4,104.72548,75.98137,-82.63325,66.22494,113.48415,0.031103244,0.085755944,-0.06508331,13043245,5,104,0.004598534,627
5000079000103,28000500003020,5000079000104,5000079000000,28,2.8311827,5000079000104,-1,5000079000033,5000079000103,-1,22,1.6352477,1.6352477,1.6352477,21547,55.36495,51.314453,41.973476,244384,6,5,4,143.1379,-105.40857,-27.494099,36.490578,64.26371,0.020730682,0.02866019,-0.036028802,13049968,5,3020,0.010755227,293
5000079000104,27000500003393,5000079000104,5000079000000,27,3.060419,-1,-1,5000079000103,5000079000104,-1,21,1.8934448,1.8934448,1.8934448,21547,55.285065,51.38261,41.963577,244384,6,5,4,132.23505,-65.0954,-43.07542,42.69311,67.07362,0.06506273,0.032274723,-0.06395866,13049979,5,3393,0.012714631,511
5000079000105,31000500000142,5000079000124,5000079000000,31,2.2394855,5000079000106,-1,5000079000031,5000079000032,-1,47,0.0,0.0,0.0,21547,55.379105,50.989704,41.970264,244384,6,5,4,160.65225,197.67384,140.9299,59.028053,97.11755,0.030477386,-0.01559814,-0.045139987,13056800,5,142,0.009860478,684
5000079000106,30000500000112,5000079000124,5000079000000,30,2.422044,5000079000107,-1,5000079000105,5000079000033,-1,111,0.0,0.0,0.0,21547,55.300407,50.89764,41.919853,244384,6,5,4,103.23014,134.52185,98.90466,70.24227,115.835754,-0.19593698,0.043474026,0.2574685,13056800,5,112,0.017330889,860
5000079000107,29000500000673,5000079000124,5000079000000,29,2.6188614,5000079000108,-1,5000079000106,5000079000107,-1,157,11.446734,10.93034,12.049194,21547,55.25738,50.837368,41.864784,244384,6,5,4,78.03307,105.82739,77.65815,72.55135,119.84793,-0.3796447,0.036412712,0.14545909,13056800,5,673,0.022495504,220
5000079000108,28000500000719,5000079000124,5000079000000,28,2.8311827,5000079000109,-1,5000079000107,5000079000108,-1,136,10.93034,10.8442745,11.274603,21547,55.20696,50.784946,41.82359,244384,6,5,4,74.429016,99.85943,66.7779,72.61634,121.57853,-0.21309693,-0.014491438,0.29374665,13056824,5,719,0.020348758,798
5000079000109,27000500000536,5000079000124,5000079000000,27,3.060419,5000079000110,-1,5000079000108,5000079000109,-1,156,9.811486,9.811486,10.672143,21524,55.175095,50.71386,41.75642,244274,6,5,4,69.52922,90.71805,49.146374,68.46227,121.201225,-0.2132218,-0.07269283,0.18856615,13056805,5,536,0.022955943,861
5000079000110,26000500000402,5000079000124,5000079000000,26,3.3080978,5000079000111,-1,5000079000109,5000079000110,5000079000164,135,8.176239,8.090173,8.606567,21524,55.09573,50.63711,41.717648,244274,6,5,4,73.20047,83.86796,45.95062,62.198227,114.115105,-0.117691204,-0.0147761805,0.27180985,13056830,5,402,0.021831006,496
5000079000111,25000500000628,5000079000124,5000079000000,25,3.575905,5000079000112,-1,5000079000110,5000079000111,-1,103,6.024597,5.9385314,6.4549255,21524,55.02504,50.58714,41.68019,244274,6,5,4,79.264854,75.6969,34.232338,65.439095,109.65653,-0.14279984,-0.07368512,0.21021399,13056833,5,628,0.017107837,539
5000079000112,24000500000657,5000079000119,5000079000000,24,3.8656828,5000079000113,5000079000120,5000079000111,5000079000112,-1,86,5.0778747,4.4754148,5.594269,21524,54.938873,50.53093,41.63972,244274,6,5,4,92.15681,69.82444,44.685047,62.880936,105.119675,0.10460172,0.020391246,0.06799767,12928122,5,657,0.016366903,480
5000079000113,23000500000514,5000079000119,5000079000000,23,4.1794686,5000079000114,-1,5000079000112,5000079000113,-1,85,2.3237731,2.3237731,4.0450864,21524,54.972088,50.513527,41.681625,244274,6,5,4,82.85523,66.9021,34.62665,62.81807,98.21841,0.09440058,0.031805735,0.054948602,13056800,5,514,0.017601132,21
5000079000114,22000500000613,5000079000119,5000079000000,22,4.5195556,5000079000115,-1,5000079000113,5000079000114,-1,57,4.3893495,4.131152,4.733612,21524,54.9211,50.45879,41.661697,244274,6,5,4,62.25724,63.27667,22.911093,63.888767,104.372406,-0.066276625,0.095149264,0.1953292,13056807,5,613,0.010704501,125
5000079000115,21000500000499,5000079000119,5000079000000,21,4.888449,5000079000116,-1,5000079000114,5000079000115,-1,55,4.3032837,4.3032837,4.733612,21524,54.860653,50.41816,41.621796,244274,6,5,4,71.70847,84.72755,20.043787,65.732834,105.28778,8.5046457E-4,0.13597773,0.18740939,13056833,5,499,0.011178832,683
5000079000116,20000500000907,5000079000119,5000079000000,20,5.2888336,5000079000117,-1,5000079000115,5000079000116,-1,30,2.1516418,2.065576,2.1516418,21524,54.839165,50.38784,41.62606,244274,6,5,4,45.576572,71.93866,25.936337,59.75136,101.2079,0.055043466,-0.044029888,-0.023582347,13056804,5,907,0.006429519,953
5000079000117,19000500000810,5000079000119,5000079000000,19,5.7238646,5000079000118,-1,5000079000116,5000079000117,-1,27,1.549182,1.549182,1.549182,21524,54.778915,50.32706,41.58139,244274,6,5,4,46.79891,71.304184,14.301123,54.750546,95.07591,-0.004796325,-0.04729717,-0.0015298601,13056834,5,810,0.0074173487,376
5000079000118,18000500000720,5000079000119,5000079000000,18,6.1968336,5000079000119,-1,5000079000117,5000079000118,-1,24,1.7213135,1.7213135,1.8073791,21524,54.76582,50.30597,41.571583,244274,6,5,4,49.315258,78.82946,5.9540462,50.205437,94.20806,0.0026387542,-0.004351919,0.0027856722,13056834,5,720,0.0066442266,989
5000079000119,17000500000463,5000079000119,5000079000000,17,6.7115865,-1,-1,5000079000118,5000079000119,-1,25,1.032788,1.032788,1.032788,21524,54.71482,50.257977,41.54667,244274,6,5,4,48.393913,77.31541,2.6165135,48.009777,85.18074,-5.961331E-4,0.0144935595,-0.054012123,13056805,5,463,0.007813221,584
5000079000120,24000500002149,5000079000124,5000079000000,24,3.8656828,5000079000121,-1,5000079000111,5000079000120,-1,20,1.1188537,1.1188537,1.2909851,21524,55.159645,50.576553,41.80386,244274,6,5,4,64.125435,110.82253,-6.1114893,37.0141,65.23248,0.16614826,-0.090935014,0.24910335,13056694,5,2149,0.011519577,201
5000079000121,23000500002217,5000079000124,5000079000000,23,4.1794686,5000079000122,-1,5000079000120,5000079000121,-1,20,1.032788,0.86065674,1.2049193,21524,55.1579,50.519676,41.762924,244274,6,5,4,76.95836,128.1448,-28.6906,42.558624,72.36946,-0.06456885,0.101128034,0.11091737,13056631,5,2217,0.01080957,173
5000079000122,22000500001160,5000079000124,5000079000000,22,4.5195556,5000079000123,-1,5000079000121,5000079000122,-1,30,2.2377074,2.2377074,2.4959044,21524,55.071613,50.45223,41.831673,244274,6,5,4,87.96585,98.2634,-17.48545,49.14937,83.49541,0.09599839,0.20405918,0.29210046,13056616,5,1160,0.011057016,324
5000079000123,21000500000384,5000079000124,5000079000000,21,4.888449,5000079000124,-1,5000079000122,5000079000123,-1,65,1.9795104,1.8934448,1.9795104,21524,55.035088,50.383755,41.81089,244274,6,5,4,51.58057,103.59597,-9.853483,59.347748,84.82175,0.014131803,-0.50265056,0.22427408,12927908,5,384,0.02124338,302
5000079000124,20000500001235,5000079000124,5000079000000,20,5.2888336,-1,-1,5000079000123,5000079000124,-1,22,1.032788,1.032788,1.032788,21524,55.1451,50.34735,42.029915,244278,6,5,4,18.912443,107.34678,5.475843,44.470657,71.12119,0.04976656,0.034357905,-0.030100882,13056614,5,1235,0.010398015,486
5000079000125,32000500002130,5000079000125,5000079000000,32,2.0700274,-1,-1,5000079000029,5000079000125,-1,20,1.9795104,1.7213135,1.9795104,21547,55.24643,51.100456,41.35101,244384,6,5,4,96.27625,329.5091,52.021637,29.282757,49.75145,-0.17192824,-0.123482674,0.07396241,13056308,5,2130,0.017106798,501
5000079000126,34000500004548,5000079000131,5000079000000,34,1.766336,5000079000127,5000079000132,5000079000027,5000079000126,-1,22,1.3770508,1.3770508,1.3770508,21547,55.65596,51.804817,41.915558,244386,6,5,4,65.68307,-103.08025,-68.16887,27.9042,56.23134,-0.046569955,-0.0061941445,-0.015084021,13049925,5,4548,0.014047347,917
5000079000127,33000500004778,5000079000131,5000079000000,33,1.9126327,5000079000128,-1,5000079000126,5000079000127,-1,20,1.6352477,1.6352477,1.6352477,21547,55.62406,51.873734,41.9537,244386,6,5,4,84.76852,-79.94745,-70.56169,36.02602,66.552864,-0.04694036,0.019517848,0.0027679135,13049930,5,4778,0.009508725,827
5000079000128,32000500004323,5000079000131,5000079000000,32,2.0700274,5000079000129,-1,5000079000127,5000079000128,-1,23,1.6352477,1.6352477,1.6352477,21547,55.564274,51.93662,41.997753,244390,6,5,4,90.4411,-62.259945,-72.23502,33.877407,61.11978,-0.033685792,0.015769904,0.018139403,13049930,5,4323,0.012832137,836
5000079000129,31000500004346,5000079000131,5000079000000,31,2.2394855,5000079000130,-1,5000079000128,5000079000129,-1,22,1.7213135,1.7213135,1.8073791,21547,55.48977,51.966095,42.0483,244390,6,5,4,95.25797,-49.15933,-74.25873,39.037964,69.54754,-0.06264467,-0.022359163,0.084140874,13049925,5,4346,0.010966886,712
5000079000130,30000500004222,5000079000131,5000079000000,30,2.422044,5000079000131,-1,5000079000129,5000079000130,-1,22,1.549182,1.4631164,1.6352477,21547,55.421337,51.97348,42.098927,244390,6,5,4,97.19109,-37.90052,-73.61225,38.59312,68.491486,-0.0609246,-0.024636667,0.089026265,13050530,5,4222,0.012666947,958
5000079000131,29000500004369,5000079000131,5000079000000,29,2.6188614,-1,-1,5000079000130,5000079000131,-1,20,1.2049193,1.2049193,1.2049193,21547,55.375793,51.970573,42.135525,244390,6,5,4,100.17855,-31.560507,-73.744446,29.922934,59.56777,-0.044868518,-0.008786844,0.0887472,13049925,5,4369,0.012073569,8
5000079000132,35000500000177,5000079000173,5000079000000,35,1.6302707,5000079000133,-1,5000079000027,5000079000028,5000079000216,179,0.0,0.0,0.0,21547,55.35729,51.457554,41.689495,244384,6,5,4,190.01459,184.5706,108.61575,82.65736,126.37173,0.6784655,0.04896143,-0.6104542,13056026,5,177,0.02178797,707
5000079000133,34000500000165,5000079000173,5000079000000,34,1.766336,5000079000134,-1,5000079000132,5000079000029,5000079000175,151,0.0,0.0,0.0,21547,55.238655,51.375427,41.62565,244384,6,5,4,166.06554,207.1955,79.28464,69.40495,119.753654,0.3350419,-0.10001329,-0.25298548,13056027,5,165,0.020208849,273
5000079000134,33000500000156,5000079000173,5000079000000,33,1.9126327,5000079000135,-1,5000079000133,5000079000030,5000079000176,265,0.0,0.0,0.0,21547,55.16681,51.248962,41.583984,244384,6,5,4,132.8943,233.68533,33.528694,80.9893,128.20644,0.36505732,-0.029704815,-0.5381355,13056458,5,156,0.031375263,839
5000079000135,32000500000511,5000079000173,5000079000000,32,2.0700274,5000079000136,-1,5000079000134,5000079000135,5000079000177,264,24.528717,23.926256,25.64757,21547,55.060776,51.123672,41.535778,244384,6,5,4,109.54576,256.30453,23.35487,86.682396,133.422,0.4107335,0.015694588,-0.42039028,12929652,5,511,0.028388992,639
5000079000136,31000500000502,5000079000158,5000079000000,31,2.2394855,5000079000137,5000079000159,5000079000135,5000079000136,5000079000159,46,27.110687,26.594292,27.885277,21547,54.99502,50.929985,41.486233,244384,6,5,4,116.39181,317.80518,40.21022,68.261604,110.63888,-0.029382117,-0.043236613,0.09550489,13056027,5,502,0.0076910164,709
5000079000137,30000500000434,5000079000158,5000079000000,30,2.422044,5000079000138,-1,5000079000136,5000079000137,5000079000160,262,15.2336235,14.286901,15.491821,21524,54.926006,50.76755,41.481796,244274,6,5,4,62.49132,265.98416,6.8564143,83.43009,121.25458,0.62671256,-0.08686399,-0.53304315,13056027,5,434,0.03460021,905
5000079000138,29000500000454,5000079000158,5000079000000,29,2.6188614,5000079000139,-1,5000079000137,5000079000138,5000079000161,199,11.790997,10.8442745,12.393456,21524,54.89753,50.583923,41.50538,244274,6,5,4,42.15628,279.06015,1.5966822,73.84007,119.743225,0.28723398,-0.52562004,-0.6172121,12929652,5,454,0.027575571,268
5000079000139,28000500000473,5000079000152,5000079000000,28,2.8311827,5000079000140,5000079000153,5000079000138,5000079000139,5000079000162,123,9.8975525,9.811486,10.069683,21524,54.90885,50.409138,41.51726,244274,6,5,4,24.384872,282.9212,-25.277363,69.56431,123.11988,0.052738093,-0.325361,0.17598219,13056513,5,473,0.015306142,409
5000079000140,27000500000568,5000079000152,5000079000000,27,3.060419,5000079000141,-1,5000079000139,5000079000140,-1,140,9.553289,9.295093,9.725421,21524,54.896687,50.254562,41.54904,244274,6,5,4,20.24157,276.27194,-16.346209,74.58541,134.6135,-0.037374906,-0.42826977,0.17835054,13056513,5,568,0.017950473,525
5000079000141,26000500000681,5000079000152,5000079000000,26,3.3080978,5000079000142,-1,5000079000140,5000079000141,-1,108,9.381158,9.295093,9.8975525,21524,54.872124,50.098614,41.561035,244274,6,5,4,1.0936167,258.82568,-25.749725,65.52325,117.88198,0.107059576,-0.30569512,0.08753347,12929652,5,681,0.015820941,289
5000079000142,25000500000577,5000079000152,5000079000000,25,3.575905,5000079000143,-1,5000079000141,5000079000142,-1,112,8.606567,8.520501,8.9508295,21524,54.90868,49.937244,41.57407,244274,6,5,4,1.5696341,241.98859,-24.720652,67.47351,120.7866,0.015595353,-0.2737695,0.060827296,13056458,5,577,0.015570554,898
5000079000143,24000500000585,5000079000152,5000079000000,24,3.8656828,5000079000144,-1,5000079000142,5000079000143,-1,100,8.176239,7.9180417,8.606567,21524,54.890865,49.80263,41.571346,244272,6,5,4,1.909513,230.90549,-24.560295,82.05069,133.0923,0.12800689,-0.30300602,0.024103215,13056513,5,585,0.010962196,975
5000079000144,23000500000440,5000079000152,5000079000000,23,4.1794686,5000079000145,-1,5000079000143,5000079000144,-1,102,8.520501,8.434436,8.606567,21524,54.88411,49.70436,41.610683,244272,6,5,4,6.864225,216.19508,-14.307001,82.06337,134.60457,0.14564733,-0.12847282,0.073950954,13056458,5,440,0.011953575,753
5000079000145,22000500000457,5000079000152,5000079000000,22,4.5195556,5000079000146,-1,5000079000144,5000079000145,-1,78,6.1106625,6.024597,6.282794,21524,54.90309,49.594585,41.608086,244272,6,5,4,13.15377,189.49196,-4.8025146,74.0097,128.75621,0.14985833,-0.19113174,0.08368955,13056073,5,457,0.0104915025,257
5000079000146,21000500000450,5000079000152,5000079000000,21,4.888449,5000079000147,-1,5000079000145,5000079000146,-1,65,4.8196774,4.8196774,4.8196774,21524,54.917587,49.483093,41.601776,244272,6,5,4,9.870846,185.2552,-6.0972996,66.90636,116.92389,0.12705435,-0.10532677,0.088759206,12929651,5,450,0.010090853,848
5000079000147,20000500000397,5000079000152,5000079000000,20,5.2888336,5000079000148,-1,5000079000146,5000079000147,-1,58,3.442627,3.442627,3.7868896,21524,54.909126,49.386963,41.62153,244272,6,5,4,7.8186383,170.74225,-6.4979453,65.249405,114.64773,0.11587648,-0.0864402,0.05556423,12929653,5,397,0.008667768,729
5000079000148,19000500000605,5000079000152,5000079000000,19,5.7238646,5000079000149,-1,5000079000147,5000079000148,-1,34,2.2377074,2.2377074,2.2377074,21524,54.925793,49.276287,41.646183,244272,6,5,4,-11.526318,168.38075,-8.384346,55.60694,97.74366,-0.012669318,-0.07799066,-0.012206062,12929653,5,605,0.0071894177,246
5000079000149,18000500000576,5000079000152,5000079000000,18,6.1968336,5000079000150,-1,5000079000148,5000079000149,-1,28,1.7213135,1.6352477,1.8934448,21524,54.92649,49.177982,41.646027,244272,6,5,4,-6.4172716,162.1046,-13.957599,50.748093,91.51111,-0.033077765,-0.08720836,-0.0140112545,13056073,5,576,0.007341247,856
5000079000150,17000500000527,5000079000152,5000079000000,17,6.7115865,5000079000151,-1,5000079000149,5000079000150,-1,22,1.8934448,1.8934448,1.8934448,21524,54.930374,49.107243,41.66924,244272,6,5,4,1.2473484,172.6326,-28.629032,61.049274,107.203384,0.06066424,-0.062409095,0.11386515,13056027,5,527,0.0048298053,891
5000079000151,16000500000356,5000079000152,5000079000000,16,7.272188,5000079000152,-1,5000079000150,5000079000151,-1,22,1.8073791,1.8073791,1.8934448,21524,54.92483,49.031895,41.672195,244272,6,5,4,4.0047097,159.86562,-24.866411,71.65482,111.27127,0.048155263,-0.038142245,0.09176375,13056027,5,356,0.004087723,726
5000079000152,15000500000230,5000079000152,5000079000000,15,7.8832035,-1,-1,5000079000151,5000079000152,-1,20,1.2909851,1.2909851,1.4631164,21524,54.901756,48.930183,41.69766,244272,6,5,4,1.8914024,151.53914,-20.670317,52.649563,93.05874,0.0355656,-0.023476487,0.05993158,12929707,5,230,0.0058146613,5
5000079000153,28000500003326,5000079000158,5000079000000,28,2.8311827,5000079000154,-1,5000079000138,5000079000153,-1,25,1.2049193,1.2049193,1.2909851,21524,55.05403,50.62873,41.459694,244274,6,5,4,74.4203,157.72037,39.623463,31.081322,59.145687,-0.09444364,0.07660496,0.017747253,13056826,5,3326,0.014811013,781
5000079000154,27000500003272,5000079000158,5000079000000,27,3.060419,5000079000155,-1,5000079000153,5000079000154,-1,24,1.3770508,1.2909851,1.4631164,21524,55.01032,50.536682,41.43918,244274,6,5,4,84.83438,163.37932,13.980607,35.952267,66.65372,-0.08687084,0.028638706,0.04310886,13056600,5,3272,0.012274662,947
5000079000155,26000500003049,5000079000158,5000079000000,26,3.3080978,5000079000156,-1,5000079000154,5000079000155,-1,25,2.065576,2.065576,2.1516418,21524,54.92813,50.443024,41.41339,244274,6,5,4,92.466286,160.89748,-3.6556504,51.48873,81.17377,-0.054628942,-0.027248828,0.0060394444,13056553,5,3049,0.008806721,112
5000079000156,25000500001925,5000079000158,5000079000000,25,3.575905,5000079000157,-1,5000079000155,5000079000156,-1,27,1.9795104,1.9795104,2.065576,21524,54.888664,50.368195,41.456066,244274,6,5,4,106.754944,162.53305,-22.54825,48.750126,77.9168,-0.09012829,0.023265589,0.04966685,13056847,5,1925,0.009507367,392
5000079000157,24000500001356,5000079000158,5000079000000,24,3.8656828,5000079000158,-1,5000079000156,5000079000157,-1,28,1.549182,1.549182,1.549182,21524,54.833275,50.301357,41.47182,244274,6,5,4,113.55438,162.13861,-38.16088,43.010212,69.32463,-0.025925117,0.0056795375,0.0037398252,13056598,5,1356,0.014694813,755
5000079000158,23000500001759,5000079000158,5000079000000,23,4.1794686,-1,-1,5000079000157,5000079000158,-1,28,0.86065674,0.86065674,0.9467224,21524,54.778725,50.238853,41.49747,244274,6,5,4,116.05074,149.69969,-45.907265,37.747692,61.2046,-0.0402094,0.007302809,-0.036325537,13056847,5,1759,0.016286105,722
5000079000159,31000500000501,5000079000173,5000079000000,31,2.2394855,5000079000160,-1,5000079000135,5000079000136,-1,218,0.0,0.0,0.0,21547,55.034855,50.92949,41.579803,244384,6,5,4,78.07555,221.07529,-2.9528105,91.36244,130.93732,0.3286475,-0.18276069,-0.45943153,12927883,5,501,0.025386909,811
5000079000160,30000500000435,5000079000173,5000079000000,30,2.422044,5000079000161,-1,5000079000159,5000079000137,-1,30,0.0,0.0,0.0,21547,54.9735,50.84027,41.620663,244384,6,5,4,97.99148,152.76932,-56.81284,45.72562,89.10745,0.00824132,-0.04322765,0.053199798,12929678,5,435,0.0096637625,912
5000079000161,29000500000455,5000079000173,5000079000000,29,2.6188614,5000079000162,-1,5000079000160,5000079000138,-1,38,0.0,0.0,0.0,21524,54.92407,50.731403,41.65404,244274,6,5,4,69.33565,177.53156,-43.981297,51.30853,96.53633,0.027387274,0.0011728184,0.047292005,12929679,5,455,0.011475648,787
5000079000162,28000500000474,5000079000173,5000079000000,28,2.8311827,5000079000163,-1,5000079000161,5000079000139,-1,51,0.0,0.0,0.0,21524,54.9003,50.634888,41.676125,244274,6,5,4,43.06032,194.9883,-28.795391,48.164383,95.68752,0.08956507,-0.031259827,0.0738377,12929679,5,474,0.011676985,608
5000079000163,27000500001841,5000079000173,5000079000000,27,3.060419,5000079000164,-1,5000079000162,5000079000163,-1,42,3.6147583,3.6147583,3.7008238,21524,54.911972,50.536053,41.69406,244274,6,5,4,18.63211,201.2693,-21.162258,49.709126,91.770134,-0.02885101,0.024042215,0.04512226,12927929,5,1841,0.010008576,849
5000079000164,26000500000403,5000079000173,5000079000000,26,3.3080978,5000079000165,-1,5000079000163,5000079000110,-1,39,0.0,0.0,0.0,21524,54.90049,50.429417,41.706947,244274,6,5,4,-6.417746,192.43648,-11.044538,58.989788,104.907814,-0.073374696,0.033621944,0.050253537,12929604,5,403,0.007355437,945
5000079000165,25000500001720,5000079000173,5000079000000,25,3.575905,5000079000166,-1,5000079000164,5000079000165,-1,38,3.5286925,3.5286925,3.6147583,21524,54.8981,50.315376,41.689926,244274,6,5,4,-25.029398,189.4754,-1.4308362,52.869717,95.07796,-0.052382413,6.936353E-4,-0.0058120647,12929604,5,1720,0.008421469,424
5000079000166,24000500001830,5000079000173,5000079000000,24,3.8656828,5000079000167,-1,5000079000165,5000079000166,-1,33,2.840167,2.840167,2.840167,21524,54.91639,50.215973,41.686657,244274,6,5,4,-33.675545,177.30307,1.8110317,47.408695,88.50902,0.029679611,0.059003737,-0.00924208,12929604,5,1830,0.008250783,823
5000079000167,23000500001087,5000079000173,5000079000000,23,4.1794686,5000079000168,-1,5000079000166,5000079000167,-1,46,3.2704954,3.2704954,3.442627,21524,54.93065,50.105446,41.68773,244274,6,5,4,-39.333855,168.6369,16.576637,51.794785,94.13527,-0.050756656,-0.036296155,0.03296289,12929672,5,1087,0.012432701,195
5000079000168,22000500000946,5000079000173,5000079000000,22,4.5195556,5000079000169,-1,5000079000167,5000079000168,-1,43,3.442627,3.442627,3.442627,21524,54.954414,50.032272,41.67526,244274,6,5,4,-39.933777,156.379,20.86911,61.361256,105.58815,-0.04578218,-0.054362483,0.0016253354,12929604,5,946,0.00982778,788
5000079000169,21000500000811,5000079000173,5000079000000,21,4.888449,5000079000170,-1,5000079000168,5000079000169,-1,41,3.3565612,3.3565612,3.442627,21524,54.973698,49.963833,41.670414,244274,6,5,4,-40.198387,152.54439,24.644917,62.917107,111.01681,-0.069876075,0.018103356,-0.01114596,12927929,5,811,0.007663376,340
5000079000170,20000500000792,5000079000173,5000079000000,20,5.2888336,5000079000171,-1,5000079000169,5000079000170,-1,35,3.0122986,3.0122986,3.0122986,21524,54.975647,49.872116,41.65211,244274,6,5,4,-44.42229,146.0726,19.625233,55.969246,101.112015,-0.05971437,0.088835835,0.059816934,12927929,5,792,0.00792988,853
5000079000171,19000500000732,5000079000173,5000079000000,19,5.7238646,5000079000172,-1,5000079000170,5000079000171,-1,30,1.9795104,1.9795104,2.065576,21524,54.99879,49.798565,41.632385,244272,6,5,4,-41.309475,128.0128,17.492788,58.229992,95.841606,-0.016830849,0.11851897,0.047868654,12929604,5,732,0.0070924726,87
5000079000172,18000500000866,5000079000173,5000079000000,18,6.1968336,5000079000173,-1,5000079000171,5000079000172,-1,21,1.7213135,1.7213135,1.8073791,21524,55.021164,49.727596,41.619984,244272,6,5,4,-35.8746,124.78912,30.868895,55.94795,92.88234,0.02495897,0.065962724,0.008268349,12929604,5,866,0.0052086883,794
5000079000173,17000500000602,5000079000173,5000079000000,17,6.7115865,-1,-1,5000079000172,5000079000173,-1,21,1.2909851,1.2909851,1.2909851,21524,55.041576,49.675488,41.622444,244272,6,5,4,-34.706547,126.89365,27.101088,48.73325,82.57367,0.003870261,0.040010665,0.0509229,12929679,5,602,0.007434857,34
5000079000174,36000500000188,5000079000177,5000079000000,36,1.5036365,5000079000175,-1,5000079000026,5000079000027,-1,22,0.0,0.0,0.0,21547,55.435886,51.57995,41.707813,244384,6,5,4,265.39886,202.8672,244.93916,50.2307,87.44657,0.023583477,0.0413681,0.042748306,12929673,5,188,0.007200211,46
5000079000175,34000500000166,5000079000177,5000079000000,34,1.766336,5000079000176,-1,5000079000174,5000079000029,-1,25,0.0,0.0,0.0,21547,55.20777,51.253654,41.55,244384,6,5,4,130.18427,280.72134,67.17579,43.42587,83.49561,-0.10519692,0.0683554,-0.061621923,12927883,5,166,0.008924535,943
5000079000176,33000500000157,5000079000177,5000079000000,33,1.9126327,5000079000177,-1,5000079000175,5000079000030,-1,20,0.0,0.0,0.0,21547,55.141964,51.093857,41.518513,244384,6,5,4,106.02955,234.52505,7.378663,44.49276,88.67396,-0.09721457,0.0875871,-0.046688356,12927883,5,157,0.007091722,297
5000079000177,32000500000512,5000079000177,5000079000000,32,2.0700274,-1,-1,5000079000176,5000079000135,-1,26,0.0,0.0,0.0,21547,55.08859,50.988823,41.5374,244384,6,5,4,99.436615,159.1726,-57.59491,52.433,95.342636,-0.06623159,0.07584596,0.061904952,12929604,5,512,0.0077631115,70
5000079000178,37000500000200,5000079000179,5000079000000,37,1.3857181,5000079000179,5000079000180,5000079000025,5000079000026,-1,27,0.0,0.0,0.0,21547,55.499805,51.440414,41.82162,244384,6,5,4,-14.86954,24.19205,-65.463745,56.092144,98.86115,0.02879177,-0.07140271,-0.046831217,12929659,5,200,0.006993236,117
5000079000179,36000500000187,5000079000179,5000079000000,36,1.5036365,-1,-1,5000079000178,5000079000027,5000079000174,25,0.0,0.0,0.0,21547,55.473717,51.493492,41.766872,244384,6,5,4,170.74635,-27.513056,218.3987,63.985405,100.80293,-0.030169284,-0.09866361,0.017029064,13056510,5,187,0.005161176,396
5000079000180,37000500000199,5000079000189,5000079000000,37,1.3857181,5000079000181,-1,5000079000025,5000079000026,5000079000178,27,0.0,0.0,0.0,21547,55.30944,51.383553,41.945194,244384,6,5,4,320.54114,304.22067,-258.49893,31.973642,62.722878,0.022925364,0.01063254,0.15586343,13043621,5,199,0.014485853,546
5000079000181,36000500003033,5000079000189,5000079000000,36,1.5036365,5000079000182,-1,5000079000180,5000079000181,-1,38,3.9590209,3.0122986,3.9590209,21547,55.18538,51.22367,42.063107,244388,6,5,4,261.64975,258.88547,-219.40456,36.83988,63.78638,-0.038015235,-0.03348913,0.18750875,13041815,5,3033,0.019061,338
5000079000182,35000500002528,5000079000189,5000079000000,35,1.6302707,5000079000183,-1,5000079000181,5000079000182,-1,48,3.2704954,2.9262328,3.2704954,21547,55.01046,51.082745,42.16847,244388,6,5,4,231.36864,237.71956,-194.0431,40.75947,73.53818,0.028862685,-0.06296577,0.32127637,13042479,5,2528,0.017111346,686
5000079000183,34000500002370,5000079000189,5000079000000,34,1.766336,5000079000184,-1,5000079000182,5000079000183,-1,48,3.098364,3.098364,3.18443,21547,54.895855,50.941525,42.27846,244388,6,5,4,213.26698,221.56604,-182.67072,44.765804,81.828896,-5.9442484E-4,-0.0031132167,0.24832128,13041815,5,2370,0.019191548,640
5000079000184,33000500002327,5000079000189,5000079000000,33,1.9126327,5000079000185,-1,5000079000183,5000079000184,-1,47,3.7868896,3.5286925,3.7868896,21547,54.754383,50.830063,42.360332,244388,6,5,4,196.2959,211.13777,-171.91661,45.996937,75.64303,-0.022106418,0.019160809,0.23873606,13043625,5,2327,0.017163651,510
5000079000185,32000500002536,5000079000189,5000079000000,32,2.0700274,5000079000186,-1,5000079000184,5000079000185,-1,42,3.098364,2.840167,3.098364,21739,54.629158,50.73897,42.45731,243839,6,5,4,183.3285,204.79742,-160.10881,48.112495,75.91009,-0.053530682,0.019690739,0.18564074,13043626,5,2536,0.017815515,191
5000079000186,31000500002532,5000079000189,5000079000000,31,2.2394855,5000079000187,-1,5000079000185,5000079000186,-1,42,2.6680357,2.6680357,2.6680357,21739,54.532047,50.621555,42.564056,243839,6,5,4,174.7155,195.76128,-152.53397,46.4131,81.23663,-0.09208694,-0.0019547779,0.21511036,13042480,5,2532,0.0133533655,127
5000079000187,30000500002587,5000079000189,5000079000000,30,2.422044,5000079000188,-1,5000079000186,5000079000187,-1,39,1.9795104,1.9795104,2.065576,21739,54.427692,50.52736,42.651394,243839,6,5,4,167.60654,185.88344,-146.10031,42.009426,73.44435,-0.08634804,0.011839227,0.2235207,13043621,5,2587,0.014807321,402
5000079000188,29000500003026,5000079000189,5000079000000,29,2.6188614,5000079000189,-1,5000079000187,5000079000188,-1,31,1.3770508,1.3770508,1.4631164,21739,54.362007,50.36757,42.72288,243839,6,5,4,168.31215,170.86609,-142.12286,34.46286,63.44974,-0.0017912583,0.044975065,0.122459985,13043626,5,3026,0.016562087,585
5000079000189,28000500003714,5000079000189,5000079000000,28,2.8311827,-1,-1,5000079000188,5000079000189,-1,23,0.86065674,0.86065674,0.86065674,21739,54.280186,50.26422,42.79018,243839,6,5,4,154.00366,181.61699,-138.2695,33.49537,67.73695,-0.03590561,-0.012716395,0.07901915,13043625,5,3714,0.016068872,869
5000079000190,38000500000190,5000079000206,5000079000000,38,1.2758462,5000079000191,-1,5000079000024,5000079000025,-1,36,0.0,0.0,0.0,21547,55.40883,51.48954,41.99735,244388,6,5,4,265.8523,211.76933,-356.21844,37.66273,73.3951,0.06338212,0.21286158,-0.056644622,13042956,5,190,0.015454719,776
5000079000191,37000500001990,5000079000206,5000079000000,37,1.3857181,5000079000192,-1,5000079000190,5000079000191,-1,52,4.217218,3.8729553,4.217218,21547,55.281116,51.380543,42.188576,244388,6,5,4,245.4358,183.31244,-280.56848,41.40552,79.611946,0.17405999,0.11601974,0.0022932158,13042975,5,1990,0.015768021,206
5000079000192,36000500002731,5000079000206,5000079000000,36,1.5036365,5000079000193,-1,5000079000191,5000079000192,-1,43,3.8729553,3.7008238,3.9590209,21547,55.138397,51.28881,42.32806,244388,6,5,4,230.32022,168.57018,-240.54619,48.725708,84.275635,0.049472194,0.18921643,-0.011281377,13042949,5,2731,0.012325165,49
5000079000193,35000500002527,5000079000206,5000079000000,35,1.6302707,5000079000194,-1,5000079000192,5000079000193,-1,48,3.7868896,3.7868896,3.7868896,21547,55.02715,51.197884,42.478344,244388,6,5,4,211.0848,160.35402,-213.77484,42.902027,81.752716,0.14458387,0.114086665,-0.09443472,13042491,5,2527,0.016364919,806
5000079000194,34000500002498,5000079000206,5000079000000,34,1.766336,5000079000195,-1,5000079000193,5000079000194,-1,47,3.7008238,3.7008238,3.7008238,21547,54.900856,51.09971,42.572006,244388,6,5,4,203.02905,155.22101,-196.00606,39.56564,79.21054,0.10009886,0.20836154,-0.04051026,13042949,5,2498,0.018148217,904
5000079000195,33000500002534,5000079000206,5000079000000,33,1.9126327,5000079000196,-1,5000079000194,5000079000195,-1,45,2.840167,2.6680357,2.9262328,21547,54.80834,51.017605,42.710506,244388,6,5,4,191.50653,148.82265,-181.94656,35.942947,70.761345,0.07598066,0.16742913,-0.12467537,13042949,5,2534,0.01875697,325
5000079000196,32000500002585,5000079000206,5000079000000,32,2.0700274,5000079000197,-1,5000079000195,5000079000196,-1,43,2.9262328,2.9262328,2.9262328,21547,54.695385,50.929367,42.777477,244388,6,5,4,172.24881,141.93808,-172.80225,43.081764,80.6861,0.15623558,0.20534347,-0.14138313,13042485,5,2585,0.012508211,250
5000079000197,31000500002473,5000079000206,5000079000000,31,2.2394855,5000079000198,-1,5000079000196,5000079000197,-1,43,3.18443,3.18443,3.2704954,21728,54.577946,50.83785,42.88399,243949,6,5,4,167.32137,139.34076,-164.58855,46.144394,82.60163,0.122561365,0.17414354,-0.13252103,13042491,5,2473,0.013344083,809
5000079000198,30000500002588,5000079000206,5000079000000,30,2.422044,5000079000199,-1,5000079000197,5000079000198,-1,39,3.098364,3.0122986,3.2704954,21739,54.507645,50.75954,42.958843,243839,6,5,4,161.6282,140.66275,-155.6158,44.439713,80.91689,0.008323191,0.15918638,-0.03995991,13042495,5,2588,0.013325318,544
5000079000199,29000500002576,5000079000206,5000079000000,29,2.6188614,5000079000200,-1,5000079000198,5000079000199,-1,37,2.840167,2.6680357,2.840167,21716,54.3903,50.694897,43.073463,244059,6,5,4,156.69395,138.97131,-150.37305,43.408062,80.87204,0.08554993,0.18183346,-0.04617775,13042495,5,2576,0.012374141,395
5000079000200,28000500002316,5000079000206,5000079000000,28,2.8311827,5000079000201,-1,5000079000199,5000079000200,-1,39,1.9795104,1.6352477,1.9795104,21716,54.315636,50.617695,43.126198,244059,6,5,4,148.07022,133.2777,-144.2635,43.8093,70.87208,0.09819693,0.16282187,-0.036584288,13042499,5,2316,0.017151847,35
5000079000201,27000500002306,5000079000206,5000079000000,27,3.060419,5000079000202,-1,5000079000200,5000079000201,-1,36,1.8073791,1.7213135,1.8073791,21716,54.216057,50.543644,43.23581,244059,6,5,4,147.35428,130.56303,-141.44763,36.987766,72.80008,0.124070995,0.1305561,-0.054248728,13042494,5,2306,0.013269658,833
5000079000202,26000500002836,5000079000206,5000079000000,26,3.3080978,5000079000203,-1,5000079000201,5000079000202,-1,27,1.549182,1.4631164,1.549182,21716,54.125507,50.480873,43.36976,244059,6,5,4,148.54506,124.85649,-134.60417,38.06725,70.03963,0.20051311,0.037416276,-0.014443259,13042949,5,2836,0.0112959,812
5000079000203,25000500003027,5000079000206,5000079000000,25,3.575905,5000079000204,-1,5000079000202,5000079000203,-1,21,1.549182,1.549182,1.549182,21716,54.035717,50.405575,43.431595,244059,6,5,4,144.09973,111.66196,-141.9627,39.313477,72.95654,0.019760605,0.075481735,-0.017015353,13042949,5,3027,0.008783288,422
5000079000204,24000500002016,5000079000206,5000079000000,24,3.8656828,5000079000205,-1,5000079000203,5000079000204,-1,31,1.9795104,1.9795104,2.065576,21716,53.959465,50.341393,43.51857,244059,6,5,4,134.82092,117.33231,-126.565926,44.55902,80.70213,0.081647985,0.010408831,0.0076560653,13042949,5,2016,0.010214182,134
5000079000205,23000500002528,5000079000206,5000079000000,23,4.1794686,5000079000206,-1,5000079000204,5000079000205,-1,22,1.8934448,1.8934448,1.8934448,21716,53.887024,50.30981,43.59835,244059,6,5,4,131.21712,110.48068,-129.63275,51.066547,87.97899,0.034028098,0.07116105,-0.033553794,13042473,5,2528,0.0061378954,0
5000079000206,22000500002229,5000079000206,5000079000000,22,4.5195556,-1,-1,5000079000205,5000079000206,-1,21,0.6885254,0.6885254,0.6885254,21716,53.775826,50.257786,43.69664,244059,6,5,4,125.5204,106.151344,-114.34829,41.00695,63.758823,0.04047056,0.097285055,-0.095123015,13042473,5,2229,0.012331371,203
5000079000207,41000500000235,5000079000209,5000079000000,41,0.98870814,5000079000208,-1,5000079000021,5000079000022,-1,20,0.0,0.0,0.0,21547,55.488155,51.70101,41.640736,244384,6,5,4,-43.210762,337.24854,-247.0828,34.193512,63.34046,-0.03961703,-0.06547016,-0.08064142,12929676,5,235,0.011334844,725
5000079000208,40000500000277,5000079000209,5000079000000,40,1.0778745,5000079000209,-1,5000079000207,5000079000023,-1,23,0.0,0.0,0.0,21547,55.516495,51.56263,41.742466,244384,6,5,4,-110.44146,176.74744,-199.92252,43.823032,75.7854,-0.01243927,-0.074401975,-0.13103934,12929676,5,277,0.008066395,166
5000079000209,39000500000219,5000079000209,5000079000000,39,1.173417,-1,-1,5000079000208,5000079000024,-1,25,0.0,0.0,0.0,21547,55.565937,51.521183,41.836792,244384,6,5,4,-106.05094,18.44609,-131.4611,34.648315,65.58514,0.021486271,-0.035954833,-0.1631226,12929676,5,219,0.012741428,419
5000079000210,43000500000292,5000079000228,5000079000000,43,0.8276991,5000079000211,-1,5000079000019,5000079000020,-1,22,0.0,0.0,0.0,21547,55.60029,51.86513,41.55874,244386,6,5,4,48.137703,335.10187,-321.57526,42.82448,72.95135,-0.03339901,-0.007888233,0.02964292,13056280,5,292,0.008428033,750
5000079000211,42000500000270,5000079000228,5000079000000,42,0.9054624,5000079000212,-1,5000079000210,5000079000021,5000079000231,31,0.0,0.0,0.0,21547,55.585636,51.73583,41.71393,244384,6,5,4,53.51149,204.13733,-284.69196,32.963356,66.80412,0.022131057,0.067714415,0.0220135,13056280,5,270,0.01598193,101
5000079000212,41000500000234,5000079000228,5000079000000,41,0.98870814,5000079000213,-1,5000079000211,5000079000022,5000079000207,28,0.0,0.0,0.0,21547,55.55026,51.66195,41.853573,244384,6,5,4,55.835033,118.62984,-196.49734,34.387257,65.0305,0.020438699,0.02015999,0.01914644,13056291,5,234,0.014418481,693
5000079000213,40000500000276,5000079000228,5000079000000,40,1.0778745,5000079000214,-1,5000079000212,5000079000023,5000079000208,27,0.0,0.0,0.0,21547,55.521893,51.602097,41.931316,244384,6,5,4,46.70902,55.114002,-99.855286,34.976692,69.44367,-0.015318564,0.06427469,-0.02493115,13057212,5,276,0.011621033,509
5000079000214,38000500000189,5000079000228,5000079000000,38,1.2758462,5000079000215,-1,5000079000213,5000079000025,5000079000190,46,0.0,0.0,0.0,21547,55.475723,51.5972,41.870472,244384,6,5,4,5.947062,-11.074235,219.82957,63.04134,99.148834,-0.07678879,0.038782924,0.10718331,13057212,5,189,0.010127482,670
5000079000215,36000500000186,5000079000228,5000079000000,36,1.5036365,5000079000216,-1,5000079000214,5000079000027,5000079000179,69,0.0,0.0,0.0,21547,55.433678,51.46112,41.46978,244384,6,5,4,82.44158,239.96642,252.46368,50.334488,99.257225,-0.008160105,-0.111859076,0.17338228,13056280,5,186,0.016587626,873
5000079000216,35000500000178,5000079000228,5000079000000,35,1.6302707,5000079000217,-1,5000079000215,5000079000028,-1,73,0.0,0.0,0.0,21547,55.38546,51.32164,41.360466,244384,6,5,4,102.90404,226.74396,171.8049,48.803,93.67233,-0.04452122,-0.03586132,0.2381153,13056280,5,178,0.017287208,369
5000079000217,34000500001338,5000079000228,5000079000000,34,1.766336,5000079000218,-1,5000079000216,5000079000217,-1,81,7.3155823,6.971319,7.573779,21547,55.34533,51.202362,41.259724,244384,6,5,4,119.85804,216.5333,130.13803,49.575676,99.52128,-0.07169594,0.053886272,0.2852993,13056923,5,1338,0.01643622,200
5000079000218,33000500001441,5000079000228,5000079000000,33,1.9126327,5000079000219,-1,5000079000217,5000079000218,-1,82,7.659845,7.1434507,7.659845,21547,55.26944,51.066864,41.214153,244384,6,5,4,132.95088,201.13277,95.69601,56.44092,105.061516,-0.051115546,-0.06265459,0.22682619,13057154,5,1441,0.014987328,451
5000079000219,32000500001492,5000079000228,5000079000000,32,2.0700274,5000079000220,-1,5000079000218,5000079000219,-1,80,7.7459106,7.4877133,7.831976,21547,55.187702,50.970856,41.17004,244384,6,5,4,148.89815,193.4892,63.08061,58.036934,103.832726,-0.07496908,-0.019870471,0.26045343,13057217,5,1492,0.015114608,675
5000079000220,31000500001155,5000079000228,5000079000000,31,2.2394855,5000079000221,-1,5000079000219,5000079000220,-1,89,7.7459106,7.4877133,7.9180417,21547,55.103268,50.837574,41.13238,244384,6,5,4,167.07657,189.62898,34.638165,55.713543,100.02459,-0.081883386,-0.12852456,0.29779133,13056923,5,1155,0.018909726,620
5000079000221,30000500001174,5000079000228,5000079000000,30,2.422044,5000079000222,-1,5000079000220,5000079000221,-1,85,6.196728,6.1106625,6.282794,21524,54.971184,50.746983,41.141537,244274,6,5,4,180.50034,187.1083,0.054930247,56.01887,94.48522,-0.061668143,-0.2181885,0.23362264,13056923,5,1174,0.020145457,113
5000079000222,29000500001057,5000079000228,5000079000000,29,2.6188614,5000079000223,-1,5000079000221,5000079000222,-1,90,5.8524656,5.680334,6.799188,21524,54.89027,50.649048,41.160492,244274,6,5,4,190.0928,179.22917,-22.082016,54.74159,97.25759,-0.124512136,-0.011802936,0.41458037,13057142,5,1057,0.018773902,599
5000079000223,28000500001293,5000079000228,5000079000000,28,2.8311827,5000079000224,-1,5000079000222,5000079000223,-1,71,4.3893495,3.18443,5.0778747,21524,54.794075,50.524918,41.13422,244274,6,5,4,198.9221,175.5775,-49.551025,52.04084,88.89571,0.02999716,-0.5150736,0.12445662,13057216,5,1293,0.020483227,409
5000079000224,27000500001214,5000079000228,5000079000000,27,3.060419,5000079000225,-1,5000079000223,5000079000224,-1,66,2.840167,2.840167,2.840167,21524,54.720245,50.472103,41.218323,244274,6,5,4,189.58318,164.98775,-62.975636,50.73315,82.60886,-0.06276466,-0.38203138,0.23696703,13056250,5,1214,0.021683855,370
5000079000225,26000500001116,5000079000228,5000079000000,26,3.3080978,5000079000226,-1,5000079000224,5000079000225,-1,69,2.6680357,2.5819702,3.2704954,21739,54.64682,50.365505,41.257847,243835,6,5,4,186.45593,156.02005,-76.1676,50.955795,82.63049,-0.036788,-0.4533398,0.14951614,13056281,5,1116,0.019075824,716
5000079000226,25000500002119,5000079000228,5000079000000,25,3.575905,5000079000227,-1,5000079000225,5000079000226,-1,33,2.5819702,2.5819702,2.6680357,21739,54.54734,50.29202,41.2981,243835,6,5,4,147.07657,158.39215,-69.68635,55.98753,90.501465,-0.055862326,-0.026505126,-0.10243601,13057151,5,2119,0.008047872,341
5000079000227,24000500002086,5000079000228,5000079000000,24,3.8656828,5000079000228,-1,5000079000226,5000079000227,-1,30,1.7213135,1.7213135,1.8073791,21739,54.441715,50.17796,41.348194,243835,6,5,4,142.96579,151.78798,-69.896545,50.480484,88.23249,-0.03747029,-0.050625045,-0.042266805,13056291,5,2086,0.008202994,199
5000079000228,23000500002331,5000079000228,5000079000000,23,4.1794686,-1,-1,5000079000227,5000079000228,-1,24,1.2049193,1.2049193,1.2049193,21739,54.343086,50.077354,41.39174,243835,6,5,4,137.04901,159.55067,-75.155785,39.03705,74.618126,0.08013038,-0.10257915,-0.041983668,13057163,5,2331,0.01084059,745
5000079000229,45000500002061,5000079000232,5000079000000,45,0.6871088,5000079000230,-1,5000079000017,5000079000229,-1,29,1.7213135,1.3770508,1.7213135,21547,55.537086,52.584538,41.103634,244386,6,5,4,-39.438576,181.75316,-32.716187,25.424181,41.739456,0.4222876,-0.20139751,-0.22749978,13042956,5,2061,0.032926783,467
5000079000230,43000500000291,5000079000232,5000079000000,43,0.8276991,5000079000231,-1,5000079000229,5000079000020,5000079000210,26,0.0,0.0,0.0,21547,55.562607,52.372627,41.173393,244386,6,5,4,-55.145535,251.92824,-100.413734,26.872852,48.582317,0.3140681,-0.24271195,-0.25622857,13042494,5,291,0.025886195,776
5000079000231,42000500000271,5000079000232,5000079000000,42,0.9054624,5000079000232,-1,5000079000230,5000079000021,-1,23,0.0,0.0,0.0,21547,55.588867,52.214474,41.237793,244386,6,5,4,-64.298645,304.92874,-153.8687,33.45766,52.150963,0.17282587,-0.14237341,-0.026431067,13042956,5,271,0.020117337,951
5000079000232,41000500000233,5000079000232,5000079000000,41,0.98870814,-1,-1,5000079000231,5000079000022,5000079000212,28,0.0,0.0,0.0,21547,55.617294,52.04768,41.32981,244386,6,5,4,-56.272285,352.75497,-233.63676,35.452755,59.042282,0.19519119,-0.14937201,-0.061062835,13041765,5,233,0.016860342,454
5000079000233,46000500000300,5000079000259,5000079000000,46,0.6235901,5000079000234,-1,5000079000016,5000079000017,-1,21,0.0,0.0,0.0,21547,55.69123,52.353367,41.6818,244387,6,5,4,-77.58241,65.3402,-220.70909,27.664677,51.25555,0.10902468,-0.13587508,-0.097539656,13041866,5,300,0.017688261,280
5000079000234,45000500000302,5000079000259,5000079000000,45,0.6871088,5000079000235,-1,5000079000233,5000079000018,-1,30,0.0,0.0,0.0,21547,55.73871,52.32773,41.773792,244387,6,5,4,-69.75391,86.05999,-136.28525,27.730276,65.96301,-6.0087926E-4,0.053844567,-0.13192907,13041866,5,302,0.024550099,579
5000079000235,44000500000277,5000079000259,5000079000000,44,0.75503564,5000079000236,-1,5000079000234,5000079000019,-1,22,0.0,0.0,0.0,21547,55.762924,52.26827,41.8267,244387,6,5,4,-57.189056,115.78132,-70.05949,25.283037,55.442455,-0.047301162,0.08549886,-0.031262357,13042696,5,277,0.01578677,393
5000079000236,43000500000290,5000079000259,5000079000000,43,0.8276991,5000079000237,-1,5000079000235,5000079000020,5000079000230,34,0.0,0.0,0.0,21547,55.787117,52.19846,41.85342,244387,6,5,4,-32.91414,152.09677,-7.569684,31.276098,54.727047,0.04459209,0.1577925,-0.16652887,13042696,5,290,0.024011657,824
5000079000237,42000500000269,5000079000259,5000079000000,42,0.9054624,5000079000238,-1,5000079000236,5000079000021,5000079000211,38,0.0,0.0,0.0,21547,55.77694,52.124367,41.82653,244387,6,5,4,3.7988877,186.62474,65.709885,41.924484,69.322426,0.10432523,0.027136425,0.1300758,13041866,5,269,0.015882928,785
5000079000238,41000500000232,5000079000259,5000079000000,41,0.98870814,5000079000239,-1,5000079000237,5000079000022,5000079000232,39,0.0,0.0,0.0,21547,55.756958,52.021862,41.78193,244387,6,5,4,48.94126,225.58801,124.59521,45.28662,66.61358,-0.011048921,0.12185134,0.0054551624,13042719,5,232,0.017438764,263
5000079000239,40000500000275,5000079000259,5000079000000,40,1.0778745,5000079000240,-1,5000079000238,5000079000023,5000079000213,29,0.0,0.0,0.0,21547,55.70713,51.87751,41.66,244387,6,5,4,156.55247,309.5539,224.61328,43.84794,67.272675,0.06311566,0.08886061,0.066000074,13041854,5,275,0.0146587845,274
5000079000240,39000500000218,5000079000259,5000079000000,39,1.173417,5000079000241,-1,5000079000239,5000079000024,5000079000209,30,0.0,0.0,0.0,21547,55.548317,51.68494,41.544403,244384,6,5,4,436.75977,348.3722,125.83381,56.90378,86.820404,0.1322469,-0.053532038,0.039658725,13041854,5,218,0.008597472,252
5000079000241,38000500000188,5000079000259,5000079000000,38,1.2758462,5000079000242,-1,5000079000240,5000079000025,5000079000214,75,0.0,0.0,0.0,21547,55.304947,51.539696,41.538654,244384,6,5,4,402.51526,294.64246,-55.734905,63.34833,100.8391,0.37782642,-0.0078006056,0.10162062,13041867,5,188,0.016262034,290
5000079000242,37000500000198,5000079000259,5000079000000,37,1.3857181,5000079000243,-1,5000079000241,5000079000026,5000079000180,119,0.0,0.0,0.0,21547,55.09158,51.375053,41.59798,244384,6,5,4,326.8861,259.07034,-124.35211,56.44532,99.14906,0.46167612,-0.34171027,0.20222202,13041867,5,198,0.024419494,626
5000079000243,36000500001064,5000079000259,5000079000000,36,1.5036365,5000079000244,-1,5000079000242,5000079000243,-1,154,13.340179,13.168048,13.340179,21547,54.924046,51.225452,41.665787,244384,6,5,4,286.84885,237.62062,-136.23601,60.69379,107.63963,0.43448374,-0.35248235,0.19886334,13041866,5,1064,0.029620731,317
5000079000244,35000500001127,5000079000259,5000079000000,35,1.6302707,5000079000245,-1,5000079000243,5000079000244,-1,149,12.995916,11.790997,13.168048,21547,54.77528,51.093994,41.76354,244384,6,5,4,255.97821,221.06508,-141.39383,65.683846,112.9197,0.53218234,-0.38218415,0.18956096,13042458,5,1127,0.02499992,824
5000079000245,34000500001083,5000079000259,5000079000000,34,1.766336,5000079000246,-1,5000079000244,5000079000245,-1,143,12.049194,11.5328,12.049194,21728,54.61052,50.972294,41.843494,243945,6,5,4,241.76324,206.09697,-142.34239,68.223526,114.1965,0.57571054,-0.4248433,0.31096363,13041867,5,1083,0.023531094,272
5000079000246,33000500001113,5000079000259,5000079000000,33,1.9126327,5000079000247,-1,5000079000245,5000079000246,-1,138,10.241815,9.983618,10.413946,21728,54.4783,50.853134,41.935425,243945,6,5,4,221.88,196.65617,-139.05109,65.521065,111.03694,0.68573314,-0.4266051,0.29721966,13042144,5,1113,0.022734083,323
5000079000247,32000500001196,5000079000259,5000079000000,32,2.0700274,5000079000248,-1,5000079000246,5000079000247,-1,114,8.9508295,7.4016476,9.209027,21739,54.353985,50.751453,42.03615,243839,6,5,4,206.8266,185.31207,-144.33006,59.10524,99.584366,0.5991776,-0.23721829,0.17780879,13042144,5,1196,0.024689706,733
5000079000248,31000500001167,5000079000259,5000079000000,31,2.2394855,5000079000249,-1,5000079000247,5000079000248,-1,108,5.1639404,4.905743,5.2500057,21739,54.2168,50.65392,42.167156,243839,6,5,4,198.39781,179.61441,-140.16142,57.837605,88.57734,0.6784881,-0.2011544,0.21783954,13042697,5,1167,0.026717687,341
5000079000249,30000500002029,5000079000253,5000079000000,30,2.422044,5000079000250,5000079000254,5000079000248,5000079000249,-1,50,4.131152,4.0450864,4.217218,21739,54.12903,50.565228,42.252846,243839,6,5,4,187.09576,144.24765,-151.6152,52.920883,90.76139,0.18863302,0.17610219,0.029129995,13042144,5,2029,0.0138129415,392
5000079000250,29000500001743,5000079000253,5000079000000,29,2.6188614,5000079000251,-1,5000079000249,5000079000250,-1,55,3.7008238,3.7008238,3.7868896,21739,53.9878,50.510197,42.349216,243839,6,5,4,185.95486,137.43683,-144.81,51.29999,88.91579,0.09130982,0.031236632,-0.017194614,13042694,5,1743,0.014602294,17
5000079000251,28000500001780,5000079000253,5000079000000,28,2.8311827,5000079000252,-1,5000079000250,5000079000251,-1,52,3.0122986,2.840167,3.0122986,21739,53.9211,50.410057,42.407726,243839,6,5,4,174.8084,127.16185,-135.11842,48.0742,80.28796,-0.0012110102,-0.02445022,-0.0125236185,13042691,5,1780,0.01757181,539
5000079000252,27000500001712,5000079000253,5000079000000,27,3.060419,5000079000253,-1,5000079000251,5000079000252,-1,49,2.065576,2.065576,2.1516418,21739,53.84248,50.338535,42.50797,243839,6,5,4,168.91376,126.74182,-129.40416,47.4926,82.30806,0.031374864,-0.012701884,-0.06369952,13041837,5,1712,0.017694984,800
5000079000253,26000500001730,5000079000253,5000079000000,26,3.3080978,-1,-1,5000079000252,5000079000253,-1,45,1.6352477,1.6352477,1.6352477,21739,53.789646,50.24554,42.555466,243839,6,5,4,156.84235,120.132256,-123.00372,44.181606,70.110374,-0.027185544,0.034791935,-0.055998463,13042481,5,1730,0.0208802,195
5000079000254,30000500002000,5000079000259,5000079000000,30,2.422044,5000079000255,-1,5000079000248,5000079000254,-1,53,2.840167,2.840167,3.18443,21739,54.13132,50.47558,42.083035,243839,6,5,4,191.42525,213.90463,-94.45936,48.057842,79.55368,-0.1345343,-0.029252209,-0.2865924,13041871,5,2000,0.017598158,128
5000079000255,29000500002416,5000079000259,5000079000000,29,2.6188614,5000079000256,-1,5000079000254,5000079000255,-1,40,1.2049193,1.1188537,1.7213135,21739,54.0395,50.35148,42.087532,243839,6,5,4,191.67987,218.44217,-105.57736,43.555634,70.97764,0.04795597,0.025187116,-0.17344075,13041867,5,2416,0.019822512,53
5000079000256,28000500003122,5000079000259,5000079000000,28,2.8311827,5000079000257,-1,5000079000255,5000079000256,-1,26,0.774591,0.60245967,0.774591,21739,53.906685,50.154285,42.206,243839,6,5,4,175.28397,228.99617,-104.27626,32.872143,55.29312,0.0033504732,0.06382433,-0.012435553,13041901,5,3122,0.018923825,277
5000079000257,27000500003643,5000079000259,5000079000000,27,3.060419,5000079000258,-1,5000079000256,5000079000257,-1,22,1.3770508,1.3770508,1.3770508,21739,53.810963,50.03382,42.26119,243839,6,5,4,171.75644,218.41983,-107.047226,36.403557,62.211468,-0.0027445555,0.014742453,0.021630347,13041865,5,3643,0.012306508,596
5000079000258,26000500003652,5000079000259,5000079000000,26,3.3080978,5000079000259,-1,5000079000257,5000079000258,-1,20,1.7213135,1.7213135,1.7213135,21739,53.742767,49.93233,42.306698,243839,6,5,4,158.59479,200.30586,-100.794136,44.702602,80.29331,0.03103893,0.023589905,0.030305427,13041975,5,3652,0.0068456614,825
5000079000259,25000500003263,5000079000259,5000079000000,25,3.575905,-1,-1,5000079000258,5000079000259,-1,21,1.7213135,1.7213135,1.7213135,21739,53.659935,49.853725,42.364834,243838,6,5,4,153.72708,192.72354,-101.82604,44.073936,75.34528,0.025789026,0.01133423,-0.009550148,13041901,5,3263,0.008870492,829
5000079000260,50000500002365,5000079000262,5000079000000,50,0.40789944,5000079000261,-1,5000079000012,5000079000260,-1,23,2.1516418,1.549182,2.065576,21544,55.557278,52.88327,41.134716,244400,6,5,4,90.13743,52.405113,50.308475,24.375618,43.65824,-0.21338889,0.08530282,0.31519833,13042494,5,2365,0.030916965,833
5000079000261,49000500000370,5000079000262,5000079000000,49,0.45657724,5000079000262,-1,5000079000260,5000079000014,-1,22,0.0,0.0,0.0,21544,55.542477,52.840237,41.125034,244400,6,5,4,63.85111,86.65009,36.534924,26.669895,43.18209,0.020312509,0.031023573,0.14758371,13042974,5,370,0.023820112,248
5000079000262,48000500000346,5000079000262,5000079000000,48,0.5085914,-1,-1,5000079000261,5000079000015,-1,21,0.0,0.0,0.0,21544,55.5137,52.804344,41.110207,244400,6,5,4,37.84065,122.617386,24.872452,25.41994,51.454464,0.14555298,0.028598864,0.031098943,13042974,5,346,0.023915363,763
5000079000263,54000500003280,5000079000263,5000079000000,54,0.24246909,-1,-1,5000079000008,5000079000263,-1,20,1.2049193,0.0,1.1188537,21547,55.945072,52.599174,41.709892,244387,6,5,4,-94.16154,120.77931,-220.5393,20.691164,34.152863,-0.2519443,0.270114,0.14375784,12934864,5,3280,0.03652621,399