haloID,subHaloID,lastProgenitorId,treeId,snapNum,redshift,firstProgenitorId,nextProgenitorId,descendantId,firstHaloInFOFgroupId,nextHaloInFOFgroupId,np,m_Mean200,m_Crit200,m_TopHat,phKey,x,y,z,zIndex,ix,iy,iz,velX,velY,velZ,velDisp,vMax,spinX,spinY,spinZ,mostBoundID,fileNr,subhaloIndex,halfmassRadius,random
6000104000000,63000600000408,6000104000129,6000104000000,63,0.0,6000104000001,-1,-1,6000104000000,-1,1087,102.84848,79.61075,91.83207,27040,7.2283106,35.418293,34.15058,196841,0,3,3,-18.614544,-12.872083,-160.44754,97.82114,177.4568,0.28787133,-0.32876962,-0.03800366,16056072,6,408,0.067267604,794
6000104000001,62000600000403,6000104000129,6000104000000,62,0.019932542,6000104000002,-1,6000104000000,6000104000001,-1,1101,101.90176,79.35255,90.97141,27040,7.236093,35.422707,34.1838,196845,0,3,3,-19.137054,-12.597252,-161.60512,99.14306,176.27084,0.26342788,-0.28945526,-0.13353413,16056072,6,403,0.069045424,580
6000104000002,61000600000399,6000104000129,6000104000000,61,0.041403063,6000104000003,-1,6000104000001,6000104000002,-1,1102,102.15995,78.83615,90.97141,27040,7.2428584,35.42522,34.22027,196845,0,3,3,-18.211618,-13.037569,-162.36136,96.8211,177.09631,0.28926647,-0.17329508,-0.018515246,16056072,6,399,0.07076193,907
6000104000003,60000600000336,6000104000129,6000104000000,60,0.064493395,6000104000004,-1,6000104000002,6000104000003,-1,1097,101.47143,77.63123,90.885345,27040,7.2445993,35.429058,34.258293,196845,0,3,3,-21.299683,-13.675314,-161.52408,96.115395,172.53874,0.2720917,0.10989221,0.082296096,16238939,6,336,0.07338014,351
6000104000004,59000600000395,6000104000129,6000104000000,59,0.08928783,6000104000005,-1,6000104000003,6000104000004,-1,1092,100.69684,77.45911,90.97141,27040,7.255331,35.42504,34.294975,196845,0,3,3,-19.004808,-14.876926,-163.33794,96.44946,171.36914,0.2346247,-0.1913275,0.022158753,16239009,6,395,0.07420561,451
6000104000005,58000600000410,6000104000129,6000104000000,58,0.11588337,6000104000006,-1,6000104000004,6000104000005,-1,1069,99.66405,77.37304,91.65994,27040,7.260624,35.42585,34.33859,196845,0,3,3,-21.523212,-13.624621,-159.55142,93.84369,166.56699,0.5451587,0.14238907,0.12109643,16239009,6,410,0.07376418,538
6000104000006,57000600000405,6000104000129,6000104000000,57,0.14438343,6000104000007,-1,6000104000005,6000104000006,-1,1077,98.631256,78.83615,90.885345,27040,7.260946,35.42825,34.386448,196845,0,3,3,-20.630331,-16.158833,-159.6293,94.88036,169.29634,0.4539578,0.14142807,0.09867042,16239009,6,405,0.07218616,7
6000104000007,56000600000414,6000104000129,6000104000000,56,0.17489761,6000104000008,-1,6000104000006,6000104000007,-1,1072,96.479614,77.63123,90.45502,27040,7.261572,35.43364,34.432564,196845,0,3,3,-19.397032,-15.300247,-161.29857,100.73332,176.76964,0.6601261,0.16691975,0.20228331,16239009,6,414,0.067291975,332
6000104000008,55000600000374,6000104000129,6000104000000,55,0.20754863,6000104000009,-1,6000104000007,6000104000008,-1,1042,96.737816,78.14763,87.61485,27040,7.266132,35.436733,34.477867,196845,0,3,3,-17.995617,-14.435054,-161.42606,105.337616,185.30344,1.0636907,0.18695457,0.40478536,16239013,6,374,0.06020982,428
6000104000009,54000600000403,6000104000129,6000104000000,54,0.24246909,6000104000010,-1,6000104000008,6000104000009,-1,1043,95.0165,75.73779,88.7337,27040,7.2613697,35.445217,34.52817,196845,0,3,3,-19.628569,-15.176305,-163.56367,99.921074,172.99823,1.0783302,0.0638512,0.4280745,16238939,6,403,0.06509659,941
6000104000010,53000600000365,6000104000100,6000104000000,53,0.2798018,6000104000011,6000104000101,6000104000009,6000104000010,6000104000101,980,93.63945,76.94271,87.61485,27040,7.2654757,35.443237,34.58821,196845,0,3,3,-9.550982,-11.717825,-166.48634,97.42164,168.8122,1.1116582,0.03636161,0.62546104,16238939,6,365,0.066528626,896
6000104000011,52000600000339,6000104000071,6000104000000,52,0.31970343,6000104000012,6000104000072,6000104000010,6000104000011,6000104000102,914,88.7337,75.393524,83.7419,27040,7.2675276,35.436264,34.650757,196845,0,3,3,-6.854361,-9.884553,-165.45195,101.36179,170.34991,0.96546924,0.10435752,0.6151928,16238939,6,339,0.06277449,425
6000104000012,51000600000354,6000104000071,6000104000000,51,0.36234027,6000104000013,-1,6000104000011,6000104000012,6000104000103,880,82.62305,75.307465,79.61075,27040,7.266539,35.44504,34.715084,196845,0,3,3,-7.926206,-8.382981,-161.7387,105.777214,172.99512,0.8413357,-0.028541343,0.6747436,16239009,6,354,0.055080574,399
6000104000013,50000600000372,6000104000071,6000104000000,50,0.40789944,6000104000014,-1,6000104000012,6000104000013,-1,845,79.86894,72.55336,76.85664,27040,7.276232,35.444855,34.760956,196845,0,3,3,-6.4347224,-8.865867,-165.8152,114.86013,187.99342,1.0713319,0.2917788,0.35997888,16239011,6,372,0.04530194,988
6000104000014,49000600000383,6000104000071,6000104000000,49,0.45657724,6000104000015,-1,6000104000013,6000104000014,6000104000074,841,77.37304,68.93861,73.93041,27040,7.282129,35.43314,34.817654,196845,0,3,3,-11.606283,-6.374509,-166.11656,101.754005,173.15515,0.6586177,0.15653448,0.5010641,16055644,6,383,0.054314785,196
6000104000015,48000600000387,6000104000071,6000104000000,48,0.5085914,6000104000016,-1,6000104000014,6000104000015,6000104000075,757,73.24189,60.159904,69.54106,27040,7.2975817,35.42202,34.887474,196845,0,3,3,-16.984976,2.3506217,-165.72379,93.25419,161.3276,0.56477964,0.0876851,0.56391513,16239009,6,387,0.056320842,680
6000104000016,47000600000400,6000104000071,6000104000000,47,0.5641766,6000104000017,-1,6000104000015,6000104000016,6000104000076,699,61.881218,53.87711,59.47138,27040,7.3038116,35.422337,34.965675,196845,0,3,3,-21.041819,8.5201845,-168.21474,93.19869,161.96724,0.19686367,-0.15466677,0.28069887,16239013,6,400,0.050840624,552
6000104000017,46000600000416,6000104000071,6000104000000,46,0.6235901,6000104000018,-1,6000104000016,6000104000017,6000104000077,690,58.86892,51.639404,56.45908,27040,7.317403,35.41348,35.04025,196845,0,3,3,-23.682394,7.7105317,-166.66162,95.283356,171.40305,-0.07028669,-0.20562577,0.443429,16238679,6,416,0.04452209,158
6000104000018,45000600000447,6000104000071,6000104000000,45,0.6871088,6000104000019,-1,6000104000017,6000104000018,-1,658,56.373016,51.725468,55.168095,27040,7.321711,35.410004,35.11346,196845,0,3,3,-23.188965,5.8756413,-169.65924,91.7327,160.57103,0.20291308,-0.14043298,0.280064,16238679,6,447,0.048515152,324
6000104000019,44000600000456,6000104000071,6000104000000,44,0.75503564,6000104000020,-1,6000104000018,6000104000019,-1,614,54.651703,51.381207,54.221375,27039,7.3378625,35.411777,35.185806,197065,0,3,3,-21.454018,4.976053,-166.46127,94.24957,161.51392,0.15607671,-0.10567247,0.25008592,16056135,6,456,0.045182712,395
6000104000020,43000600000478,6000104000071,6000104000000,43,0.8276991,6000104000021,-1,6000104000019,6000104000020,-1,601,53.53285,48.799236,52.50006,27039,7.3577094,35.406357,35.26707,197065,0,3,3,-21.093323,3.3063908,-165.63904,96.65502,166.27037,0.081690215,-0.08727904,0.29773006,16238921,6,478,0.040883597,904
6000104000021,42000600000456,6000104000071,6000104000000,42,0.9054624,6000104000022,-1,6000104000020,6000104000021,-1,602,52.50006,47.077923,51.29514,27039,7.362112,35.40236,35.358833,197065,0,3,3,-22.463903,4.413957,-165.71635,97.28231,166.39471,0.26144284,-0.18321843,0.23974583,16056166,6,456,0.04079368,451
6000104000022,41000600000405,6000104000071,6000104000000,41,0.98870814,6000104000023,-1,6000104000021,6000104000022,-1,611,52.155796,46.389397,50.95088,27039,7.3746786,35.392532,35.444035,197065,0,3,3,-23.191555,1.1904075,-165.16864,93.571075,158.20949,0.25725177,-0.11220309,0.2689069,16239038,6,405,0.04720624,270
6000104000023,40000600000420,6000104000071,6000104000000,40,1.0778745,6000104000024,-1,6000104000022,6000104000023,-1,595,51.553337,47.68038,50.778748,27039,7.3911276,35.395638,35.520454,197065,0,3,3,-23.878925,1.2883328,-163.51292,93.41633,160.9155,0.093530975,-0.1481774,0.39156434,16239002,6,420,0.04440161,293
6000104000024,39000600000382,6000104000071,6000104000000,39,1.173417,6000104000025,-1,6000104000023,6000104000024,-1,594,48.971367,45.70087,48.54104,27039,7.393839,35.406067,35.5946,197065,0,3,3,-21.154184,2.4799485,-159.60547,107.69682,178.46085,0.21768957,-0.19787885,0.2739407,16239005,6,382,0.03494122,344
6000104000025,38000600000368,6000104000071,6000104000000,38,1.2758462,6000104000026,-1,6000104000024,6000104000025,-1,577,47.76645,44.582016,47.76645,27039,7.422048,35.387173,35.682083,197065,0,3,3,-17.20118,-0.7136396,-158.68663,99.84362,168.99036,0.39787245,-0.2200884,0.13577148,16239012,6,368,0.039426077,895
6000104000026,37000600000351,6000104000071,6000104000000,37,1.3857181,6000104000027,-1,6000104000025,6000104000026,-1,602,46.819725,42.17218,46.991856,27039,7.4197006,35.380505,35.781334,197065,0,3,4,-17.308308,2.160582,-159.36824,95.24128,161.01544,0.3582023,-0.387451,0.18906562,16239012,6,351,0.043847468,921
6000104000027,36000600000338,6000104000055,6000104000000,36,1.5036365,6000104000028,6000104000056,6000104000026,6000104000027,6000104000056,522,43.893494,40.70906,44.323822,27039,7.4215255,35.36822,35.866486,197065,0,3,4,-23.341085,-2.5997915,-154.75865,104.21635,166.49046,0.2944363,-0.3094057,0.1194551,16239012,6,338,0.035548646,958
6000104000028,35000600000340,6000104000048,6000104000000,35,1.6302707,6000104000029,6000104000049,6000104000027,6000104000028,-1,505,43.204967,41.13939,43.463165,27039,7.4245663,35.37028,35.98232,197065,0,3,4,-14.400083,7.92265,-156.65367,111.53672,178.05605,0.41908973,-0.3685492,0.026456293,16238986,6,340,0.031183435,945
6000104000029,34000600000314,6000104000048,6000104000000,34,1.766336,6000104000030,-1,6000104000028,6000104000029,6000104000057,486,41.13939,36.922173,42.17218,27039,7.4549584,35.37992,36.035454,197065,0,3,4,-16.541975,1.914762,-145.33401,100.73885,161.7176,0.19730057,-0.22764698,-0.013273885,16056056,6,314,0.035310075,443
6000104000030,33000600000368,6000104000048,6000104000000,33,1.9126327,6000104000031,-1,6000104000029,6000104000030,-1,394,34.42627,32.963154,35.717255,27039,7.456686,35.39702,36.112095,197065,0,3,4,-11.624341,4.333811,-128.95677,99.71915,161.49702,-0.22119974,0.1335152,0.0015004185,16239071,6,368,0.028186245,776
6000104000031,32000600000351,6000104000048,6000104000000,32,2.0700274,6000104000032,-1,6000104000030,6000104000031,-1,369,31.241838,30.897575,32.102497,27039,7.4698124,35.38822,36.18265,197069,0,3,4,-14.173422,2.264399,-127.7832,102.33523,164.0794,-0.21381043,0.07144927,-0.030690815,16239029,6,351,0.027683135,152
6000104000032,31000600000365,6000104000048,6000104000000,31,2.2394855,6000104000033,-1,6000104000031,6000104000032,-1,329,27.02462,26.85249,27.541016,27039,7.4751577,35.397335,36.23824,197069,0,3,4,-16.47489,0.49961677,-121.88721,108.06249,174.44067,-0.25552896,0.12955227,-0.07317877,16239029,6,365,0.020459572,288
6000104000033,30000600000355,6000104000048,6000104000000,30,2.422044,6000104000034,-1,6000104000032,6000104000033,-1,290,21.602484,21.08609,22.377075,27039,7.495448,35.41111,36.30821,197069,0,3,4,-6.92001,1.2727791,-123.44428,95.909065,157.9102,-0.24341694,0.010124027,-0.10659021,16238996,6,355,0.022341939,833
6000104000034,29000600000371,6000104000048,6000104000000,29,2.6188614,6000104000035,-1,6000104000033,6000104000034,-1,242,15.31969,14.889361,16.008215,27039,7.48777,35.375416,36.40664,197069,0,3,4,-7.389865,2.482949,-121.48156,81.59385,136.34798,-0.24442473,0.07197807,0.018606097,16239065,6,371,0.026674947,476
6000104000035,28000600000416,6000104000048,6000104000000,28,2.8311827,6000104000036,-1,6000104000034,6000104000035,-1,187,12.13526,11.963128,12.565588,27039,7.497041,35.366993,36.472717,197069,0,3,4,-5.2243166,8.223774,-124.1914,81.59545,147.55968,-0.27744868,0.15125732,0.18411663,16239071,6,416,0.020669831,51
6000104000036,27000600000418,6000104000048,6000104000000,27,3.060419,6000104000037,-1,6000104000035,6000104000036,-1,169,12.823785,12.651653,13.340179,27039,7.494299,35.357418,36.54852,197069,0,3,4,-7.405309,18.898907,-121.28851,80.59215,135.41696,-0.08644627,0.04512258,0.09802596,16238986,6,418,0.019500926,815
6000104000037,26000600000395,6000104000045,6000104000000,26,3.3080978,6000104000038,6000104000046,6000104000036,6000104000037,-1,152,12.823785,12.823785,13.254113,27039,7.5014896,35.337177,36.614506,197069,0,3,4,-10.554136,19.325533,-113.97402,91.48321,149.24489,-0.05503001,0.01986731,0.0055583194,16238986,6,395,0.0130130695,600
6000104000038,25000600000403,6000104000045,6000104000000,25,3.575905,6000104000039,-1,6000104000037,6000104000038,-1,131,11.274603,11.188538,11.360668,27039,7.5022063,35.337532,36.67905,197069,0,3,4,-11.98816,22.088291,-115.896385,93.57375,152.62628,-0.019280454,0.01328841,-0.0020165797,16239013,6,403,0.010629219,759
6000104000039,24000600000377,6000104000045,6000104000000,24,3.8656828,6000104000040,-1,6000104000038,6000104000039,-1,121,9.295093,9.295093,9.553289,27039,7.5108757,35.316826,36.755238,197069,0,3,4,-14.719976,10.139985,-113.2069,78.98183,132.57628,-0.061980117,0.05521419,-0.06544054,16239013,6,377,0.013835145,614
6000104000040,23000600000338,6000104000045,6000104000000,23,4.1794686,6000104000041,-1,6000104000039,6000104000040,-1,108,7.831976,7.831976,8.176239,27039,7.5259356,35.328625,36.825222,197069,0,3,4,-16.940569,8.772335,-109.90841,78.92742,132.55841,-0.05317353,0.029413886,-0.04213786,16239015,6,338,0.011956022,515
6000104000041,22000600000357,6000104000045,6000104000000,22,4.5195556,6000104000042,-1,6000104000040,6000104000041,-1,87,7.7459106,7.7459106,7.7459106,27039,7.5417566,35.328197,36.87237,197069,0,3,4,-6.338872,7.0401907,-109.31165,85.98121,142.54147,-0.076772004,0.012883724,0.056247715,16239006,6,357,0.009225822,428
6000104000042,21000600000350,6000104000045,6000104000000,21,4.888449,6000104000043,-1,6000104000041,6000104000042,-1,73,6.1106625,6.1106625,6.282794,27039,7.5265074,35.2907,36.94655,197069,0,3,4,-2.3585644,15.337618,-109.59458,87.503395,131.7361,-0.040434215,0.010149482,-0.008818778,16239006,6,350,0.0090953475,96
6000104000043,20000600000277,6000104000045,6000104000000,20,5.2888336,6000104000044,-1,6000104000042,6000104000043,-1,68,4.5614805,4.5614805,4.6475463,27039,7.5266914,35.33069,36.991543,197069,0,3,4,-5.8237805,11.698913,-103.33029,76.441055,127.308044,-0.028619863,0.008777512,-0.028498828,16239002,6,277,0.008083863,275
6000104000044,19000600000319,6000104000045,6000104000000,19,5.7238646,6000104000045,-1,6000104000043,6000104000044,-1,52,2.4098387,2.4098387,2.5819702,27039,7.5339646,35.3211,37.04583,197069,0,3,4,-0.58222383,8.9790745,-105.16008,58.50652,107.34815,-0.0023146446,0.02556586,0.085463956,16239002,6,319,0.01040487,566
6000104000045,18000600000819,6000104000045,6000104000000,18,6.1968336,-1,-1,6000104000044,6000104000045,-1,20,1.3770508,1.3770508,1.3770508,27039,7.5201697,35.317513,37.089825,197069,0,3,4,9.547559,2.698153,-89.00257,50.764355,87.903824,0.077676214,-0.033914857,-0.015992679,16239002,6,819,0.0058915038,244
6000104000046,26000600002444,6000104000048,6000104000000,26,3.3080978,6000104000047,-1,6000104000036,6000104000046,-1,25,2.065576,2.065576,2.1516418,27039,7.578543,35.660694,36.503563,197069,0,3,4,-40.275753,-62.057343,-113.15124,43.147675,73.58053,0.014928522,-0.060275447,0.14299011,16056034,6,2444,0.010079647,504
6000104000047,25000600002344,6000104000048,6000104000000,25,3.575905,6000104000048,-1,6000104000046,6000104000047,-1,25,2.065576,2.065576,2.1516418,27039,7.5967035,35.68872,36.553436,197069,0,3,4,-37.842228,-55.989708,-114.892975,47.11097,77.736565,0.013014457,-0.032719918,0.10904349,16056028,6,2344,0.009324364,904
6000104000048,24000600002323,6000104000048,6000104000000,24,3.8656828,-1,-1,6000104000047,6000104000048,-1,22,1.3770508,1.3770508,1.8073791,27039,7.626821,35.708565,36.647144,197069,0,3,4,-30.009777,-52.36934,-115.86507,43.205853,73.82307,-0.04483586,-0.02857616,0.059896987,16239026,6,2323,0.010689564,910
6000104000049,35000600003829,6000104000055,6000104000000,35,1.6302707,6000104000050,-1,6000104000027,6000104000049,-1,21,0.60245967,0.60245967,0.60245967,27039,7.6426563,35.5997,35.82662,197065,0,3,4,-95.09913,-65.03615,-100.45296,25.403753,42.222134,-0.01959681,-0.07372695,0.005361937,16051422,6,3829,0.029262014,707
6000104000050,34000600003463,6000104000055,6000104000000,34,1.766336,6000104000051,-1,6000104000049,6000104000050,-1,24,1.4631164,1.2049193,1.4631164,27039,7.6920514,35.72904,35.91179,197065,0,4,4,-81.62697,-49.47221,-102.47961,29.568016,52.823177,-0.0329293,-0.03688155,-0.037603993,16051421,6,3463,0.0199687,491
6000104000051,33000600003168,6000104000055,6000104000000,33,1.9126327,6000104000052,-1,6000104000050,6000104000051,-1,28,1.8934448,1.8073791,1.8934448,27039,7.732729,35.706905,35.95014,197065,0,3,4,-74.20941,-44.243813,-100.59318,35.495552,61.890083,-0.05463766,-0.005733715,-0.096814774,16051421,6,3168,0.016134795,89
6000104000052,32000600003063,6000104000055,6000104000000,32,2.0700274,6000104000053,-1,6000104000051,6000104000052,-1,26,2.065576,2.065576,2.065576,27039,7.7892814,35.741463,36.00776,197065,0,4,4,-68.70843,-30.75037,-94.06192,37.4834,64.51695,-0.14417002,-0.015929947,-0.019630281,16051421,6,3063,0.0146045955,591
6000104000053,31000600002993,6000104000055,6000104000000,31,2.2394855,6000104000054,-1,6000104000052,6000104000053,-1,26,1.7213135,1.549182,2.065576,27039,7.798954,35.743187,36.08914,197065,0,4,4,-64.14091,-27.34227,-88.17555,38.59,61.778755,-0.08389574,-0.07833372,-0.08344699,16051421,6,2993,0.01660348,22
6000104000054,30000600002530,6000104000055,6000104000000,30,2.422044,6000104000055,-1,6000104000053,6000104000054,-1,31,1.8073791,1.8073791,1.8073791,26720,7.8399496,35.74058,36.114624,197504,0,4,4,-62.150803,-24.932354,-92.64519,38.390556,64.53455,-0.025578143,-0.028912028,-0.027685154,16056012,6,2530,0.016330985,348
6000104000055,29000600003299,6000104000055,6000104000000,29,2.6188614,-1,-1,6000104000054,6000104000055,-1,21,0.86065674,0.86065674,0.86065674,26720,7.8855863,35.752842,36.199066,197508,0,4,4,-52.067375,-24.53907,-92.49539,32.90564,53.718346,-0.04178843,-0.08719794,0.013726736,16051421,6,3299,0.017107194,979
6000104000056,36000600000339,6000104000071,6000104000000,36,1.5036365,6000104000057,-1,6000104000026,6000104000027,-1,21,0.0,0.0,0.0,27039,7.4683537,35.42143,35.819218,197065,0,3,4,78.248634,80.35579,-206.7571,39.335007,76.367035,-0.03896633,-0.08061436,0.055765983,16238939,6,339,0.008148637,756
6000104000057,34000600000315,6000104000071,6000104000000,34,1.766336,6000104000058,-1,6000104000056,6000104000029,-1,25,0.0,0.0,0.0,27039,7.3943863,35.291157,36.18436,197069,0,3,4,-9.199466,49.718086,-309.87097,44.183495,74.77941,0.018482592,0.016935715,-0.060184103,16056138,6,315,0.008886136,957
6000104000058,33000600001606,6000104000071,6000104000000,33,1.9126327,6000104000059,-1,6000104000057,6000104000058,-1,58,4.991809,4.6475463,5.0778747,27039,7.40012,35.285244,36.346344,197069,0,3,4,-18.067896,14.29096,-274.98117,46.05806,84.46795,-0.12613809,0.08427701,0.06884145,16056138,6,1606,0.015926171,508
6000104000059,32000600001484,6000104000071,6000104000000,32,2.0700274,6000104000060,-1,6000104000058,6000104000059,-1,57,4.8196774,4.8196774,4.905743,27039,7.4210267,35.287384,36.507206,197069,0,3,4,-26.750412,9.842562,-254.89816,47.525265,92.35552,-0.17166772,0.11223397,-0.028149696,16056138,6,1484,0.01566697,126
6000104000060,31000600001301,6000104000071,6000104000000,31,2.2394855,6000104000061,-1,6000104000059,6000104000060,-1,70,5.2500057,5.2500057,5.3360715,27039,7.432392,35.28886,36.628876,197069,0,3,4,-23.343428,-0.3858425,-238.96716,54.862537,92.27566,-0.19440174,0.17231216,0.025873573,16056142,6,1301,0.01652887,595
6000104000061,30000600001273,6000104000071,6000104000000,30,2.422044,6000104000062,-1,6000104000060,6000104000061,-1,66,5.594269,5.594269,5.594269,27039,7.462401,35.284023,36.741985,197069,0,3,4,-24.797865,-4.3475924,-224.69547,53.923817,94.59765,-0.26036534,0.22614491,-0.028484264,16056142,6,1273,0.016259259,499
6000104000062,29000600001197,6000104000071,6000104000000,29,2.6188614,6000104000063,-1,6000104000061,6000104000062,-1,66,5.4221373,5.3360715,5.508203,27039,7.473711,35.294167,36.89644,197069,0,3,4,-30.771955,-5.154865,-214.63951,54.931915,96.214935,-0.18633407,0.2671204,-0.013760593,16238921,6,1197,0.015699951,450
6000104000063,28000600001157,6000104000071,6000104000000,28,2.8311827,6000104000064,-1,6000104000062,6000104000063,-1,63,4.991809,4.991809,4.991809,27039,7.492671,35.28562,36.987732,197069,0,3,4,-31.422777,-4.2492228,-201.48497,61.817654,110.62766,-0.22093159,0.34839275,-0.009395016,16210130,6,1157,0.0110776685,371
6000104000064,27000600001197,6000104000071,6000104000000,27,3.060419,6000104000065,-1,6000104000063,6000104000064,-1,55,3.0122986,2.9262328,3.18443,27039,7.535241,35.29487,37.067986,197069,0,3,4,-29.08632,-9.375478,-193.7486,52.571674,81.824684,-0.17766549,0.33073923,-0.043660786,16056138,6,1197,0.015783554,612
6000104000065,26000600001125,6000104000071,6000104000000,26,3.3080978,6000104000066,-1,6000104000064,6000104000065,-1,55,2.4959044,2.4959044,2.5819702,27032,7.471559,35.287525,37.273808,197097,0,3,4,-20.781881,-11.859967,-182.58542,54.599197,89.52655,-0.1972029,0.39620858,-0.10559339,16210135,6,1125,0.014232653,573
6000104000066,25000600001117,6000104000071,6000104000000,25,3.575905,6000104000067,-1,6000104000065,6000104000066,-1,49,1.3770508,1.3770508,1.6352477,27032,7.612448,35.29497,37.273434,197097,0,3,4,-19.494308,-13.018023,-173.60078,45.815014,86.4108,0.0010641682,0.32390323,-0.028411109,16056142,6,1117,0.021050345,82
6000104000067,24000600001030,6000104000071,6000104000000,24,3.8656828,6000104000068,-1,6000104000066,6000104000067,-1,42,1.8934448,1.8934448,1.8934448,27032,7.629501,35.30737,37.345455,197097,0,3,4,-21.20896,-16.515402,-170.13138,37.135384,78.40349,0.037059102,0.33470264,0.026091347,16056130,6,1030,0.0134499045,615
6000104000068,23000600001651,6000104000070,6000104000000,23,4.1794686,6000104000069,6000104000071,6000104000067,6000104000068,-1,27,2.065576,2.065576,2.1516418,27032,7.658128,35.307693,37.44432,197097,0,3,4,-51.47235,-5.7559905,-156.75395,49.820293,86.65341,-0.094467774,0.049481537,-0.07485979,16056132,6,1651,0.008431633,526
6000104000069,22000600001768,6000104000070,6000104000000,22,4.5195556,6000104000070,-1,6000104000068,6000104000069,-1,22,1.8934448,1.8934448,1.8934448,27032,7.671663,35.319546,37.54448,197097,0,3,4,-41.25287,4.7699003,-153.01976,58.62594,103.1329,-0.024060402,0.05996735,-0.05967144,16056131,6,1768,0.0049303537,192
6000104000070,21000600001685,6000104000070,6000104000000,21,4.888449,-1,-1,6000104000069,6000104000070,-1,20,1.549182,1.549182,1.549182,27032,7.678346,35.29949,37.62574,197097,0,3,4,-35.130432,4.772633,-145.99733,49.177174,88.826546,-0.063850455,0.03600492,-0.028659953,16056131,6,1685,0.0065189805,534
6000104000071,23000600002041,6000104000071,6000104000000,23,4.1794686,-1,-1,6000104000067,6000104000071,-1,22,1.1188537,1.1188537,1.2049193,27032,7.4538226,35.32836,37.561123,197097,0,3,4,13.788921,-21.600977,-167.3009,39.486385,72.01939,-0.021596042,0.17980975,-0.08757002,16085053,6,2041,0.00956607,863
6000104000072,52000600000341,6000104000100,6000104000000,52,0.31970343,6000104000073,-1,6000104000010,6000104000011,-1,25,0.0,0.0,0.0,27040,7.2914934,35.349846,34.56962,196845,0,3,3,-10.8417225,-17.99074,-175.82814,30.633368,56.521343,0.09093264,-0.0020861486,0.025520278,16239411,6,341,0.02128692,773
6000104000073,51000600000356,6000104000100,6000104000000,51,0.36234027,6000104000074,-1,6000104000072,6000104000012,-1,29,0.0,0.0,0.0,27040,7.282633,35.375526,34.651608,196845,0,3,3,-21.602154,-61.239594,-247.22304,43.47737,71.26702,0.11043291,-0.0042397757,0.13578789,16239399,6,356,0.013280106,252
6000104000074,49000600000384,6000104000100,6000104000000,49,0.45657724,6000104000075,-1,6000104000073,6000104000014,-1,20,0.0,0.0,0.0,27040,7.2509093,35.509068,34.877583,196845,0,3,3,94.07343,-188.24394,-191.12961,40.844418,66.84476,0.06726458,-0.025465028,0.03989906,16239098,6,384,0.010729878,692
6000104000075,48000600000388,6000104000100,6000104000000,48,0.5085914,6000104000076,-1,6000104000074,6000104000015,-1,52,0.0,0.0,0.0,27040,7.220351,35.57806,34.940445,196845,0,3,3,79.2569,-136.96828,-156.3418,46.898846,82.64287,0.030857317,-0.01378007,0.04951014,16239098,6,388,0.01637502,333
6000104000076,47000600000401,6000104000100,6000104000000,47,0.5641766,6000104000077,-1,6000104000075,6000104000016,-1,99,0.0,0.0,0.0,27040,7.174043,35.632328,35.01202,196845,0,3,3,60.150463,-120.84064,-146.39827,54.19422,93.21479,0.2504025,3.793176E-4,0.27198198,16239390,6,401,0.022459857,260
6000104000077,46000600000417,6000104000100,6000104000000,46,0.6235901,6000104000078,-1,6000104000076,6000104000017,-1,113,0.0,0.0,0.0,27040,7.142389,35.688065,35.07183,196845,0,3,3,47.700386,-109.1033,-136.66766,52.393097,95.48693,0.33764634,0.07601703,0.19969635,16239098,6,417,0.023800977,118
6000104000078,45000600001061,6000104000100,6000104000000,45,0.6871088,6000104000079,-1,6000104000077,6000104000078,-1,114,11.877063,10.758209,11.446734,27040,7.1276407,35.733665,35.14135,196845,0,4,3,38.895107,-99.75826,-132.86072,54.109188,93.33869,0.33590695,0.018197598,0.1728195,16239388,6,1061,0.02706024,403
6000104000079,44000600001044,6000104000100,6000104000000,44,0.75503564,6000104000080,-1,6000104000078,6000104000079,-1,119,10.586078,9.811486,10.500011,27039,7.1138244,35.781013,35.21828,197065,0,4,3,30.82477,-91.45432,-129.86905,47.79467,87.25436,0.29417223,8.7085785E-4,0.13852711,16239375,6,1044,0.031232985,18
6000104000080,43000600001108,6000104000100,6000104000000,43,0.8276991,6000104000081,-1,6000104000079,6000104000080,-1,113,9.639355,8.520501,9.553289,27039,7.090426,35.817432,35.284363,197065,0,4,3,25.273811,-85.14757,-128.39638,44.998245,83.2836,0.28099704,-0.0447225,0.15150824,16239443,6,1108,0.031834584,821
6000104000081,42000600001176,6000104000100,6000104000000,42,0.9054624,6000104000082,-1,6000104000080,6000104000081,-1,105,8.692633,7.831976,8.606567,27039,7.0711594,35.86617,35.34889,197065,0,4,3,21.590424,-81.188995,-127.72662,44.334156,81.54604,0.39436126,-0.042386126,0.14388314,16239388,6,1176,0.032254316,933
6000104000082,41000600001121,6000104000100,6000104000000,41,0.98870814,6000104000083,-1,6000104000081,6000104000082,-1,108,8.520501,7.4016476,8.434436,27039,7.0717826,35.9093,35.410122,197065,0,4,3,16.386446,-73.77704,-125.92311,43.801872,82.2797,0.40865755,0.10527015,0.16482036,16239375,6,1121,0.033663083,464
6000104000083,40000600001195,6000104000100,6000104000000,40,1.0778745,6000104000084,-1,6000104000082,6000104000083,-1,97,8.520501,7.573779,8.520501,27039,7.0669746,35.935295,35.464016,197065,0,4,3,14.296759,-70.268196,-123.396355,46.481586,84.92376,0.4447806,0.059226103,0.26903632,16239401,6,1195,0.026723659,258
6000104000084,39000600001310,6000104000100,6000104000000,39,1.173417,6000104000085,-1,6000104000083,6000104000084,-1,84,8.606567,7.9180417,8.606567,27039,7.070357,35.96084,35.528828,197065,0,4,3,9.838613,-67.95078,-119.97895,49.629585,83.93898,0.37744346,0.07088056,0.24859919,16239388,6,1310,0.024766719,264
6000104000085,38000600001173,6000104000100,6000104000000,38,1.2758462,6000104000086,-1,6000104000084,6000104000085,-1,100,8.606567,7.4016476,8.606567,27039,7.061797,36.00824,35.58007,197065,0,4,3,9.682784,-58.95375,-118.41023,52.143673,90.45291,0.51738465,0.2231363,0.3631917,16239423,6,1173,0.024018295,161
6000104000086,37000600001123,6000104000100,6000104000000,37,1.3857181,6000104000087,-1,6000104000085,6000104000086,-1,104,7.7459106,7.2295165,7.7459106,27039,7.0517225,36.063595,35.647655,197065,0,4,3,6.642148,-56.478752,-116.90929,52.646713,87.888794,0.35448375,0.15172651,0.32554922,16239388,6,1123,0.026498923,54
6000104000087,36000600001035,6000104000100,6000104000000,36,1.5036365,6000104000088,-1,6000104000086,6000104000087,-1,111,8.176239,6.6270566,8.176239,27039,7.0463433,36.090313,35.727943,197065,0,4,4,6.456382,-52.92559,-119.61352,51.309406,87.79667,0.39664248,0.19717003,0.28944683,16239412,6,1035,0.02991394,430
6000104000088,35000600001037,6000104000100,6000104000000,35,1.6302707,6000104000089,-1,6000104000087,6000104000088,-1,105,7.3155823,6.6270566,8.090173,27039,7.044751,36.106503,35.791763,197065,0,4,4,6.885851,-47.810703,-116.85791,53.116486,89.15625,0.35124958,0.22066827,0.28173536,16239423,6,1037,0.02638491,251
6000104000089,34000600001204,6000104000100,6000104000000,34,1.766336,6000104000090,-1,6000104000088,6000104000089,-1,86,6.282794,5.9385314,6.282794,27039,7.060718,36.103184,35.84496,197065,0,4,4,2.779654,-35.46915,-119.101814,54.873764,93.30849,0.34225118,0.25814727,0.27251926,16239403,6,1204,0.019405548,28
6000104000090,33000600001262,6000104000100,6000104000000,33,1.9126327,6000104000091,-1,6000104000089,6000104000090,-1,79,6.024597,5.8524656,6.1106625,27039,7.054679,36.105877,35.920593,197065,0,4,4,1.222021,-31.00506,-119.86816,54.67996,93.651436,0.3652858,0.05566097,0.2146653,16239423,6,1262,0.020899264,31
6000104000091,32000600001173,6000104000100,6000104000000,32,2.0700274,6000104000092,-1,6000104000090,6000104000091,-1,77,5.508203,5.3360715,5.594269,27039,7.0337257,36.103497,36.00269,197065,0,4,4,4.717282,-29.253847,-121.898865,50.653576,84.477264,0.37739256,0.11934833,0.27928257,16239403,6,1173,0.022631656,538
6000104000092,31000600001248,6000104000100,6000104000000,31,2.2394855,6000104000093,-1,6000104000091,6000104000092,-1,71,4.131152,4.131152,4.131152,27039,7.0383697,36.12576,36.077244,197065,0,4,4,4.9983873,-31.523678,-115.47051,51.6151,90.49287,0.5607556,0.18467052,0.16525887,16239403,6,1248,0.020082487,867
6000104000093,30000600001800,6000104000100,6000104000000,30,2.422044,6000104000094,-1,6000104000092,6000104000093,-1,44,3.0122986,2.840167,3.2704954,27039,7.0582333,36.169678,36.144165,197071,0,4,4,2.7608356,-24.951107,-132.12686,43.112103,71.90526,0.15229759,0.08458709,0.07767163,16239403,6,1800,0.019484067,56
6000104000094,29000600001897,6000104000100,6000104000000,29,2.6188614,6000104000095,-1,6000104000093,6000104000094,-1,39,0.9467224,0.9467224,0.9467224,27039,7.046242,36.2035,36.22645,197071,0,4,4,-0.55773956,-23.99945,-125.96223,37.807976,66.95003,-0.10422349,-0.17237322,-0.17074874,16239423,6,1897,0.020277787,209
6000104000095,28000600001907,6000104000100,6000104000000,28,2.8311827,6000104000096,-1,6000104000094,6000104000095,-1,38,1.4631164,1.4631164,1.549182,27039,7.0275536,36.21362,36.305515,197071,0,4,4,-2.3292708,-25.751738,-123.418976,41.099506,86.80303,0.021498388,-0.071725525,-0.21079732,16239375,6,1907,0.019810805,597
6000104000096,27000600002426,6000104000100,6000104000000,27,3.060419,6000104000097,-1,6000104000095,6000104000096,-1,26,1.6352477,1.6352477,1.8934448,27039,7.0176163,36.222633,36.378414,197071,0,4,4,4.864727,-21.128906,-127.52566,42.12559,71.710365,0.049417887,-0.036054153,-0.23602496,16239403,6,2426,0.011616245,382
6000104000097,26000600001703,6000104000100,6000104000000,26,3.3080978,6000104000098,-1,6000104000096,6000104000097,-1,37,2.4098387,2.3237731,2.4098387,27039,7.032803,36.20138,36.44191,197071,0,4,4,5.2017565,-30.487303,-118.59407,44.477676,76.488266,0.12553376,-0.06855808,-0.1498681,16239399,6,1703,0.013227476,547
6000104000098,25000600001865,6000104000100,6000104000000,25,3.575905,6000104000099,-1,6000104000097,6000104000098,-1,31,2.6680357,2.6680357,2.6680357,27039,7.0435443,36.224606,36.496517,197071,0,4,4,-3.0975459,-29.173624,-109.33024,46.864082,88.852196,0.103765555,-0.044166837,-0.17048606,16239399,6,1865,0.010239215,654
6000104000099,24000600001778,6000104000100,6000104000000,24,3.8656828,6000104000100,-1,6000104000098,6000104000099,-1,28,1.8073791,1.8073791,1.8073791,27039,7.071786,36.223904,36.54853,197071,0,4,4,-8.244645,-33.384045,-114.60131,48.026638,80.07204,0.018423757,-0.036548447,-0.10836394,16239399,6,1778,0.010589563,707
6000104000100,23000600001725,6000104000100,6000104000000,23,4.1794686,-1,-1,6000104000099,6000104000100,-1,26,1.1188537,1.1188537,1.2049193,27039,7.0889764,36.2285,36.630867,197071,0,4,4,-2.663127,-33.74049,-115.90046,46.742153,81.84819,0.04429609,-0.008515822,-0.179024,16239399,6,1725,0.011531753,795
6000104000101,53000600000366,6000104000129,6000104000000,53,0.2798018,6000104000102,-1,6000104000009,6000104000010,-1,47,0.0,0.0,0.0,27040,7.390011,35.498226,34.549553,196845,0,3,3,-185.32059,-93.8549,-118.53081,39.693424,73.76328,0.11949706,-0.12976333,-0.0015508997,16055640,6,366,0.019105213,851
6000104000102,52000600000340,6000104000129,6000104000000,52,0.31970343,6000104000103,-1,6000104000101,6000104000011,6000104000072,73,0.0,0.0,0.0,27040,7.4518213,35.527916,34.605442,196845,0,3,3,-158.18468,-76.40509,-121.611824,41.225338,75.37232,0.22947319,-0.04072599,-0.2333591,16055640,6,340,0.030124057,83
6000104000103,51000600000355,6000104000129,6000104000000,51,0.36234027,6000104000104,-1,6000104000102,6000104000012,6000104000073,72,0.0,0.0,0.0,27040,7.4994664,35.558624,34.658936,196845,0,3,3,-138.81514,-70.91857,-121.307976,39.618614,73.73034,0.23547474,-0.11039234,-0.27793542,16051839,6,355,0.029245898,135
6000104000104,50000600001211,6000104000129,6000104000000,50,0.40789944,6000104000105,-1,6000104000103,6000104000104,-1,79,7.4877133,5.8524656,6.799188,27040,7.5597353,35.581005,34.70208,196845,0,3,3,-121.96343,-62.489147,-127.98052,42.263363,84.81747,0.2142272,-0.09544822,-0.2577583,16051839,6,1211,0.029063469,488
6000104000105,49000600001252,6000104000129,6000104000000,49,0.45657724,6000104000106,-1,6000104000104,6000104000105,-1,71,7.2295165,5.3360715,6.799188,27040,7.6122,35.608032,34.746727,196845,0,3,3,-113.62509,-55.59897,-132.63498,35.613594,72.216255,0.15680815,0.026188754,-0.12125017,16051839,6,1252,0.030731527,396
6000104000106,48000600001352,6000104000129,6000104000000,48,0.5085914,6000104000107,-1,6000104000105,6000104000106,-1,76,6.1106625,4.991809,5.8524656,27040,7.6625733,35.625065,34.800186,196845,0,3,3,-98.14298,-52.257507,-135.22011,34.820873,67.23921,0.107494034,0.11438345,-0.08702506,16056017,6,1352,0.036128245,525
6000104000107,47000600001409,6000104000129,6000104000000,47,0.5641766,6000104000108,-1,6000104000106,6000104000107,-1,70,5.8524656,4.3893495,5.508203,27040,7.7104683,35.652218,34.859386,196845,0,3,3,-88.892876,-53.31826,-135.89864,35.844925,67.68356,0.1831893,0.08190157,-0.06461171,16055670,6,1409,0.032811064,825
6000104000108,46000600001564,6000104000129,6000104000000,46,0.6235901,6000104000109,-1,6000104000107,6000104000108,-1,65,5.9385314,5.0778747,5.594269,27040,7.7460303,35.67359,34.918385,196845,0,3,3,-83.14629,-50.28085,-133.00266,38.994766,71.06453,0.023828339,-0.05161185,0.003516121,16055670,6,1564,0.025714431,531
6000104000109,45000600001665,6000104000129,6000104000000,45,0.6871088,6000104000110,-1,6000104000108,6000104000109,-1,60,5.680334,5.0778747,5.680334,27040,7.77274,35.69199,34.985153,196845,0,3,3,-76.034134,-52.63372,-134.49042,43.440258,79.58315,0.090780094,-0.033329457,0.12303494,16056017,6,1665,0.018817209,885
6000104000110,44000600001712,6000104000129,6000104000000,44,0.75503564,6000104000111,-1,6000104000109,6000104000110,-1,60,5.3360715,4.8196774,5.1639404,27040,7.807726,35.72064,35.044746,196845,0,4,3,-71.43807,-51.249786,-129.93138,45.34257,79.371155,0.007107788,-0.026786836,0.046734303,16056017,6,1712,0.020796627,392
6000104000111,43000600001806,6000104000129,6000104000000,43,0.8276991,6000104000112,-1,6000104000110,6000104000111,-1,58,4.8196774,4.3032837,4.5614805,26719,7.8291783,35.739475,35.111076,197284,0,4,3,-64.6351,-50.30392,-130.59656,40.61027,75.11439,0.09921241,-0.048495825,0.11365093,16056017,6,1806,0.020144517,853
6000104000112,42000600001827,6000104000129,6000104000000,42,0.9054624,6000104000113,-1,6000104000111,6000104000112,-1,57,4.3032837,4.0450864,4.3032837,26720,7.853436,35.753323,35.177086,197504,0,4,3,-60.337044,-50.965633,-133.53104,37.236183,72.08408,-0.1267038,-0.10511104,0.0032006942,16056017,6,1827,0.029067252,17
6000104000113,41000600001936,6000104000129,6000104000000,41,0.98870814,6000104000114,-1,6000104000112,6000104000113,-1,51,3.6147583,2.9262328,3.3565612,26720,7.8840704,35.76115,35.23899,197504,0,4,3,-57.984943,-51.33253,-131.07422,32.986423,65.124756,-0.011426082,-0.023873296,0.076648176,16056017,6,1936,0.02537534,38
6000104000114,40000600002165,6000104000129,6000104000000,40,1.0778745,6000104000115,-1,6000104000113,6000104000114,-1,43,3.5286925,3.18443,3.5286925,26720,7.9077544,35.784004,35.31717,197504,0,4,3,-47.55525,-49.86095,-129.39346,34.492195,68.21019,-0.037713293,-0.04750264,-0.013312009,16051830,6,2165,0.021612441,523
6000104000115,39000600001851,6000104000129,6000104000000,39,1.173417,6000104000116,-1,6000104000114,6000104000115,-1,50,3.9590209,3.6147583,3.9590209,26720,7.931043,35.820126,35.389057,197504,0,4,3,-44.7102,-49.182503,-124.36649,36.667133,72.169685,-0.044880312,-0.07634513,0.062592454,16051444,6,1851,0.022850849,667
6000104000116,38000600001492,6000104000129,6000104000000,38,1.2758462,6000104000117,-1,6000104000115,6000104000116,-1,71,3.6147583,3.5286925,3.6147583,26720,7.955839,35.855137,35.468895,197504,0,4,3,-53.622276,-43.802185,-131.7344,41.434147,73.19916,-0.0399349,0.3071382,0.30374297,16055670,6,1492,0.029206375,168
6000104000117,37000600002275,6000104000129,6000104000000,37,1.3857181,6000104000118,-1,6000104000116,6000104000117,-1,40,3.2704954,3.2704954,3.2704954,26720,7.968401,35.868385,35.530983,197504,0,4,3,-39.289265,-49.51966,-116.208176,40.411427,77.01458,0.017739534,-0.11380508,0.1538548,16055670,6,2275,0.014232645,190
6000104000118,36000600002227,6000104000129,6000104000000,36,1.5036365,6000104000119,-1,6000104000117,6000104000118,-1,40,3.2704954,3.0122986,3.2704954,26720,8.00615,35.913742,35.584667,197504,0,4,3,-38.282963,-49.13715,-111.49445,41.367756,76.58609,-0.0056954846,-0.033382963,-1.3453413E-4,16055664,6,2227,0.01733833,658
6000104000119,35000600002391,6000104000129,6000104000000,35,1.6302707,6000104000120,-1,6000104000118,6000104000119,-1,36,2.840167,2.7541015,2.840167,26720,8.043706,35.939957,35.652588,197504,0,4,3,-32.636883,-44.590122,-112.572075,38.43604,68.11188,-0.08444087,-0.05338638,0.05644093,16055670,6,2391,0.016472999,608
6000104000120,34000600002145,6000104000129,6000104000000,34,1.766336,6000104000121,-1,6000104000119,6000104000120,-1,41,2.1516418,2.065576,2.1516418,26720,8.0710125,35.966198,35.715786,197504,0,4,4,-33.56911,-45.953796,-109.23626,37.653496,70.56313,0.047051527,-0.0035860382,0.017358366,16055664,6,2145,0.017673634,823
6000104000121,33000600002418,6000104000129,6000104000000,33,1.9126327,6000104000122,-1,6000104000120,6000104000121,-1,35,1.8073791,1.6352477,1.8073791,26720,8.090559,35.984684,35.759384,197504,0,4,4,-33.79679,-38.005714,-112.40974,39.7777,72.77896,-0.046881948,-0.031212784,-0.10513224,16051839,6,2418,0.018618882,948
6000104000122,32000600002683,6000104000129,6000104000000,32,2.0700274,6000104000123,-1,6000104000121,6000104000122,-1,31,1.549182,1.549182,1.549182,26720,8.103166,36.01729,35.819733,197504,0,4,4,-34.045063,-36.737946,-107.97473,32.958557,60.902657,-0.033919986,0.0017023517,-0.046106562,16055670,6,2683,0.015966782,800
6000104000123,31000600003550,6000104000129,6000104000000,31,2.2394855,6000104000124,-1,6000104000122,6000104000123,-1,23,0.9467224,0.9467224,1.2049193,26720,8.1543255,36.044853,35.91618,197504,0,4,4,-30.006205,-38.05896,-105.69008,32.455734,51.958412,-0.04887719,-0.058304224,-0.0022814798,16055661,6,3550,0.017744044,818
6000104000124,30000600003554,6000104000129,6000104000000,30,2.422044,6000104000125,-1,6000104000123,6000104000124,-1,22,1.2909851,1.2049193,1.2909851,26720,8.119059,36.02229,35.966595,197504,0,4,4,-27.36869,-36.566704,-104.923294,31.609882,56.336838,-0.055586778,-0.06779255,0.045809068,16055664,6,3554,0.013994784,573
6000104000125,29000600003165,6000104000129,6000104000000,29,2.6188614,6000104000126,-1,6000104000124,6000104000125,-1,24,0.9467224,0.9467224,1.2049193,26720,8.129743,36.03256,36.01931,197504,0,4,4,-25.017643,-31.947395,-105.392586,33.149906,60.040863,0.0031619328,-0.05723155,-0.07129148,16055636,6,3165,0.016444791,334
6000104000126,28000600002885,6000104000129,6000104000000,28,2.8311827,6000104000127,-1,6000104000125,6000104000126,-1,25,1.3770508,1.3770508,1.3770508,26720,8.171186,36.10277,36.081314,197504,0,4,4,-22.549278,-29.319147,-101.9958,39.505497,63.516457,0.0028238436,-0.07865988,-0.07871468,16055670,6,2885,0.012545807,585
6000104000127,27000600002509,6000104000129,6000104000000,27,3.060419,6000104000128,-1,6000104000126,6000104000127,-1,27,1.3770508,1.3770508,1.3770508,26720,8.168899,36.05593,36.130657,197504,0,4,4,-23.669653,-28.837408,-101.660614,46.61129,72.81289,-0.018335825,-0.07626604,-0.07043745,16055667,6,2509,0.012407475,284
6000104000128,26000600002749,6000104000129,6000104000000,26,3.3080978,6000104000129,-1,6000104000127,6000104000128,-1,23,1.7213135,1.7213135,1.8073791,26720,8.164588,36.103462,36.19797,197508,0,4,4,-19.381834,-29.366098,-101.870514,45.268383,76.528534,-0.058268446,-0.0077407295,-0.14130743,16055636,6,2749,0.008128498,195
6000104000129,25000600002441,6000104000129,6000104000000,25,3.575905,-1,-1,6000104000128,6000104000129,-1,24,0.86065674,0.86065674,0.9467224,26720,8.168437,36.150723,36.253124,197510,0,4,4,-22.393436,-27.93237,-87.51913,41.5747,74.73183,-0.016384777,-0.111771464,-0.09330062,16055635,6,2441,0.014411185,40
