haloID,subHaloID,lastProgenitorId,treeId,snapNum,redshift,firstProgenitorId,nextProgenitorId,descendantId,firstHaloInFOFgroupId,nextHaloInFOFgroupId,np,m_Mean200,m_Crit200,m_TopHat,phKey,x,y,z,zIndex,ix,iy,iz,velX,velY,velZ,velDisp,vMax,spinX,spinY,spinZ,mostBoundID,fileNr,subhaloIndex,halfmassRadius,random
3000101000000,63000300000844,3000101000309,3000101000000,63,0.0,3000101000001,-1,-1,3000101000000,3000101000341,4724,479.04153,366.38156,426.62753,14925,33.5583,0.5683927,27.687645,51464,3,0,3,160.38202,-311.7416,82.80449,149.7407,267.2248,4.837658,-0.7055393,-1.7712032,849933,3,844,0.12847914,508
3000101000001,62000300000861,3000101000309,3000101000000,62,0.019932542,3000101000002,-1,3000101000000,3000101000001,3000101000342,4553,474.5661,347.10284,422.4103,14925,33.52757,0.6313444,27.669365,51464,3,0,3,162.25816,-308.6753,80.57619,150.8515,268.97617,4.690041,-0.44791678,-1.6660687,849933,3,861,0.12430338,867
3000101000002,61000300000866,3000101000309,3000101000000,61,0.041403063,3000101000003,-1,3000101000001,3000101000002,3000101000343,4541,468.28333,332.29956,415.439,14925,33.494694,0.69464165,27.653076,51464,3,0,3,163.5285,-304.897,78.096855,151.70154,274.8734,4.9330564,-0.21954784,-1.6663336,850085,3,866,0.12277008,992
3000101000003,60000300000853,3000101000309,3000101000000,60,0.064493395,3000101000004,-1,3000101000002,3000101000003,3000101000344,4475,460.02103,324.29544,396.33243,14925,33.45286,0.76378477,27.639112,51464,3,0,3,164.649,-300.823,75.573875,150.40176,270.67688,4.820246,-0.67731684,-2.0337963,849933,3,853,0.12042503,304
3000101000004,59000300000866,3000101000309,3000101000000,59,0.08928783,3000101000005,-1,3000101000003,3000101000004,3000101000345,4392,449.69315,317.92657,374.12747,14925,33.41449,0.83048224,27.624338,51464,3,0,3,165.30379,-297.3644,73.928795,148.83797,267.0475,4.860196,-0.24675114,-1.9283965,850085,3,866,0.11806983,34
3000101000005,58000300000838,3000101000309,3000101000000,58,0.11588337,3000101000006,-1,3000101000004,3000101000005,3000101000346,4297,434.02917,314.48395,365.43484,14925,33.372334,0.90537584,27.611927,51464,3,0,3,166.7681,-288.04175,68.38621,150.40503,269.5472,4.699807,-0.23799464,-2.4662743,850081,3,838,0.11608766,84
3000101000006,57000300000789,3000101000309,3000101000000,57,0.14438343,3000101000007,-1,3000101000005,3000101000006,3000101000347,4289,405.28323,308.20117,357.08646,14925,33.316986,0.9763572,27.595058,51464,3,0,3,169.17285,-287.0623,65.60639,149.63893,269.4251,4.3897877,0.62957543,-1.6700902,849933,3,789,0.11608393,22
3000101000007,56000300000795,3000101000309,3000101000000,56,0.17489761,3000101000008,-1,3000101000006,3000101000007,3000101000348,4297,398.57013,302.52084,352.61105,14925,33.27094,1.0559222,27.578949,51466,3,0,3,172.06369,-283.5266,62.299263,146.3445,265.84195,4.4756217,0.55176616,-1.3346409,848538,3,795,0.11875763,945
3000101000008,55000300000773,3000101000309,3000101000000,55,0.20754863,3000101000009,-1,3000101000007,3000101000008,3000101000349,4110,393.32013,294.00034,348.39383,14925,33.22148,1.1411479,27.56134,51466,3,0,3,171.72263,-274.6244,56.740013,146.76845,266.59158,4.2925115,0.71581376,-1.3680806,848538,3,773,0.115466386,828
3000101000009,54000300000802,3000101000309,3000101000000,54,0.24246909,3000101000010,-1,3000101000008,3000101000009,-1,4060,389.6193,291.59048,343.40204,14922,33.168343,1.2243333,27.54453,51459,3,0,3,170.87794,-270.70102,52.214256,145.31996,265.44342,3.898951,0.99462414,-0.8088453,848538,3,802,0.11330606,879
3000101000010,53000300000764,3000101000309,3000101000000,53,0.2798018,3000101000011,-1,3000101000009,3000101000010,3000101000351,4201,390.30783,291.76263,345.2094,14922,33.109795,1.3170687,27.52277,51459,3,0,3,170.8425,-265.9795,54.13982,146.32251,264.051,4.356901,0.86121124,-1.0636322,848538,3,764,0.12124059,479
3000101000011,52000300000759,3000101000309,3000101000000,52,0.31970343,3000101000012,-1,3000101000010,3000101000011,3000101000352,4171,386.95126,291.93475,348.91022,14922,33.044083,1.4077094,27.509184,51459,3,0,3,171.86702,-258.7112,48.452694,147.4099,264.42477,4.2303233,1.0909803,-0.8284648,848538,3,759,0.11916711,204
3000101000012,51000300000763,3000101000309,3000101000000,51,0.36234027,3000101000013,-1,3000101000011,3000101000012,-1,4169,388.58652,297.95935,356.74222,14922,32.986935,1.4929934,27.480024,51459,3,0,3,169.68735,-254.64308,44.888996,152.98277,275.5773,4.2316613,0.9005509,-0.94747883,848599,3,763,0.11639391,50
3000101000013,50000300000730,3000101000266,3000101000000,50,0.40789944,3000101000014,3000101000267,3000101000012,3000101000013,3000101000267,4058,385.57422,309.06183,358.97992,14922,32.917866,1.5806797,27.463326,51459,3,0,3,172.11806,-250.58119,42.060875,155.02417,261.71854,4.350273,0.9098782,-0.5715589,849933,3,730,0.11031333,322
3000101000014,49000300000730,3000101000265,3000101000000,49,0.45657724,3000101000015,3000101000266,3000101000013,3000101000014,3000101000268,3995,382.90616,308.3733,355.5373,14922,32.821644,1.6632812,27.429316,51459,3,0,3,173.22536,-247.0177,40.54504,156.80225,265.2825,3.583182,1.5525467,-1.1257797,848587,3,730,0.10614966,467
3000101000015,48000300000740,3000101000265,3000101000000,48,0.5085914,3000101000016,-1,3000101000014,3000101000015,3000101000269,3944,376.0209,298.73395,349.2545,14922,32.763477,1.7527574,27.428228,51459,3,0,3,172.19966,-243.84273,40.03489,170.59326,292.70056,4.0172796,1.4247085,-0.91722816,848599,3,740,0.09969625,830
3000101000016,47000300000703,3000101000173,3000101000000,47,0.5641766,3000101000017,3000101000174,3000101000015,3000101000016,3000101000174,3949,374.12747,294.77493,347.1889,14922,32.727104,1.8999436,27.4234,51459,3,0,3,165.75612,-250.94691,38.095066,160.38863,255.85419,4.79932,1.3659523,-0.5704865,849964,3,703,0.11308419,611
3000101000017,46000300000619,3000101000166,3000101000000,46,0.6235901,3000101000018,3000101000167,3000101000016,3000101000017,3000101000175,3929,376.45123,283.07,344.2627,14923,32.679012,2.0563574,27.397377,51473,3,0,3,166.16884,-238.11542,37.427605,151.84235,237.41527,4.808561,1.4434345,-0.3712508,848597,3,619,0.1311772,351
3000101000018,45000300000590,3000101000166,3000101000000,45,0.6871088,3000101000019,-1,3000101000017,3000101000018,3000101000176,3647,366.12335,287.20114,345.63974,14923,32.62099,2.190202,27.368404,51473,3,0,3,166.6755,-233.22437,37.83912,152.97902,231.025,4.2837534,1.6837271,0.042086143,848599,3,590,0.12719171,502
3000101000019,44000300000539,3000101000126,3000101000000,44,0.75503564,3000101000020,3000101000127,3000101000018,3000101000019,3000101000177,3244,353.04138,279.97162,329.7176,14964,32.545074,2.3120594,27.32739,51253,3,0,3,183.5854,-202.36052,39.937424,149.99191,233.62018,3.548895,-0.068030484,-0.2773462,849934,3,539,0.111619815,204
3000101000020,43000300000620,3000101000126,3000101000000,43,0.8276991,3000101000021,-1,3000101000019,3000101000020,3000101000178,3042,330.23398,276.87326,317.8405,14964,32.43698,2.4138236,27.28575,51253,3,0,3,165.53508,-190.85002,20.145155,155.01115,240.44464,4.3314204,1.0317527,0.48520824,849848,3,620,0.10062273,337
3000101000021,42000300000605,3000101000110,3000101000000,42,0.9054624,3000101000022,3000101000111,3000101000020,3000101000021,3000101000179,2927,319.73398,268.2667,309.57822,14964,32.345345,2.473963,27.26868,51253,3,0,3,155.39348,-196.73726,-4.132954,157.12292,241.56789,3.9929008,1.751235,0.017382842,849964,3,605,0.096648045,951
3000101000022,41000300000555,3000101000109,3000101000000,41,0.98870814,3000101000023,3000101000110,3000101000021,3000101000022,3000101000180,2286,301.22986,265.42654,296.92657,14964,32.258446,2.5382502,27.300842,51253,3,0,3,159.51202,-176.25339,-39.548473,152.35426,241.90123,2.476822,1.999727,-0.37400055,848599,3,555,0.07295781,49
3000101000023,40000300000474,3000101000109,3000101000000,40,1.0778745,3000101000024,-1,3000101000022,3000101000023,3000101000181,2253,225.83632,202.42645,221.79123,14923,32.170643,2.5999532,27.351557,51472,3,0,3,158.64046,-183.73294,-39.9443,157.4106,249.45316,1.6022478,3.0993497,0.2994247,848385,3,474,0.0684096,652
3000101000024,39000300000498,3000101000109,3000101000000,39,1.173417,3000101000025,-1,3000101000023,3000101000024,3000101000182,2097,198.2953,180.56578,197.60678,14923,32.035583,2.6806262,27.409319,51472,3,0,3,161.37292,-184.33264,-27.950426,149.2547,241.4052,0.90141153,2.7650166,0.36741406,849853,3,498,0.06700635,526
3000101000025,38000300000521,3000101000109,3000101000000,38,1.2758462,3000101000026,-1,3000101000024,3000101000025,3000101000279,1852,163.09445,147.1723,163.09445,14923,31.926397,2.7697036,27.431746,51472,3,0,3,155.0363,-186.04095,-27.084703,143.32335,230.25577,0.25656497,2.639875,-0.06692646,848496,3,521,0.065726325,572
3000101000026,37000300000514,3000101000109,3000101000000,37,1.3857181,3000101000027,-1,3000101000025,3000101000026,3000101000280,1605,144.59033,135.12311,145.02066,14923,31.810705,2.8751998,27.441668,51472,3,0,3,161.1179,-187.70676,-24.097694,136.5168,228.83179,0.25720993,2.6088014,-0.33308122,849853,3,514,0.05795373,553
3000101000027,36000300000528,3000101000108,3000101000000,36,1.5036365,3000101000028,3000101000109,3000101000026,3000101000027,3000101000137,1501,137.36081,127.893585,138.73787,14923,31.696915,2.9738898,27.452616,51474,3,0,3,151.5486,-194.59047,-13.439139,142.9466,231.81418,0.92905337,1.6615216,0.23523605,848496,3,528,0.052417688,467
3000101000028,35000300000491,3000101000097,3000101000000,35,1.6302707,3000101000029,3000101000098,3000101000027,3000101000028,3000101000138,1528,127.549324,114.63947,130.64769,14923,31.567163,3.0818207,27.464418,51474,3,0,3,147.14778,-196.451,-14.578799,138.64719,226.05652,0.8417866,1.8257437,-0.7091662,849933,3,491,0.05850417,341
3000101000029,34000000000171,3000101000097,3000101000000,34,1.766336,3000101000030,-1,3000101000028,3000101000029,3000101000139,1634,137.96327,129.95917,140.71738,14923,31.469635,3.1891303,27.474085,51474,3,0,3,146.48772,-200.11485,-10.584608,141.39235,233.6607,1.1093727,1.4515955,-0.79021966,848459,0,171,0.06237542,817
3000101000030,33000000000149,3000101000096,3000101000000,33,1.9126327,3000101000031,3000101000097,3000101000029,3000101000030,3000101000097,1479,142.00836,139.42639,143.55754,14923,31.450092,3.3056753,27.490147,51474,3,0,3,148.95331,-196.79782,-4.0600853,157.99646,248.82567,1.3804576,1.3735703,-1.0623007,848510,0,149,0.04948295,550
3000101000031,32000000000160,3000101000095,3000101000000,32,2.0700274,3000101000032,3000101000096,3000101000030,3000101000031,3000101000096,1423,134.26245,131.93867,134.95097,14923,31.337244,3.40975,27.487757,51474,3,0,3,146.76897,-193.65918,-7.128526,178.61655,268.3923,1.2255247,1.1920365,-1.2123572,849859,0,160,0.037495505,542
3000101000032,31000000000138,3000101000077,3000101000000,31,2.2394855,3000101000033,3000101000078,3000101000031,3000101000032,3000101000095,1102,91.48781,87.959114,95.10257,14923,31.375261,3.538189,27.545422,51474,3,0,3,124.429756,-198.76634,-15.36932,161.97527,205.63908,1.176904,1.2353212,-0.57626456,850065,0,138,0.049887095,378
3000101000033,30000000000148,3000101000055,3000101000000,30,2.422044,3000101000034,3000101000056,3000101000032,3000101000033,3000101000056,283,60.073837,58.43859,62.741875,14923,31.335644,3.6762683,27.595106,51474,3,0,3,50.214878,-268.53323,-92.997505,110.62621,181.19554,0.042485736,-0.18121383,0.5451113,850099,0,148,0.018184533,884
3000101000034,29000000000293,3000101000055,3000101000000,29,2.6188614,3000101000035,-1,3000101000033,3000101000034,-1,417,34.684467,33.909874,35.803318,14923,31.276045,3.8362021,27.655321,51474,3,0,3,62.839355,-255.84131,-81.059494,107.52108,179.76881,0.06589092,-0.4249033,0.44348273,850084,0,293,0.02462207,882
3000101000035,28000000000244,3000101000055,3000101000000,28,2.8311827,3000101000036,-1,3000101000034,3000101000035,-1,421,31.586102,31.327904,33.049217,1419,31.24933,3.987995,27.695448,23497,3,0,3,68.59671,-238.46898,-71.84057,107.698364,177.56285,-0.021813132,-0.57029414,0.45352367,849965,0,244,0.025961183,214
3000101000036,27000000000232,3000101000055,3000101000000,27,3.060419,3000101000037,-1,3000101000035,3000101000036,-1,371,33.99594,33.221348,34.16807,1419,31.18672,4.128262,27.73593,23497,3,0,3,81.585945,-238.19058,-68.970764,114.327324,183.95285,-0.04266132,-0.16796146,0.23527142,849965,0,232,0.023301886,929
3000101000037,26000000000212,3000101000055,3000101000000,26,3.3080978,3000101000038,-1,3000101000036,3000101000037,-1,330,29.176262,28.918066,29.692657,1419,31.11925,4.265612,27.772938,23497,3,0,3,80.91226,-218.0352,-61.772476,127.75744,198.1418,-0.11997211,-0.16672409,0.3797244,849965,0,212,0.016027253,583
3000101000038,25000000000170,3000101000055,3000101000000,25,3.575905,3000101000039,-1,3000101000037,3000101000038,-1,330,23.495928,23.495928,24.356585,1419,31.048677,4.3891315,27.801212,23497,3,0,3,76.60402,-208.44475,-58.951344,110.862755,177.704,-0.06804157,-0.15239027,0.3093204,849947,0,170,0.020793863,925
3000101000039,24000000000178,3000101000055,3000101000000,24,3.8656828,3000101000040,-1,3000101000038,3000101000039,-1,264,16.782806,16.696741,17.557398,1419,30.996923,4.509249,27.837626,23497,3,0,3,75.28199,-200.16922,-60.472404,107.937225,180.6907,-0.16732012,-0.17252026,0.31506714,849965,0,178,0.017487105,968
3000101000040,23000000000199,3000101000050,3000101000000,23,4.1794686,3000101000041,3000101000051,3000101000039,3000101000040,-1,193,13.942638,13.770508,14.286901,1419,30.947592,4.6244473,27.879663,23497,3,0,3,86.032936,-199.93718,-62.044357,98.03645,164.05795,-0.033637773,0.042546835,0.11630147,849998,0,199,0.014221439,607
3000101000041,22000000000191,3000101000049,3000101000000,22,4.5195556,3000101000042,3000101000050,3000101000040,3000101000041,-1,146,10.069683,10.069683,11.102471,1419,30.909832,4.7554946,27.916962,23497,3,0,3,99.15164,-204.13466,-58.864014,89.67104,148.94026,-0.09156941,-0.11166422,0.016271316,850076,0,191,0.013384181,492
3000101000042,21000000000191,3000101000049,3000101000000,21,4.888449,3000101000043,-1,3000101000041,3000101000042,-1,120,9.811486,9.811486,9.8975525,1419,30.869762,4.8736043,27.963787,23497,3,0,3,81.61914,-198.93494,-57.07893,92.24824,152.79129,-0.051757023,0.013880741,-0.014646105,849853,0,191,0.010254676,801
3000101000043,20000000000156,3000101000049,3000101000000,20,5.2888336,3000101000044,-1,3000101000042,3000101000043,-1,105,9.122961,9.122961,9.467224,1419,30.829273,4.9660897,27.98882,23499,3,0,3,80.30412,-186.0501,-57.13101,99.936646,163.65147,-0.004569376,-0.02274414,-0.038751036,849853,0,156,0.007854056,39
3000101000044,19000000000090,3000101000049,3000101000000,19,5.7238646,3000101000045,-1,3000101000043,3000101000044,-1,102,7.659845,7.659845,7.831976,1419,30.783253,5.0529547,28.008923,23499,3,0,3,75.19429,-175.34572,-51.412148,94.07616,154.56894,-0.027478805,-0.038648136,-0.04275652,849858,0,90,0.008424349,646
3000101000045,18000000000111,3000101000049,3000101000000,18,6.1968336,3000101000046,-1,3000101000044,3000101000045,-1,75,5.4221373,5.4221373,5.680334,1419,30.748934,5.172295,28.047855,23499,3,0,3,65.15474,-165.80258,-49.969303,77.37244,134.395,-0.081233636,-0.05859205,-0.01969664,849970,0,111,0.008172749,521
3000101000046,17000000000115,3000101000049,3000101000000,17,6.7115865,3000101000047,-1,3000101000045,3000101000046,-1,53,3.6147583,3.6147583,3.6147583,1419,30.714046,5.236896,28.075415,23499,3,0,3,77.459145,-172.66875,-51.359154,68.269005,120.3589,-0.04801946,-0.012753208,-0.06352189,849858,0,115,0.008163633,260
3000101000047,16000000000169,3000101000049,3000101000000,16,7.272188,3000101000048,-1,3000101000046,3000101000047,-1,33,2.6680357,2.6680357,2.840167,1419,30.676409,5.3397717,28.092852,23499,3,0,3,58.19897,-164.45663,-44.296734,77.03545,133.13925,0.0051559475,0.06825435,0.011235151,849996,0,169,0.0049714046,615
3000101000048,15000000000105,3000101000049,3000101000000,15,7.8832035,3000101000049,-1,3000101000047,3000101000048,-1,32,2.5819702,2.5819702,2.6680357,1419,30.657494,5.388212,28.118114,23499,3,0,3,61.226303,-152.0048,-33.35939,77.38638,137.04965,-0.025541816,0.021467209,-0.0054365257,849996,0,105,0.0037038857,693
3000101000049,14000000000074,3000101000049,3000101000000,14,8.549912,-1,-1,3000101000048,3000101000049,-1,27,1.6352477,1.6352477,1.8934448,1419,30.6458,5.4406924,28.133955,23499,3,0,3,53.938118,-142.4905,-34.812817,63.4311,105.14136,-0.028568078,0.013773475,0.0035385403,850081,0,74,0.0050642476,920
3000101000050,22000000001895,3000101000050,3000101000000,22,4.5195556,-1,-1,3000101000040,3000101000050,-1,21,0.0,0.0,0.0,1419,31.08969,4.6039805,27.917488,23497,3,0,3,-10.943726,-110.80436,-91.49157,38.731636,63.192852,0.13010556,0.19054727,0.190879,851692,0,1895,0.012625977,319
3000101000051,23000000001860,3000101000055,3000101000000,23,4.1794686,3000101000052,-1,3000101000039,3000101000051,-1,24,1.2909851,1.2909851,1.549182,1419,31.228945,4.4587116,27.83429,23497,3,0,3,10.910457,-105.145454,-5.239305,42.19252,75.79708,0.013866411,0.08841828,-0.026298506,851688,0,1860,0.010956531,153
3000101000052,22000000001993,3000101000055,3000101000000,22,4.5195556,3000101000053,-1,3000101000051,3000101000052,-1,22,0.86065674,0.86065674,0.86065674,1419,31.162039,4.5007305,27.840508,23497,3,0,3,18.891413,-111.00932,-7.5726743,46.497505,71.215485,0.006392754,0.12783997,0.021184126,851689,0,1993,0.010791382,486
3000101000053,21000000001277,3000101000055,3000101000000,21,4.888449,3000101000054,-1,3000101000052,3000101000053,-1,29,1.9795104,1.9795104,1.9795104,1419,31.18496,4.5762024,27.847559,23497,3,0,3,25.713217,-106.43466,-9.058579,53.913357,92.48475,0.013391586,0.06088513,-0.0072168396,851620,0,1277,0.0066651623,251
3000101000054,20000000001150,3000101000055,3000101000000,20,5.2888336,3000101000055,-1,3000101000053,3000101000054,-1,27,2.2377074,2.2377074,2.2377074,1419,31.168621,4.6368775,27.84157,23497,3,0,3,29.61407,-101.91626,-5.3367352,56.603848,99.36452,0.03754294,0.028155781,-0.0126326755,851687,0,1150,0.005940896,22
3000101000055,19000000001138,3000101000055,3000101000000,19,5.7238646,-1,-1,3000101000054,3000101000055,-1,22,1.7213135,1.7213135,1.7213135,1419,31.175333,4.6808734,27.84421,23497,3,0,3,22.744709,-109.32926,-11.9787245,56.4582,97.66478,-0.0019100596,-0.009282881,-0.014351614,851687,0,1138,0.005858478,543
3000101000056,30000000000147,3000101000077,3000101000000,30,2.422044,3000101000057,-1,3000101000032,3000101000033,-1,654,0.0,0.0,0.0,1460,31.08621,3.5981953,27.437532,23387,3,0,3,187.38673,-130.62207,57.157295,125.33462,201.904,1.1248761,0.97624385,-0.19763713,848534,0,147,0.030564528,321
3000101000057,29000000000238,3000101000075,3000101000000,29,2.6188614,3000101000058,3000101000076,3000101000056,3000101000057,3000101000079,521,48.196777,47.077923,49.573826,1460,30.962719,3.6493943,27.387434,23387,3,0,3,192.16551,-124.4125,64.08607,118.14869,191.90237,1.1022207,0.6133279,0.12061756,848496,0,238,0.029012231,159
3000101000058,28000000000217,3000101000075,3000101000000,28,2.8311827,3000101000059,-1,3000101000057,3000101000058,3000101000080,449,36.40578,35.975452,37.18037,1460,30.833525,3.7246134,27.347828,23387,3,0,3,178.93047,-119.04553,61.630825,114.632545,186.13132,1.216871,0.30663824,0.019288274,848538,0,217,0.026174879,329
3000101000059,27000000000264,3000101000075,3000101000000,27,3.060419,3000101000060,-1,3000101000058,3000101000059,-1,322,28.401672,28.143475,28.918066,1465,30.732704,3.7846532,27.315825,23167,3,0,3,170.59598,-93.58227,63.246002,111.66143,180.66104,0.94400924,0.28250712,0.39093086,848601,0,264,0.020266782,530
3000101000060,26000000000269,3000101000075,3000101000000,26,3.3080978,3000101000061,-1,3000101000059,3000101000060,-1,273,22.032812,21.86068,22.549206,1465,30.645988,3.853528,27.258286,23167,3,0,3,157.02092,-99.164795,51.853104,106.11756,163.68515,0.943012,0.23106849,0.3604619,848534,0,269,0.020158133,786
3000101000061,25000000000238,3000101000068,3000101000000,25,3.575905,3000101000062,3000101000069,3000101000060,3000101000061,3000101000069,53,12.479523,12.307391,14.631165,1465,30.592173,3.905315,27.181967,23167,3,0,3,127.58996,-76.96996,86.44622,67.15866,112.08525,0.0060841413,-0.10506099,0.08909673,848605,0,238,0.009347451,676
3000101000062,24000000000240,3000101000068,3000101000000,24,3.8656828,3000101000063,-1,3000101000061,3000101000062,3000101000070,169,10.413946,9.811486,10.500011,1414,30.514324,3.9587393,27.128756,23277,3,0,3,128.9582,-85.99192,68.75519,79.636185,133.50493,0.41983154,0.07603992,0.25814983,848311,0,240,0.018289052,692
3000101000063,23000000000361,3000101000068,3000101000000,23,4.1794686,3000101000064,-1,3000101000062,3000101000063,-1,115,8.606567,8.434436,9.036896,1414,30.436401,4.008446,27.104391,23277,3,0,3,113.244354,-66.11728,68.30499,83.73591,135.86986,0.08254497,-0.05839677,0.07434412,848311,0,361,0.012340007,960
3000101000064,22000000000355,3000101000068,3000101000000,22,4.5195556,3000101000065,-1,3000101000063,3000101000064,-1,91,7.573779,7.573779,7.659845,1414,30.373821,4.036976,27.103762,23277,3,0,3,106.773155,-62.68821,54.88328,82.51364,131.1585,0.0853227,-0.0071273753,0.102059305,848496,0,355,0.011012582,713
3000101000065,21000000000445,3000101000068,3000101000000,21,4.888449,3000101000066,-1,3000101000064,3000101000065,-1,67,5.3360715,5.3360715,5.594269,1414,30.325085,4.0669956,27.083961,23277,3,0,3,104.87138,-76.58323,53.17406,70.72812,125.277596,0.0020805215,-0.047911543,0.08920404,848536,0,445,0.008791201,289
3000101000066,20000000000346,3000101000068,3000101000000,20,5.2888336,3000101000067,-1,3000101000065,3000101000066,-1,63,4.8196774,4.8196774,4.8196774,1414,30.258331,4.1165576,27.044188,23276,3,0,3,99.33098,-67.15371,50.97028,70.328125,120.17949,0.07544782,0.033411536,0.09839083,848605,0,346,0.009257704,455
3000101000067,19000000000323,3000101000068,3000101000000,19,5.7238646,3000101000068,-1,3000101000066,3000101000067,-1,52,2.9262328,2.9262328,3.098364,1414,30.211145,4.1624384,27.002178,23276,3,0,3,105.53201,-69.19965,48.99653,60.293663,104.636,0.0067225546,-0.07613893,0.13392739,848605,0,323,0.010502639,884
3000101000068,18000000000453,3000101000068,3000101000000,18,6.1968336,-1,-1,3000101000067,3000101000068,-1,33,1.7213135,1.7213135,1.8073791,1414,30.15198,4.2055116,26.971441,23276,3,0,3,96.21856,-55.353027,63.636715,53.57833,92.82683,0.071796685,0.003896873,0.12257827,848311,0,453,0.008202252,375
3000101000069,25000000000237,3000101000075,3000101000000,25,3.575905,3000101000070,-1,3000101000060,3000101000061,-1,150,0.0,0.0,0.0,1465,30.522106,3.879862,27.28418,23167,3,0,3,167.48486,-125.044205,23.09604,80.90176,123.06278,0.5134801,0.029886996,0.16688748,848449,0,237,0.019061672,374
3000101000070,24000000000241,3000101000075,3000101000000,24,3.8656828,3000101000071,-1,3000101000069,3000101000062,-1,23,0.0,0.0,0.0,1414,30.396341,3.9341378,27.315992,23277,3,0,3,201.01097,-132.42708,-19.082092,53.116943,79.02086,0.17630279,0.09457001,0.0666191,848383,0,241,0.008134922,372
3000101000071,23000000000911,3000101000075,3000101000000,23,4.1794686,3000101000072,-1,3000101000070,3000101000071,-1,52,3.3565612,3.3565612,3.9590209,1419,30.300707,4.019461,27.356108,23497,3,0,3,166.48285,-135.65926,-9.936337,58.489273,95.25918,0.108271666,-0.11404614,0.08483945,848375,0,911,0.013406301,945
3000101000072,22000000000604,3000101000075,3000101000000,22,4.5195556,3000101000073,-1,3000101000071,3000101000072,-1,60,3.5286925,3.5286925,3.7008238,1414,30.202179,4.1103854,27.339884,23276,3,0,3,149.29498,-128.56096,5.9151893,60.389637,102.326996,0.13266523,-0.12058544,0.07962839,848384,0,604,0.011407784,331
3000101000073,21000000000678,3000101000075,3000101000000,21,4.888449,3000101000074,-1,3000101000072,3000101000073,-1,47,3.18443,3.18443,3.3565612,1414,30.138252,4.1863623,27.337555,23276,3,0,3,144.7422,-116.16617,1.0274614,68.5201,112.97146,0.16959937,-0.06624138,0.14748985,852205,0,678,0.0070785205,81
3000101000074,20000000000703,3000101000075,3000101000000,20,5.2888336,3000101000075,-1,3000101000073,3000101000074,-1,36,1.8934448,1.8934448,2.4098387,1414,30.07378,4.2337236,27.32664,23276,3,0,3,128.31827,-125.720345,-4.65854,53.024967,90.87184,0.17767864,0.05077261,0.04237486,848527,0,703,0.009864711,798
3000101000075,19000000001071,3000101000075,3000101000000,19,5.7238646,-1,-1,3000101000074,3000101000075,-1,23,1.2909851,1.2909851,1.2909851,1414,30.01967,4.2651806,27.332653,23276,3,0,3,113.30653,-93.51555,-1.98681,47.085022,85.86944,0.1463058,-0.004723197,-0.08277225,848384,0,1071,0.0060238466,503
3000101000076,28000000003608,3000101000077,3000101000000,28,2.8311827,3000101000077,-1,3000101000056,3000101000076,-1,21,0.516394,0.516394,0.516394,14964,31.330605,3.6902075,27.250383,51254,3,0,3,0.4696611,-61.473534,33.31767,39.406574,51.67218,0.23982312,-0.019228645,0.23141974,848964,0,3608,0.017739665,203
3000101000077,27000000003277,3000101000077,3000101000000,27,3.060419,-1,-1,3000101000076,3000101000077,-1,21,1.3770508,1.2909851,1.3770508,14964,31.284422,3.724468,27.23722,51254,3,0,3,13.71459,-64.40955,24.956533,44.898552,61.768585,0.2370009,-0.034878448,0.23603377,848964,0,3277,0.011773244,561
3000101000078,31000000000141,3000101000088,3000101000000,31,2.2394855,3000101000079,3000101000089,3000101000031,3000101000032,-1,21,0.0,0.0,0.0,1460,31.164566,3.5042822,27.404934,23387,3,0,3,151.83588,39.258274,-40.27496,55.227524,94.711235,0.012972792,-0.08626323,0.010452084,849877,0,141,0.0051955683,328
3000101000079,29000000000239,3000101000088,3000101000000,29,2.6188614,3000101000080,-1,3000101000078,3000101000057,-1,25,0.0,0.0,0.0,1460,31.071148,3.6292217,27.503036,23387,3,0,3,111.555824,-232.88153,-73.78178,47.736595,87.17884,0.03749642,-0.09293859,-0.009884131,849877,0,239,0.007111389,740
3000101000080,28000000000218,3000101000088,3000101000000,28,2.8311827,3000101000081,-1,3000101000079,3000101000058,-1,37,0.0,0.0,0.0,1460,31.00441,3.7682624,27.53593,23387,3,0,3,148.121,-250.37347,-37.243088,52.791122,94.31218,0.053444788,-0.0756658,-0.08968971,849877,0,218,0.008267045,873
3000101000081,27000000001081,3000101000088,3000101000000,27,3.060419,3000101000082,-1,3000101000080,3000101000081,-1,69,4.5614805,4.3893495,4.991809,1419,30.900614,3.9150982,27.560266,23497,3,0,3,168.86273,-250.77557,-27.63989,57.84171,97.0011,0.049605098,-0.10749567,0.14945148,854259,0,1081,0.01580073,826
3000101000082,26000000001161,3000101000088,3000101000000,26,3.3080978,3000101000083,-1,3000101000081,3000101000082,-1,61,4.733612,4.5614805,4.905743,1419,30.798403,4.0468564,27.550022,23497,3,0,3,157.44955,-237.71971,-6.474968,58.386005,98.59454,0.010893203,-0.14012833,0.12963425,849872,0,1161,0.012898886,173
3000101000083,25000000001038,3000101000088,3000101000000,25,3.575905,3000101000084,-1,3000101000082,3000101000083,-1,61,4.3032837,4.131152,4.8196774,1419,30.695786,4.1677985,27.543158,23497,3,0,3,153.48901,-223.15176,-3.8256502,56.99412,100.057526,0.023348298,-0.08870766,0.096425414,854259,0,1038,0.013748493,826
3000101000084,24000000001121,3000101000088,3000101000000,24,3.8656828,3000101000085,-1,3000101000083,3000101000084,-1,51,3.442627,3.442627,4.131152,1419,30.586466,4.280695,27.517786,23497,3,0,3,140.6909,-213.92026,-1.9539793,57.17337,109.92642,0.050874215,-0.036862556,0.05052843,849877,0,1121,0.013537914,992
3000101000085,23000000001033,3000101000088,3000101000000,23,4.1794686,3000101000086,-1,3000101000084,3000101000085,-1,49,3.18443,3.18443,3.442627,1419,30.522938,4.395986,27.515158,23497,3,0,3,133.84755,-210.03745,4.044866,58.087097,95.39196,-0.08504107,-0.054106288,0.16349983,849872,0,1033,0.010879691,748
3000101000086,22000000001085,3000101000088,3000101000000,22,4.5195556,3000101000087,-1,3000101000085,3000101000086,-1,39,2.4959044,2.4959044,2.4959044,1419,30.438929,4.5097165,27.530396,23497,3,0,3,132.09512,-188.83362,3.2884362,55.11179,91.55365,0.05515023,-0.13770163,0.19109772,849877,0,1085,0.00980297,532
3000101000087,21000000001372,3000101000088,3000101000000,21,4.888449,3000101000088,-1,3000101000086,3000101000087,-1,26,1.3770508,1.3770508,1.3770508,1419,30.395481,4.5811443,27.542711,23497,3,0,3,126.481766,-192.68135,2.9406114,46.37499,77.345665,0.028250553,-0.09644259,0.09515348,854261,0,1372,0.009075733,637
3000101000088,20000000001322,3000101000088,3000101000000,20,5.2888336,-1,-1,3000101000087,3000101000088,-1,23,1.549182,1.549182,1.549182,1419,30.297977,4.681645,27.536203,23497,3,0,3,125.40171,-182.548,-1.6441257,49.38653,81.15522,-0.028384265,-0.13637032,0.09148182,854261,0,1322,0.008927573,511
3000101000089,31000000000140,3000101000094,3000101000000,31,2.2394855,3000101000090,3000101000095,3000101000031,3000101000032,3000101000078,23,0.0,0.0,0.0,1460,30.933836,3.3187456,27.3966,23387,3,0,3,225.61584,84.379364,132.58105,34.586304,62.884907,-0.028179947,-0.016615663,0.06686143,879832,0,140,0.013917993,281
3000101000090,30000000002451,3000101000094,3000101000000,30,2.422044,3000101000091,-1,3000101000089,3000101000090,-1,39,2.1516418,1.8934448,2.1516418,1465,30.806734,3.2806513,27.337702,23167,3,0,3,185.96017,60.292114,116.94556,36.999165,67.242035,-0.0968414,0.073933505,0.22623397,879820,0,2451,0.01637262,788
3000101000091,29000000002500,3000101000094,3000101000000,29,2.6188614,3000101000092,-1,3000101000090,3000101000091,-1,36,2.2377074,2.065576,2.3237731,1465,30.71668,3.2694461,27.268791,23167,3,0,3,165.01141,43.959793,106.64934,40.739605,71.18018,-0.16864619,0.084709525,0.16845044,879528,0,2500,0.017294647,980
3000101000092,28000000002835,3000101000094,3000101000000,28,2.8311827,3000101000093,-1,3000101000091,3000101000092,-1,29,2.4098387,2.4098387,2.4959044,1465,30.616623,3.2198324,27.193443,23167,3,0,3,157.61638,34.164974,103.37187,44.820045,76.14851,-0.0775128,0.02788945,0.0073579624,879718,0,2835,0.011068689,222
3000101000093,27000000002650,3000101000094,3000101000000,27,3.060419,3000101000094,-1,3000101000092,3000101000093,-1,29,1.8934448,1.8934448,1.8934448,1465,30.514452,3.1792898,27.131725,23167,3,0,3,151.76424,28.497416,97.41397,43.0555,73.610916,-0.05822792,-0.0027463064,-0.014283531,879820,0,2650,0.012354946,807
3000101000094,26000000003092,3000101000094,3000101000000,26,3.3080978,-1,-1,3000101000093,3000101000094,-1,23,1.2909851,1.2909851,1.549182,1465,30.426617,3.1540644,27.079319,23167,3,0,3,138.22366,24.839346,86.24082,43.7877,66.20679,-0.06383208,0.05299322,0.0672255,879820,0,3092,0.010968638,142
3000101000095,31000000000139,3000101000095,3000101000000,31,2.2394855,-1,-1,3000101000031,3000101000032,3000101000089,88,0.0,0.0,0.0,1460,31.249577,3.5215197,27.461182,23387,3,0,3,276.5167,-153.1404,69.729515,89.77688,131.76503,-0.13016133,0.12607387,0.06999241,848536,0,139,0.010661835,619
3000101000096,32000000000161,3000101000096,3000101000000,32,2.0700274,-1,-1,3000101000030,3000101000031,-1,20,0.0,0.0,0.0,14923,31.405352,3.395055,27.512823,51474,3,0,3,169.72665,-251.91847,-37.658833,49.57179,85.1123,-0.059649892,0.12632583,0.041652013,851905,0,161,0.0065054083,10
3000101000097,33000000000150,3000101000097,3000101000000,33,1.9126327,-1,-1,3000101000029,3000101000030,-1,64,0.0,0.0,0.0,14923,31.320541,3.2814202,27.423347,51474,3,0,3,100.61245,-209.33365,-35.764084,70.71701,106.67931,0.052553296,-0.11184203,0.06666787,849994,0,150,0.011286578,493
3000101000098,35000300000493,3000101000108,3000101000000,35,1.6302707,3000101000099,-1,3000101000027,3000101000028,-1,26,0.0,0.0,0.0,14923,31.874008,3.1527727,27.358568,51474,3,0,3,-150.25337,-232.24045,35.857883,46.377003,86.23483,0.017099444,-0.09328798,-0.0149711855,8961067,3,493,0.008339108,422
3000101000099,34000000000173,3000101000108,3000101000000,34,1.766336,3000101000100,-1,3000101000098,3000101000029,-1,31,0.0,0.0,0.0,14964,31.9232,3.2801337,27.34336,51254,3,0,3,-86.596436,-226.77377,13.822363,42.20554,77.24258,-0.060438227,-0.07196614,-0.008574145,8961067,0,173,0.010264828,113
3000101000100,33000300003907,3000101000108,3000101000000,33,1.9126327,3000101000101,-1,3000101000099,3000101000100,-1,39,2.7541015,2.2377074,2.840167,14964,31.96133,3.421537,27.335657,51254,3,0,3,-56.68603,-212.73293,11.774839,37.63293,70.860596,-0.12192337,-0.11968379,-0.09486469,8991499,3,3907,0.017031416,117
3000101000101,32000300003868,3000101000108,3000101000000,32,2.0700274,3000101000102,-1,3000101000100,3000101000101,-1,38,2.5819702,2.4959044,2.6680357,14923,31.998812,3.5324063,27.363522,51474,3,0,3,-30.34429,-205.0276,10.325189,36.975758,67.53831,-0.12514085,-0.15695274,-0.03089209,8961120,3,3868,0.018317366,16
3000101000102,31000300004289,3000101000108,3000101000000,31,2.2394855,3000101000103,-1,3000101000101,3000101000102,-1,33,2.4098387,2.4098387,2.4098387,14964,32.003304,3.6244843,27.341354,51254,3,0,3,-15.1462145,-193.84544,6.4233613,43.466362,80.8892,-0.061263856,-0.088777095,-0.043283153,8991459,3,4289,0.010557369,818
3000101000103,30000300004495,3000101000108,3000101000000,30,2.422044,3000101000104,-1,3000101000102,3000101000103,-1,28,2.065576,2.065576,2.065576,14964,32.013103,3.7321854,27.310404,51254,3,0,3,-8.810412,-184.94026,8.294876,38.103615,71.77213,-0.13401079,-0.09288616,-0.038088143,8991452,3,4495,0.0114805885,650
3000101000104,29000300004020,3000101000108,3000101000000,29,2.6188614,3000101000105,-1,3000101000103,3000101000104,-1,31,1.9795104,1.9795104,2.7541015,14964,32.01342,3.8577232,27.31894,51254,3,0,3,4.966953,-171.42516,-2.6939352,35.43739,68.791504,-0.081991546,-0.038780045,-0.10564939,8961067,3,4020,0.012609055,371
3000101000105,28000300003852,3000101000108,3000101000000,28,2.8311827,3000101000106,-1,3000101000104,3000101000105,-1,32,2.840167,2.5819702,2.840167,14969,32.011467,3.967411,27.334465,51364,3,0,3,12.448414,-162.61871,1.3133636,43.436214,80.376175,-0.071363114,-0.009033402,-0.05242646,8961067,3,3852,0.012466905,886
3000101000106,27000300003924,3000101000108,3000101000000,27,3.060419,3000101000107,-1,3000101000105,3000101000106,-1,30,2.6680357,2.6680357,2.6680357,14969,31.9915,4.047827,27.332027,51364,3,0,3,18.70786,-153.45554,-3.5424268,57.110424,95.45053,-0.0488628,0.0061246282,-0.03863297,8961095,3,3924,0.006901204,733
3000101000107,26000300003476,3000101000108,3000101000000,26,3.3080978,3000101000108,-1,3000101000106,3000101000107,-1,32,2.7541015,2.7541015,2.7541015,14918,31.979012,4.126365,27.350605,51584,3,0,3,20.441418,-138.26949,-2.670809,51.203197,87.14981,-0.018787446,0.021963608,-0.021454241,8961108,3,3476,0.009525063,952
3000101000108,25000300003897,3000101000108,3000101000000,25,3.575905,-1,-1,3000101000107,3000101000108,-1,26,1.9795104,1.9795104,1.9795104,14918,31.974749,4.1969438,27.363613,51584,3,0,3,16.032545,-134.86334,-15.352137,43.285378,74.04088,0.006104768,0.024823124,-0.10098195,8961095,3,3897,0.010204594,421
3000101000109,36000300001003,3000101000109,3000101000000,36,1.5036365,-1,-1,3000101000026,3000101000281,-1,20,0.0,0.0,0.0,14923,32.153473,3.1001642,27.52218,51474,3,0,3,395.43475,-271.37677,-69.43243,29.517815,57.810406,0.11662589,-0.11870636,0.0016422463,879832,3,1003,0.018371306,586
3000101000110,40000300005678,3000101000110,3000101000000,40,1.0778745,-1,-1,3000101000021,3000101000110,-1,21,1.7213135,1.6352477,1.7213135,14964,32.71343,2.6174297,27.243885,51253,3,0,3,146.42668,-169.11166,-140.27724,26.394054,49.40634,-0.08920405,0.12181986,0.081841834,879520,3,5678,0.017432496,115
3000101000111,42000300000610,3000101000126,3000101000000,42,0.9054624,3000101000112,-1,3000101000020,3000101000021,3000101000451,24,0.0,0.0,0.0,14964,32.1559,2.3359635,27.324425,51252,3,0,3,475.45337,-86.50918,-132.24605,38.668274,71.28242,0.07104134,0.072660655,-0.0841965,876575,3,610,0.010519511,911
3000101000112,41000300000560,3000101000126,3000101000000,41,0.98870814,3000101000113,-1,3000101000111,3000101000022,3000101000452,24,0.0,0.0,0.0,14923,31.931316,2.396823,27.41266,51472,3,0,3,369.8464,-166.90959,-192.23221,43.692005,79.26442,0.0066763386,0.104914084,-0.057425287,851574,3,560,0.008333012,145
3000101000113,40000300000477,3000101000126,3000101000000,40,1.0778745,3000101000114,-1,3000101000112,3000101000023,3000101000155,38,0.0,0.0,0.0,14923,31.766624,2.4825802,27.522488,51472,3,0,3,291.53616,-170.2864,-187.71526,36.05582,66.36416,-0.019033073,-0.078452766,0.04347409,851574,3,477,0.01967054,410
3000101000114,39000300000502,3000101000126,3000101000000,39,1.173417,3000101000115,-1,3000101000113,3000101000024,3000101000134,24,0.0,0.0,0.0,14923,31.63766,2.5660527,27.624535,51472,3,0,3,232.81456,-162.231,-175.18509,28.509138,55.64909,-0.029101418,-0.0068252827,0.0075973547,876584,3,502,0.020491084,533
3000101000115,38000300000523,3000101000126,3000101000000,38,1.2758462,3000101000116,-1,3000101000114,3000101000025,3000101000135,31,0.0,0.0,0.0,14923,31.53131,2.6616225,27.707077,51472,3,0,3,172.329,-141.85382,-163.65555,33.36624,62.27084,-0.06294923,0.053618114,0.03268948,851538,3,523,0.016750261,10
3000101000116,37000300003046,3000101000126,3000101000000,37,1.3857181,3000101000117,-1,3000101000115,3000101000116,-1,41,2.6680357,2.5819702,2.6680357,14923,31.430729,2.7422147,27.78692,51472,3,0,3,127.23169,-135.70627,-148.51282,36.264954,73.01625,0.028004395,-0.03945822,-0.11734762,876584,3,3046,0.019777168,115
3000101000117,36000300004404,3000101000126,3000101000000,36,1.5036365,3000101000118,-1,3000101000116,3000101000117,-1,33,2.7541015,2.6680357,2.7541015,14923,31.358376,2.8007624,27.868128,51472,3,0,3,100.64822,-127.82515,-131.50572,32.10514,64.79442,-0.011122483,0.06153504,0.08746269,876584,3,4404,0.018446475,448
3000101000118,35000300003918,3000101000126,3000101000000,35,1.6302707,3000101000119,-1,3000101000117,3000101000118,-1,36,2.7541015,2.065576,2.840167,14923,31.335775,2.8680286,27.93073,51472,3,0,3,73.94135,-124.696846,-114.40646,32.383495,58.138157,-0.0017022497,0.038861442,0.07917621,851967,3,3918,0.023165176,552
3000101000119,34000000003022,3000101000126,3000101000000,34,1.766336,3000101000120,-1,3000101000118,3000101000119,-1,34,1.6352477,1.4631164,2.1516418,14923,31.286283,2.9354777,27.991236,51474,3,0,3,61.10925,-121.1482,-95.01557,33.113537,64.92996,0.015543961,0.12121393,0.09966854,851967,0,3022,0.023389727,261
3000101000120,33000000002639,3000101000126,3000101000000,33,1.9126327,3000101000121,-1,3000101000119,3000101000120,-1,39,2.6680357,2.1516418,2.6680357,14923,31.257694,3.0148408,28.039398,51474,3,0,3,52.297863,-110.27804,-72.21221,35.71132,64.099976,0.079494596,0.21101107,0.08775363,851537,0,2639,0.020631632,118
3000101000121,32000000002711,3000101000126,3000101000000,32,2.0700274,3000101000122,-1,3000101000120,3000101000121,-1,37,2.2377074,1.8934448,2.2377074,1460,31.221922,3.1048014,28.073399,23387,3,0,3,42.711945,-101.83853,-55.903233,39.75382,70.910065,0.146054,0.14257453,0.0480483,876584,0,2711,0.020203572,617
3000101000122,31000000002406,3000101000126,3000101000000,31,2.2394855,3000101000123,-1,3000101000121,3000101000122,-1,42,2.4959044,2.4959044,2.5819702,1460,31.198523,3.146066,28.106552,23387,3,0,3,38.88837,-97.92528,-38.33311,39.4995,72.20825,0.11993948,0.13309243,0.027741442,851570,0,2406,0.017189082,816
3000101000123,30000000002754,3000101000126,3000101000000,30,2.422044,3000101000124,-1,3000101000122,3000101000123,-1,32,1.7213135,1.549182,1.7213135,1460,31.149334,3.216227,28.1217,23387,3,0,3,31.285547,-87.564804,-17.467665,38.674255,63.828392,0.121819764,0.051306825,-0.11111427,876584,0,2754,0.016309738,90
3000101000124,29000000002322,3000101000126,3000101000000,29,2.6188614,3000101000125,-1,3000101000123,3000101000124,-1,34,2.4098387,2.3237731,2.4959044,1460,31.136702,3.2257977,28.134626,23387,3,0,3,32.455746,-81.31409,-5.495862,41.281616,68.85421,0.062138468,0.08026443,-0.16875754,851570,0,2322,0.016882362,277
3000101000125,28000000002336,3000101000126,3000101000000,28,2.8311827,3000101000126,-1,3000101000124,3000101000125,-1,32,1.4631164,1.3770508,1.4631164,1460,31.144354,3.2469797,28.145344,23387,3,0,3,34.337177,-77.06813,7.0327115,37.242924,62.633663,0.01659438,0.01281474,-0.22043733,851569,0,2336,0.01632947,800
3000101000126,27000000003042,3000101000126,3000101000000,27,3.060419,-1,-1,3000101000125,3000101000126,-1,20,0.0,0.0,0.0,1460,31.137877,3.2679605,28.145826,23387,3,0,3,35.535408,-68.40877,-6.323747,31.074717,49.398594,-0.026683182,0.03400463,-0.052008215,876584,0,3042,0.020823423,769
3000101000127,44000300003894,3000101000128,3000101000000,44,0.75503564,3000101000128,3000101000129,3000101000018,3000101000127,-1,20,1.8934448,1.6352477,1.8073791,14964,32.85607,2.3320487,27.042109,51253,3,0,3,-37.96127,-125.94919,-42.779125,24.06333,48.45995,-0.05708883,0.17320329,0.20348118,879720,3,3894,0.021373134,361
3000101000128,43000300004423,3000101000128,3000101000000,43,0.8276991,-1,-1,3000101000127,3000101000128,-1,20,1.8073791,1.7213135,1.7213135,14964,32.861958,2.3835673,27.069057,51253,3,0,3,8.749412,-130.5235,-78.809456,30.107935,56.244305,-0.07271651,0.15943162,0.17865822,879720,3,4423,0.014557204,914
3000101000129,44000300000545,3000101000150,3000101000000,44,0.75503564,3000101000130,3000101000151,3000101000018,3000101000019,3000101000449,21,0.0,0.0,0.0,14922,32.40457,1.7894866,27.506561,51459,3,0,3,247.50606,-148.44753,-67.59766,28.303009,62.93561,0.013369639,-0.0032233344,0.22978857,8961187,3,545,0.010585758,953
3000101000130,43000300000623,3000101000150,3000101000000,43,0.8276991,3000101000131,-1,3000101000129,3000101000020,3000101000152,22,0.0,0.0,0.0,14922,32.28184,1.8944612,27.54106,51459,3,0,3,248.60649,-202.8564,-65.41004,27.141657,62.200077,-0.03038177,-0.011087198,0.051728725,8961187,3,623,0.014170359,729
3000101000131,42000300000612,3000101000150,3000101000000,42,0.9054624,3000101000132,-1,3000101000130,3000101000021,-1,22,0.0,0.0,0.0,14923,32.159386,2.0088239,27.571573,51472,3,0,3,245.06326,-248.37823,-50.437805,34.37219,73.44631,0.0325354,-0.11367787,0.06936237,8961185,3,612,0.008234005,829
3000101000132,41000300003046,3000101000150,3000101000000,41,0.98870814,3000101000133,-1,3000101000131,3000101000132,-1,27,3.7008238,2.4098387,3.6147583,14923,32.037476,2.1333263,27.595451,51472,3,0,3,244.89835,-291.64572,-30.326752,30.85834,66.74647,-0.024117436,-0.02167488,-0.27412176,8991386,3,3046,0.016443705,461
3000101000133,40000300000479,3000101000150,3000101000000,40,1.0778745,3000101000134,-1,3000101000132,3000101000023,3000101000481,26,0.0,0.0,0.0,14923,31.915888,2.2949734,27.601194,51472,3,0,3,222.90167,-337.8357,-5.0197964,31.646667,67.92026,0.1561485,-0.12122232,-0.15694231,8991391,3,479,0.015221376,744
3000101000134,39000300000503,3000101000150,3000101000000,39,1.173417,3000101000135,-1,3000101000133,3000101000024,-1,24,0.0,0.0,0.0,14923,31.81368,2.5008273,27.597546,51472,3,0,3,199.2099,-385.2514,26.338446,34.496407,71.32697,0.03499805,-0.10877683,-0.023443049,8961187,3,503,0.011630941,761
3000101000135,38000300000524,3000101000150,3000101000000,38,1.2758462,3000101000136,-1,3000101000134,3000101000025,-1,22,0.0,0.0,0.0,14923,31.705744,2.724912,27.569162,51472,3,0,3,141.16371,-422.02478,63.17873,34.347168,75.05626,0.09185201,-0.04531772,0.047899894,8961187,3,524,0.010832618,490
3000101000136,37000300000516,3000101000150,3000101000000,37,1.3857181,3000101000137,-1,3000101000135,3000101000026,-1,20,0.0,0.0,0.0,14923,31.658598,2.9428728,27.5194,51474,3,0,3,39.849247,-393.9754,139.06372,35.97429,75.11563,-0.07823003,-0.0035484293,-0.0060751387,8991390,3,516,0.008296748,220
3000101000137,36000300000529,3000101000150,3000101000000,36,1.5036365,3000101000138,-1,3000101000136,3000101000027,-1,28,0.0,0.0,0.0,14923,31.688923,3.13867,27.422668,51474,3,0,3,-84.41773,-241.17651,168.3036,45.22284,84.51022,0.058347046,-0.12969634,0.055265147,8991390,3,529,0.00908104,261
3000101000138,35000300000492,3000101000150,3000101000000,35,1.6302707,3000101000139,-1,3000101000137,3000101000028,3000101000098,42,0.0,0.0,0.0,14964,31.737635,3.2366455,27.326422,51254,3,0,3,-119.76536,-109.616684,133.04616,47.67001,85.207344,-0.04283268,-0.04720339,0.018655859,8991391,3,492,0.012415747,236
3000101000139,34000000000172,3000101000150,3000101000000,34,1.766336,3000101000140,-1,3000101000138,3000101000029,3000101000099,38,0.0,0.0,0.0,14964,31.786015,3.288071,27.27299,51254,3,0,3,-92.73075,-53.848843,81.53066,43.53018,78.246704,-0.11404094,-0.0844127,-0.06712483,8991424,0,172,0.012717543,167
3000101000140,33000300003696,3000101000150,3000101000000,33,1.9126327,3000101000141,-1,3000101000139,3000101000140,-1,41,3.5286925,3.442627,3.5286925,14964,31.83512,3.2890756,27.238783,51254,3,0,3,-64.00425,-50.758648,47.990875,44.7152,83.65161,-0.12202007,-0.040105097,-0.12068034,8991424,3,3696,0.012637238,983
3000101000141,32000300003443,3000101000150,3000101000000,32,2.0700274,3000101000142,-1,3000101000140,3000101000141,-1,43,2.5819702,2.5819702,2.9262328,14964,31.890997,3.3181121,27.186575,51254,3,0,3,-46.81549,-53.39035,29.029398,41.4758,78.64783,-0.10916703,-0.081522405,-0.11853991,8961185,3,3443,0.018404063,910
3000101000142,31000300004018,3000101000150,3000101000000,31,2.2394855,3000101000143,-1,3000101000141,3000101000142,-1,36,2.6680357,2.6680357,2.7541015,14964,31.91701,3.372725,27.171862,51254,3,0,3,-31.863218,-59.40084,20.649515,37.50673,69.12452,-0.14082107,-0.07340225,-0.12778181,8991390,3,4018,0.017005475,485
3000101000143,30000300003006,3000101000150,3000101000000,30,2.422044,3000101000144,-1,3000101000142,3000101000143,-1,50,2.9262328,2.9262328,3.098364,14964,31.892859,3.412692,27.190348,51254,3,0,3,-24.621632,-63.57638,15.645569,41.009636,76.19351,0.016682506,-0.18366857,-0.026500987,8963772,3,3006,0.019994583,258
3000101000144,29000300002795,3000101000150,3000101000000,29,2.6188614,3000101000145,-1,3000101000143,3000101000144,-1,51,3.442627,3.442627,3.442627,14964,31.90914,3.4371598,27.188305,51254,3,0,3,-16.59371,-65.001045,8.410204,48.360683,89.45229,-0.10680569,-0.1705163,-0.10840746,8991384,3,2795,0.017516866,734
3000101000145,28000300003084,3000101000150,3000101000000,28,2.8311827,3000101000146,-1,3000101000144,3000101000145,-1,43,3.7008238,3.7008238,3.7008238,14964,31.943287,3.4803727,27.173555,51254,3,0,3,-10.036886,-66.25217,1.542114,49.807915,89.65168,-0.031358633,0.035278503,0.025102178,8961186,3,3084,0.010716226,429
3000101000146,27000300002995,3000101000150,3000101000000,27,3.060419,3000101000147,-1,3000101000145,3000101000146,-1,41,3.442627,3.2704954,3.442627,14964,31.951017,3.512722,27.172972,51254,3,0,3,-7.199915,-65.89629,0.97317666,57.214245,99.753044,-0.0146962935,0.032352723,0.004548506,8961186,3,2995,0.008508984,233
3000101000147,26000300002902,3000101000150,3000101000000,26,3.3080978,3000101000148,-1,3000101000146,3000101000147,-1,38,3.18443,3.18443,3.2704954,14964,31.961344,3.5620408,27.171434,51254,3,0,3,-0.35302323,-64.48272,-5.798702,47.563404,85.97931,-0.01136332,0.014754099,-0.008286908,8991387,3,2902,0.0119820135,662
3000101000148,25000300002531,3000101000150,3000101000000,25,3.575905,3000101000149,-1,3000101000147,3000101000148,-1,41,2.1516418,2.1516418,2.5819702,14964,31.983747,3.6004517,27.165632,51254,3,0,3,0.13966691,-62.095005,-1.9686368,48.423286,87.6978,-0.03662046,0.066099755,-0.031644728,8991383,3,2531,0.012744349,959
3000101000149,24000300003239,3000101000150,3000101000000,24,3.8656828,3000101000150,-1,3000101000148,3000101000149,-1,29,1.8073791,1.8073791,1.8934448,14964,31.994614,3.6188238,27.157015,51254,3,0,3,-4.8880873,-65.24705,3.5019135,45.14566,77.12676,-0.021767408,0.14569372,-0.05652555,8961146,3,3239,0.010373034,977
3000101000150,23000300003185,3000101000150,3000101000000,23,4.1794686,-1,-1,3000101000149,3000101000150,-1,26,1.2049193,1.2049193,1.2049193,14964,31.989439,3.6443298,27.155472,51254,3,0,3,-1.9830904,-64.250885,-0.70047146,39.733067,69.31217,0.0049136127,0.11103543,-0.019466743,8991385,3,3185,0.01078646,266
3000101000151,44000300000544,3000101000166,3000101000000,44,0.75503564,3000101000152,-1,3000101000018,3000101000019,3000101000129,21,0.0,0.0,0.0,14964,32.38544,2.187978,27.00575,51253,3,0,3,-89.00315,-343.07043,110.78182,31.060059,55.803005,-0.07295749,0.05093151,-0.005972276,8957546,3,544,0.018721718,920
3000101000152,43000300000624,3000101000166,3000101000000,43,0.8276991,3000101000153,-1,3000101000151,3000101000020,-1,22,0.0,0.0,0.0,14964,32.451973,2.359258,26.969835,51253,3,0,3,-114.23427,-368.71912,17.829111,29.215084,52.171455,0.042329792,0.046823476,-0.026046138,8957175,3,624,0.019863073,306
3000101000153,42000300000609,3000101000166,3000101000000,42,0.9054624,3000101000154,-1,3000101000152,3000101000021,3000101000111,26,0.0,0.0,0.0,14964,32.517235,2.5346313,26.973066,51253,3,0,3,-111.10217,-386.27765,-73.85968,31.707645,57.67901,0.0020129618,0.05170928,-0.063776694,8957552,3,609,0.017443346,885
3000101000154,41000300000559,3000101000166,3000101000000,41,0.98870814,3000101000155,-1,3000101000153,3000101000022,3000101000112,27,0.0,0.0,0.0,14964,32.552235,2.7276735,27.025984,51253,3,0,3,-86.66684,-389.27536,-152.29291,33.531193,59.6537,0.027645487,0.12616928,0.013080744,8957555,3,559,0.016515102,50
3000101000155,40000300000478,3000101000166,3000101000000,40,1.0778745,3000101000156,-1,3000101000154,3000101000023,3000101000133,32,0.0,0.0,0.0,14964,32.575954,2.927609,27.117092,51253,3,0,3,-46.32771,-385.70847,-205.719,32.177654,58.60218,0.04684625,0.08084644,0.08599962,8957171,3,478,0.020176182,941
3000101000156,39000300003472,3000101000166,3000101000000,39,1.173417,3000101000157,-1,3000101000155,3000101000156,-1,37,2.7541015,2.5819702,2.7541015,14964,32.61408,3.1500373,27.23496,51255,3,0,3,-10.87802,-366.48428,-215.15385,31.232334,56.31043,0.062481247,0.15569167,0.07321472,8957175,3,3472,0.022658331,554
3000101000157,38000300004774,3000101000166,3000101000000,38,1.2758462,3000101000158,-1,3000101000156,3000101000157,-1,33,2.4959044,2.065576,2.4959044,14923,32.60386,3.3427713,27.34753,51475,3,0,3,23.270199,-337.744,-212.08368,33.833458,63.039696,0.06698059,0.093899,0.08594181,8957172,3,4774,0.019359646,594
3000101000158,37000300004500,3000101000166,3000101000000,37,1.3857181,3000101000159,-1,3000101000157,3000101000158,-1,32,2.840167,2.4098387,2.840167,14923,32.57199,3.5216846,27.48063,51475,3,0,3,38.02759,-320.73837,-209.80838,33.502373,62.88715,0.057716716,0.072036326,0.05322296,8957173,3,4500,0.017996086,856
3000101000159,36000300003813,3000101000166,3000101000000,36,1.5036365,3000101000160,-1,3000101000158,3000101000159,-1,39,3.6147583,3.442627,3.7868896,14923,32.52265,3.6815135,27.611977,51475,3,0,3,46.643646,-305.62137,-218.30476,37.12948,65.42265,0.11022992,0.057201874,-0.011625704,8957555,3,3813,0.018991765,227
3000101000160,35000300003565,3000101000166,3000101000000,35,1.6302707,3000101000161,-1,3000101000159,3000101000160,-1,42,4.0450864,3.6147583,4.0450864,14923,32.48583,3.8535714,27.728014,51475,3,0,3,56.624104,-285.25577,-214.94746,41.639893,69.07061,0.10017918,0.048291862,-0.02340463,8957555,3,3565,0.019497132,328
3000101000161,34000300003857,3000101000166,3000101000000,34,1.766336,3000101000162,-1,3000101000160,3000101000161,-1,39,3.442627,3.18443,3.442627,14918,32.436413,4.022184,27.846203,51585,3,0,3,66.31408,-274.89902,-214.77016,42.740753,70.23572,0.09025119,0.036241654,0.07508496,8957546,3,3857,0.01865054,568
3000101000162,33000300003786,3000101000166,3000101000000,33,1.9126327,3000101000163,-1,3000101000161,3000101000162,-1,39,3.098364,3.098364,3.18443,14918,32.411243,4.171791,27.973667,51585,3,0,3,67.945496,-260.48212,-208.52704,41.309692,73.54952,0.09885649,0.02852044,0.021137876,8957551,3,3786,0.015201242,961
3000101000163,32000300004733,3000101000166,3000101000000,32,2.0700274,3000101000164,-1,3000101000162,3000101000163,-1,28,2.1516418,2.1516418,2.1516418,14918,32.372063,4.302803,28.097982,51585,3,0,3,66.53928,-242.12735,-198.60649,40.057858,66.45801,0.0235185,0.06049915,0.18399663,8957546,3,4733,0.013026263,839
3000101000164,31000300004553,3000101000166,3000101000000,31,2.2394855,3000101000165,-1,3000101000163,3000101000164,-1,29,1.7213135,1.7213135,1.7213135,14918,32.340332,4.4412856,28.19701,51585,3,0,3,63.62753,-233.22922,-191.50539,32.90189,60.935722,-0.020853125,0.09364949,0.12055051,8957546,3,4553,0.016471976,914
3000101000165,30000300005364,3000101000166,3000101000000,30,2.422044,3000101000166,-1,3000101000164,3000101000165,-1,23,1.4631164,1.3770508,1.4631164,14918,32.31439,4.5622478,28.31704,51585,3,0,3,52.359364,-213.58914,-185.06612,29.176256,59.73068,0.013740676,0.047426317,0.15530415,8957546,3,5364,0.016246637,375
3000101000166,29000300005711,3000101000166,3000101000000,29,2.6188614,-1,-1,3000101000165,3000101000166,-1,20,0.60245967,0.60245967,0.9467224,14918,32.27843,4.6831093,28.445053,51589,3,0,3,58.36106,-206.59772,-177.76347,30.70079,54.088894,0.093543015,0.012393204,0.07313296,8957553,3,5711,0.01516148,464
3000101000167,46000300005971,3000101000173,3000101000000,46,0.6235901,3000101000168,-1,3000101000016,3000101000167,-1,22,1.6352477,1.4631164,1.6352477,14923,32.525528,2.4837492,27.379131,51473,3,0,3,-26.463959,-357.90564,86.16741,25.42346,45.626957,-0.034991838,-0.31054664,-0.16136363,8988771,3,5971,0.023079488,542
3000101000168,45000300004993,3000101000173,3000101000000,45,0.6871088,3000101000169,-1,3000101000167,3000101000168,-1,23,2.4098387,2.2377074,2.4098387,14964,32.544266,2.6473176,27.332699,51253,3,0,3,-55.468876,-304.20145,93.92349,25.049633,45.69382,-0.07418511,-0.28853655,-0.14795993,8988713,3,4993,0.027157843,247
3000101000169,44000300005241,3000101000173,3000101000000,44,0.75503564,3000101000170,-1,3000101000168,3000101000169,-1,23,2.7541015,2.1516418,2.7541015,14964,32.581593,2.7829633,27.298811,51253,3,0,3,-76.616974,-236.79005,101.419945,26.139147,48.590492,-0.15231855,-0.3105309,-0.17570813,8988769,3,5241,0.025159132,424
3000101000170,43000300001817,3000101000173,3000101000000,43,0.8276991,3000101000171,-1,3000101000169,3000101000471,-1,27,0.0,0.0,0.0,14964,32.621197,2.8794625,27.252012,51253,3,0,3,-88.22199,-172.44511,105.47661,30.788223,51.734383,-0.16975412,-0.25294966,-0.11981573,8988769,3,1817,0.022538418,680
3000101000171,41000300000558,3000101000173,3000101000000,41,0.98870814,3000101000172,-1,3000101000170,3000101000022,3000101000154,28,0.0,0.0,0.0,14964,32.69794,2.976133,27.124136,51255,3,0,3,-66.94071,-85.15825,114.606735,33.353794,52.6857,-0.07204886,-0.27949196,-0.09632202,8988769,3,558,0.021611825,908
3000101000172,39000300005581,3000101000173,3000101000000,39,1.173417,3000101000173,-1,3000101000171,3000101000172,-1,23,1.8073791,1.1188537,1.2909851,14964,32.72911,3.0350087,26.993702,51255,3,0,3,-5.9687853,-24.557669,103.186356,27.631598,46.270153,-0.29275507,-0.14867727,-0.1016765,8988737,3,5581,0.022446897,447
3000101000173,38000300006059,3000101000173,3000101000000,38,1.2758462,-1,-1,3000101000172,3000101000173,-1,22,1.1188537,1.1188537,1.1188537,14964,32.72535,3.06148,26.938614,51255,3,0,3,12.030314,-6.2281513,90.36352,25.4186,50.173836,-0.29669315,-0.085929185,-0.078670315,8988771,3,6059,0.019857021,808
3000101000174,47000300000704,3000101000265,3000101000000,47,0.5641766,3000101000175,-1,3000101000015,3000101000016,3000101000270,149,0.0,0.0,0.0,14922,32.64138,1.8399425,27.371511,51459,3,0,3,209.49661,-92.80367,72.45409,92.92607,148.12703,0.08538758,-0.06677251,0.07533296,845896,3,704,0.014020135,75
3000101000175,46000300000620,3000101000265,3000101000000,46,0.6235901,3000101000176,-1,3000101000174,3000101000017,3000101000271,269,0.0,0.0,0.0,14922,32.575573,1.8859085,27.348814,51459,3,0,3,106.90887,-173.2602,12.296375,101.852264,173.22635,0.077972,-0.19315283,0.25602674,849221,3,620,0.018757548,707
3000101000176,45000300000591,3000101000265,3000101000000,45,0.6871088,3000101000177,-1,3000101000175,3000101000018,3000101000272,319,0.0,0.0,0.0,14923,32.52769,1.9809347,27.352297,51473,3,0,3,88.10336,-252.66945,-41.48249,98.3415,173.0872,-0.018020691,-0.3198155,0.49239224,848230,3,591,0.022607949,187
3000101000177,44000300000540,3000101000265,3000101000000,44,0.75503564,3000101000178,-1,3000101000176,3000101000019,3000101000360,413,0.0,0.0,0.0,14923,32.488667,2.1275764,27.385738,51473,3,0,3,73.67148,-364.75507,-78.12748,112.15275,182.6163,0.45551944,-0.3775474,0.6634236,848693,3,540,0.024444569,711
3000101000178,43000300000621,3000101000265,3000101000000,43,0.8276991,3000101000179,-1,3000101000177,3000101000020,3000101000274,326,0.0,0.0,0.0,14923,32.45636,2.337823,27.415749,51473,3,0,3,80.30878,-465.17838,-19.272936,116.97149,188.75247,0.25792453,-0.33106992,0.4056349,848614,3,621,0.019373544,206
3000101000179,42000300000606,3000101000265,3000101000000,42,0.9054624,3000101000180,-1,3000101000178,3000101000021,3000101000275,301,0.0,0.0,0.0,14923,32.40632,2.5718389,27.398657,51473,3,0,3,121.43843,-463.02353,124.077065,103.6717,172.35982,0.34879717,-0.3661042,0.35457736,848614,3,606,0.020111049,198
3000101000180,41000300000556,3000101000265,3000101000000,41,0.98870814,3000101000181,-1,3000101000179,3000101000022,3000101000276,510,0.0,0.0,0.0,14964,32.33309,2.7911913,27.298359,51253,3,0,3,156.9786,-356.75574,182.12598,114.1842,192.54543,0.45653394,-0.4113797,0.6445528,848693,3,556,0.026057296,565
3000101000181,40000300000475,3000101000265,3000101000000,40,1.0778745,3000101000182,-1,3000101000180,3000101000023,3000101000277,635,0.0,0.0,0.0,14964,32.255764,2.9680643,27.197914,51255,3,0,3,162.0043,-291.7027,190.26144,117.10548,197.83145,0.35536617,-0.2301453,0.81616163,848690,3,475,0.0307887,58
3000101000182,39000300000499,3000101000265,3000101000000,39,1.173417,3000101000183,-1,3000101000181,3000101000024,3000101000278,739,0.0,0.0,0.0,14964,32.156677,3.100161,27.109297,51254,3,0,3,159.4699,-248.42223,182.12498,115.869804,197.1078,0.42322358,-0.14128482,0.6967663,848690,3,499,0.03693705,719
3000101000183,38000300000832,3000101000265,3000101000000,38,1.2758462,3000101000184,-1,3000101000182,3000101000183,-1,851,75.99599,70.487785,75.99599,14964,32.06419,3.217317,27.012419,51254,3,0,3,149.126,-206.3933,173.64073,109.21988,194.28023,0.35973412,-0.45084974,0.39301297,848684,3,832,0.04260284,262
3000101000184,37000300000785,3000101000263,3000101000000,37,1.3857181,3000101000185,3000101000264,3000101000183,3000101000184,3000101000264,838,71.86484,67.561554,72.725494,14964,31.9817,3.3180845,26.92696,51254,3,0,3,142.98608,-180.32681,164.80069,109.06512,192.13911,0.40434366,-0.6597061,0.123475075,848687,3,785,0.042956207,889
3000101000185,36000300000729,3000101000257,3000101000000,36,1.5036365,3000101000186,3000101000258,3000101000184,3000101000185,-1,907,75.73779,70.22959,77.11484,14964,31.907566,3.422395,26.83755,51254,3,0,3,148.77705,-164.55983,153.73694,113.080154,190.71336,-0.024262935,-1.2523302,-0.3725757,848691,3,729,0.04819837,122
3000101000186,35000300000685,3000101000257,3000101000000,35,1.6302707,3000101000187,-1,3000101000185,3000101000186,3000101000265,865,79.95501,78.06156,80.90173,14964,31.823654,3.5169306,26.752577,51254,3,0,2,135.9608,-146.26662,142.45653,116.30222,195.14607,-0.37481302,-1.1067044,-0.10626648,848691,3,685,0.045971584,655
3000101000187,34000300000647,3000101000237,3000101000000,34,1.766336,3000101000188,3000101000238,3000101000186,3000101000187,3000101000238,853,76.51238,73.93041,77.63123,14964,31.723202,3.5765803,26.726522,51254,3,0,2,139.04657,-131.67345,135.3953,129.49127,195.59225,-0.4420726,-1.4631877,-0.21912363,848691,3,647,0.04256591,328
3000101000188,33000300000617,3000101000237,3000101000000,33,1.9126327,3000101000189,-1,3000101000187,3000101000188,3000101000239,821,77.545166,75.56566,78.14763,14964,31.654837,3.6570952,26.629642,51254,3,0,2,140.82423,-127.89623,131.85583,132.88264,204.51192,-0.32140794,-1.3668023,-0.09782663,845820,3,617,0.039137814,65
3000101000189,32000300000561,3000101000227,3000101000000,32,2.0700274,3000101000190,3000101000228,3000101000188,3000101000189,3000101000228,689,64.37712,62.914005,65.40991,14964,31.59782,3.7585895,26.500587,51254,3,0,2,155.84265,-133.5471,144.15617,131.67139,210.18782,0.06504066,-0.7590421,0.1946731,848611,3,561,0.031318422,3
3000101000190,31000300000525,3000101000227,3000101000000,31,2.2394855,3000101000191,-1,3000101000189,3000101000190,3000101000229,599,55.25416,54.04924,56.11482,14964,31.49701,3.8456423,26.381517,51254,3,0,2,152.67337,-119.043816,138.37796,128.26314,202.47395,-0.08074047,-0.89650726,0.37761325,848685,3,525,0.028397093,492
3000101000191,30000000000240,3000101000215,3000101000000,30,2.422044,3000101000192,3000101000216,3000101000190,3000101000191,3000101000242,406,37.43857,35.717255,38.12709,14969,31.363277,3.918273,26.306473,51360,3,0,2,176.59908,-134.07791,118.76968,99.11996,160.67006,0.30856347,-0.09515818,0.585945,848691,0,240,0.030271826,23
3000101000192,29000000000328,3000101000205,3000101000000,29,2.6188614,3000101000193,3000101000206,3000101000191,3000101000192,3000101000217,201,15.2336235,14.803295,16.352478,1414,31.22984,3.9854906,26.253931,23273,3,0,2,180.49048,-153.20908,85.365944,84.66883,148.37831,0.01769494,0.26052222,-0.38262987,848742,0,328,0.0205303,255
3000101000193,28000000000535,3000101000205,3000101000000,28,2.8311827,3000101000194,-1,3000101000192,3000101000193,-1,178,15.31969,14.889361,15.577887,1414,31.138828,4.0671735,26.205109,23273,3,0,2,154.0087,-140.80672,78.735275,82.27319,139.11237,0.067574285,0.1354291,-0.25506416,848685,0,535,0.018680938,535
3000101000194,27000000000335,3000101000205,3000101000000,27,3.060419,3000101000195,-1,3000101000193,3000101000194,3000101000208,209,14.286901,13.856573,14.889361,1414,31.050083,4.1484127,26.199892,23273,3,0,2,152.88094,-138.198,74.49915,82.213196,137.57616,0.022466615,0.18371126,-0.1748584,848756,0,335,0.021895885,939
3000101000195,26000000000390,3000101000205,3000101000000,26,3.3080978,3000101000196,-1,3000101000194,3000101000195,-1,187,14.459033,14.200836,15.31969,1414,30.963428,4.212899,26.168394,23273,3,0,2,137.76834,-126.60381,69.51131,85.08853,139.11533,0.04027554,0.19912955,-0.21154527,848690,0,390,0.019061808,647
3000101000196,25000000000357,3000101000205,3000101000000,25,3.575905,3000101000197,-1,3000101000195,3000101000196,-1,165,12.995916,12.909851,13.168048,1414,30.871876,4.293712,26.136715,23273,3,0,2,127.79428,-121.03047,58.58998,88.88882,147.26451,0.0025498413,0.270352,-0.13650513,848239,0,357,0.015212337,748
3000101000197,24000000000321,3000101000205,3000101000000,24,3.8656828,3000101000198,-1,3000101000196,3000101000197,-1,153,11.877063,11.877063,12.13526,1414,30.80146,4.3445272,26.090813,23273,3,0,2,120.33064,-110.94259,55.023037,85.65576,143.76059,-0.08502252,0.19320375,-0.16133453,848691,0,321,0.01532249,365
3000101000198,23000000000311,3000101000205,3000101000000,23,4.1794686,3000101000199,-1,3000101000197,3000101000198,-1,130,9.983618,9.8975525,10.241815,1414,30.734093,4.408023,26.077517,23273,3,0,2,124.525986,-101.96638,51.698814,83.086136,141.28809,-0.037873287,0.11785238,-0.088537045,848684,0,311,0.014798098,798
3000101000199,22000000000322,3000101000205,3000101000000,22,4.5195556,3000101000200,-1,3000101000198,3000101000199,-1,97,8.004107,8.004107,8.090173,1414,30.676197,4.452398,26.080608,23273,3,0,2,113.74337,-98.62461,41.225098,82.56256,137.60071,-0.10355929,0.13103968,-0.110304415,848684,0,322,0.010982796,396
3000101000200,21000000000284,3000101000205,3000101000000,21,4.888449,3000101000201,-1,3000101000199,3000101000200,-1,91,6.024597,6.024597,6.024597,1414,30.624771,4.5025654,26.02002,23273,3,0,2,115.12205,-95.96685,44.971806,74.11748,129.0976,-0.15759256,0.13786459,-0.13595955,848688,0,284,0.011311092,151
3000101000201,20000000000288,3000101000205,3000101000000,20,5.2888336,3000101000202,-1,3000101000200,3000101000201,-1,69,3.3565612,3.3565612,3.3565612,1414,30.507746,4.5453606,26.023035,23273,3,0,2,93.34424,-99.479164,49.757706,71.21617,122.2653,-0.112496875,0.14999512,-0.12583984,848689,0,288,0.011426683,769
3000101000202,19000000000511,3000101000204,3000101000000,19,5.7238646,3000101000203,3000101000205,3000101000201,3000101000202,-1,40,2.9262328,2.9262328,2.9262328,1414,30.432175,4.6190324,25.986046,23273,3,0,2,121.31769,-76.57158,44.525192,61.315125,104.6105,-0.040484417,-0.08534008,-0.01826991,848655,0,511,0.008206026,729
3000101000203,18000000000487,3000101000204,3000101000000,18,6.1968336,3000101000204,-1,3000101000202,3000101000203,-1,30,1.9795104,1.9795104,1.9795104,1414,30.3834,4.655625,25.956715,23273,3,0,2,111.42541,-71.652725,46.798164,56.13847,96.83311,-0.069878265,-0.016961982,-0.016399503,848690,0,487,0.006316,69
3000101000204,17000000000599,3000101000204,3000101000000,17,6.7115865,-1,-1,3000101000203,3000101000204,-1,21,1.549182,1.549182,1.549182,1414,30.327154,4.6624928,25.936615,23273,3,0,2,125.820625,-61.073986,54.545723,55.478,97.44485,-0.051465597,-0.04604423,0.009756693,848655,0,599,0.004298054,848
3000101000205,19000000001072,3000101000205,3000101000000,19,5.7238646,-1,-1,3000101000201,3000101000205,-1,23,1.8073791,1.8073791,1.8073791,1414,30.600191,4.639343,25.936602,23273,3,0,2,37.95839,-111.24432,35.941303,54.918728,92.81198,-6.9020543E-4,0.009344449,-0.057478555,848759,0,1072,0.006137504,646
3000101000206,29000000000330,3000101000215,3000101000000,29,2.6188614,3000101000207,-1,3000101000191,3000101000192,-1,32,0.0,0.0,0.0,1414,31.216227,4.1630735,26.216564,23273,3,0,2,224.91606,-234.1962,159.5489,55.404156,93.64029,-0.028512195,-0.011940132,-0.005653561,846284,0,330,0.00789226,434
3000101000207,28000000001842,3000101000215,3000101000000,28,2.8311827,3000101000208,-1,3000101000206,3000101000207,-1,40,3.3565612,3.3565612,3.3565612,1414,31.084707,4.2837996,26.134857,23273,3,0,2,219.60814,-184.82666,149.22684,47.584663,90.61409,0.12455654,-0.00947933,0.018915389,846286,0,1842,0.00993626,822
3000101000208,27000000000336,3000101000215,3000101000000,27,3.060419,3000101000209,-1,3000101000207,3000101000194,-1,35,0.0,0.0,0.0,1414,30.947456,4.3617167,26.016443,23273,3,0,2,214.94202,-159.06926,141.2577,42.126854,75.411064,0.014655453,-0.05401883,-0.0625883,846287,0,336,0.014636743,711
3000101000209,26000000001909,3000101000215,3000101000000,26,3.3080978,3000101000210,-1,3000101000208,3000101000209,-1,35,2.5819702,2.5819702,2.5819702,1414,30.8343,4.4370747,25.98422,23273,3,0,2,207.2449,-132.44896,124.39882,40.324608,83.57577,-0.0083297705,-0.007266633,-0.020989377,846284,0,1909,0.011606798,895
3000101000210,25000000001890,3000101000215,3000101000000,25,3.575905,3000101000211,-1,3000101000209,3000101000210,-1,31,2.5819702,2.5819702,2.9262328,1414,30.723637,4.539464,25.921398,23273,3,0,2,194.54095,-122.443245,115.333916,48.496746,83.778854,0.049079847,0.047151115,-0.03988796,846293,0,1890,0.009074132,791
3000101000211,24000000001565,3000101000215,3000101000000,24,3.8656828,3000101000212,-1,3000101000210,3000101000211,-1,38,2.7541015,2.7541015,2.7541015,1414,30.631737,4.5904245,25.85847,23273,3,0,2,193.78943,-107.95507,110.45842,51.72013,91.87719,0.074408785,0.1583726,0.026743593,846297,0,1565,0.011276333,271
3000101000212,23000000001388,3000101000215,3000101000000,23,4.1794686,3000101000213,-1,3000101000211,3000101000212,-1,37,2.6680357,2.5819702,2.6680357,1414,30.51014,4.651036,25.767328,23273,3,0,2,182.46877,-99.00493,107.142685,52.958836,93.63719,-9.0546533E-4,0.09438383,0.011109516,846290,0,1388,0.008648707,579
3000101000213,22000000001325,3000101000215,3000101000000,22,4.5195556,3000101000214,-1,3000101000212,3000101000213,-1,33,2.5819702,2.5819702,2.5819702,1414,30.404173,4.7142777,25.712885,23273,3,0,2,173.41336,-90.40442,104.03073,52.54208,91.60651,-0.022752868,0.0480833,0.0017353762,846290,0,1325,0.008589567,160
3000101000214,21000000001229,3000101000215,3000101000000,21,4.888449,3000101000215,-1,3000101000213,3000101000214,-1,30,1.1188537,1.1188537,1.2909851,1414,30.28528,4.7717147,25.646803,23273,3,0,2,170.89113,-91.91193,97.602486,44.706375,78.840904,-0.026813751,-0.0024978633,-0.047096226,846302,0,1229,0.011487826,294
3000101000215,20000000001446,3000101000215,3000101000000,20,5.2888336,-1,-1,3000101000214,3000101000215,-1,22,1.6352477,1.6352477,1.6352477,1414,30.201323,4.8047013,25.61506,23272,3,0,2,163.16216,-85.83617,96.87514,47.99325,83.09512,-0.030383872,-7.929419E-4,0.003900683,846286,0,1446,0.007826646,770
3000101000216,30000000000242,3000101000227,3000101000000,30,2.422044,3000101000217,-1,3000101000190,3000101000191,-1,27,0.0,0.0,0.0,14969,31.461695,3.9112,26.245365,51360,3,0,2,60.775723,-102.72131,340.6055,53.882915,88.08536,0.09214103,-0.18358004,0.04054597,845628,0,242,0.007120047,109
3000101000217,29000000000329,3000101000227,3000101000000,29,2.6188614,3000101000218,-1,3000101000216,3000101000192,3000101000206,111,0.0,0.0,0.0,14969,31.393,3.9778926,26.046099,51360,3,0,2,102.14544,-50.386845,220.46683,70.673546,96.47705,-0.50849086,-0.27616492,0.38296598,845783,0,329,0.022912527,306
3000101000218,28000300001726,3000101000223,3000101000000,28,2.8311827,3000101000219,3000101000224,3000101000217,3000101000218,-1,83,7.057385,7.057385,7.1434507,14969,31.327728,4.0094585,25.963703,51360,3,0,2,109.39087,-75.365036,201.55293,62.511345,107.131035,-0.009445275,-0.47413293,0.07261368,845619,3,1726,0.016187774,692
3000101000219,27000000001440,3000101000223,3000101000000,27,3.060419,3000101000220,-1,3000101000218,3000101000219,-1,55,4.905743,4.905743,4.991809,14969,31.264503,4.0565805,25.818964,51360,3,0,2,132.27075,-65.14864,200.23285,67.19421,108.49148,-0.14557979,-0.16003364,0.026550997,845887,0,1440,0.009370101,987
3000101000220,26000000001068,3000101000223,3000101000000,26,3.3080978,3000101000221,-1,3000101000219,3000101000220,-1,70,4.0450864,4.0450864,4.3032837,1414,31.190407,4.084558,25.70629,23273,3,0,2,115.230644,-59.56538,161.58481,57.690388,103.05263,-0.066751316,-0.3702674,0.18327686,845924,0,1068,0.014365402,484
3000101000221,25000000001104,3000101000223,3000101000000,25,3.575905,3000101000222,-1,3000101000220,3000101000221,-1,60,2.9262328,2.9262328,3.0122986,1414,31.105606,4.120186,25.601482,23273,3,0,2,115.59253,-55.42343,154.47473,49.04498,88.529175,-0.12492256,-0.1833566,0.05693312,845887,0,1104,0.015240241,953
3000101000222,24000000001103,3000101000223,3000101000000,24,3.8656828,3000101000223,-1,3000101000221,3000101000222,-1,53,1.8073791,1.8073791,1.8934448,1414,31.046452,4.1525574,25.501677,23273,3,0,2,114.279655,-49.1845,146.6251,46.987137,80.951485,-0.097746655,-0.11542683,0.05259122,845922,0,1103,0.017066406,381
3000101000223,23000000001473,3000101000223,3000101000000,23,4.1794686,-1,-1,3000101000222,3000101000223,-1,35,0.774591,0.6885254,0.86065674,1414,30.955751,4.2133117,25.405733,23273,3,0,2,122.98142,-56.836674,144.07382,42.270466,71.20561,0.09539977,-0.11147358,-0.10371098,845783,0,1473,0.013649519,959
3000101000224,28000300003450,3000101000227,3000101000000,28,2.8311827,3000101000225,-1,3000101000217,3000101000224,-1,36,2.5819702,2.4098387,2.6680357,14964,31.346565,3.861227,26.06174,51250,3,0,2,138.88057,55.539734,172.43231,47.763817,76.912994,-0.04401578,-0.08278953,0.09277264,882257,3,3450,0.01189775,966
3000101000225,27000000002120,3000101000227,3000101000000,27,3.060419,3000101000226,-1,3000101000224,3000101000225,-1,35,2.840167,2.840167,2.840167,14964,31.264894,3.8307898,25.964947,51250,3,0,2,135.25963,44.857906,152.68233,48.62812,76.97615,-0.113191836,-0.120837934,0.1295106,882228,0,2120,0.011537139,878
3000101000226,26000000001964,3000101000227,3000101000000,26,3.3080978,3000101000227,-1,3000101000225,3000101000226,-1,37,2.1516418,2.1516418,2.2377074,1465,31.184507,3.8144517,25.891966,23163,3,0,2,136.30121,33.797077,141.95923,45.796432,76.72718,-0.1323561,-0.1724358,0.13645181,882224,0,1964,0.01194607,69
3000101000227,25000000002883,3000101000227,3000101000000,25,3.575905,-1,-1,3000101000226,3000101000227,-1,23,1.4631164,1.4631164,1.4631164,1465,31.08551,3.8115602,25.81312,23163,3,0,2,145.49219,31.453915,120.7863,42.27816,72.07641,-0.1351498,-0.16602525,0.05992071,882228,0,2883,0.009501953,287
3000101000228,32000300000562,3000101000237,3000101000000,32,2.0700274,3000101000229,-1,3000101000188,3000101000189,3000101000240,41,0.0,0.0,0.0,14964,31.602526,3.649663,26.721943,51254,3,0,2,-3.7806787,1.8726203,-24.458094,45.683056,80.8249,-0.08922852,0.00908727,-0.13386385,848901,3,562,0.013856438,915
3000101000229,31000300000526,3000101000237,3000101000000,31,2.2394855,3000101000230,-1,3000101000228,3000101000190,3000101000241,50,0.0,0.0,0.0,14964,31.62306,3.641618,26.740568,51254,3,0,2,-3.5766277,-6.068161,4.3761034,46.0935,80.95795,-0.1662993,-0.07861848,-0.30898228,848902,3,526,0.017394053,321
3000101000230,30000300002312,3000101000237,3000101000000,30,2.422044,3000101000231,-1,3000101000229,3000101000230,-1,62,4.8196774,4.4754148,4.905743,14964,31.595995,3.6335187,26.737366,51254,3,0,2,13.522796,-7.6418686,20.662949,49.066345,84.21626,-0.22168611,0.0017715665,-0.38732547,848901,3,2312,0.020434802,243
3000101000231,29000300002192,3000101000237,3000101000000,29,2.6188614,3000101000232,-1,3000101000230,3000101000231,-1,63,4.4754148,4.4754148,4.5614805,14964,31.612434,3.6834247,26.688936,51254,3,0,2,25.780228,-16.020508,25.63724,53.751965,87.97461,-0.22118391,-0.035413053,-0.4419372,8991364,3,2192,0.019120075,946
3000101000232,28000300002377,3000101000237,3000101000000,28,2.8311827,3000101000233,-1,3000101000231,3000101000232,-1,55,3.18443,3.18443,3.5286925,14964,31.587843,3.7072473,26.664907,51254,3,0,2,32.873875,-13.615344,26.286999,54.080273,81.57677,-0.15965308,0.01809082,-0.5487438,879240,3,2377,0.018465692,626
3000101000233,27000300001745,3000101000237,3000101000000,27,3.060419,3000101000234,-1,3000101000232,3000101000233,-1,65,3.7008238,2.840167,3.7868896,14964,31.614296,3.6542273,26.675514,51254,3,0,2,35.73642,-18.194971,33.554626,50.286575,87.22619,-0.15653607,0.0055388133,-0.38081312,848902,3,1745,0.018693248,428
3000101000234,26000300002160,3000101000237,3000101000000,26,3.3080978,3000101000235,-1,3000101000233,3000101000234,-1,53,2.4098387,2.3237731,2.4959044,14964,31.612852,3.6865292,26.64102,51254,3,0,2,40.944374,-16.110228,31.611454,49.101936,75.63703,-0.006089082,-0.03786094,-0.38489988,848902,3,2160,0.018418098,237
3000101000235,25000300003100,3000101000237,3000101000000,25,3.575905,3000101000236,-1,3000101000234,3000101000235,-1,32,2.840167,2.7541015,2.840167,14964,31.590292,3.6967356,26.612144,51254,3,0,2,25.745024,-42.425365,38.011284,53.205666,90.90741,-0.06607876,-0.028399717,0.0014944178,848901,3,3100,0.009885894,481
3000101000236,24000300002969,3000101000237,3000101000000,24,3.8656828,3000101000237,-1,3000101000235,3000101000236,-1,30,2.5819702,2.5819702,2.5819702,14964,31.557287,3.7088742,26.606699,51254,3,0,2,29.082314,-35.064342,40.819378,52.362152,86.6846,-0.052191846,-0.0034507297,-0.057806727,848929,3,2969,0.00911753,191
3000101000237,23000300002989,3000101000237,3000101000000,23,4.1794686,-1,-1,3000101000236,3000101000237,-1,27,1.6352477,1.6352477,1.7213135,14964,31.528458,3.7318265,26.613134,51254,3,0,2,37.08437,-30.152407,38.565914,51.627155,81.91255,-0.07659105,-0.031466074,-0.047704916,848922,3,2989,0.008851557,127
3000101000238,34000300000648,3000101000257,3000101000000,34,1.766336,3000101000239,-1,3000101000186,3000101000187,-1,45,0.0,0.0,0.0,14964,31.739632,3.66059,26.600155,51254,3,0,2,201.08754,-196.81192,211.41463,52.528637,96.19597,0.057651613,0.055133265,-0.062175278,845635,3,648,0.011161901,501
3000101000239,33000300000618,3000101000257,3000101000000,33,1.9126327,3000101000240,-1,3000101000238,3000101000188,-1,42,0.0,0.0,0.0,14964,31.624819,3.7375267,26.49499,51254,3,0,2,179.0015,-92.69316,116.71821,67.09333,103.51032,0.013248129,0.060126707,0.07042294,879267,3,618,0.009040782,967
3000101000240,32000300000563,3000101000257,3000101000000,32,2.0700274,3000101000241,-1,3000101000239,3000101000189,-1,22,0.0,0.0,0.0,14964,31.539352,3.7675338,26.488659,51254,3,0,2,67.981186,-4.583631,-69.508545,66.77188,93.15806,-0.022561803,0.01039513,0.014250534,845635,3,563,0.006922332,763
3000101000241,31000300000527,3000101000257,3000101000000,31,2.2394855,3000101000242,-1,3000101000240,3000101000190,-1,49,0.0,0.0,0.0,14964,31.526806,3.7780783,26.522766,51254,3,0,2,52.15944,-50.003918,14.078072,69.717575,110.7268,-0.0678272,-0.059607793,-0.073822394,845846,3,527,0.008251065,743
3000101000242,30000000000241,3000101000257,3000101000000,30,2.422044,3000101000243,-1,3000101000241,3000101000191,3000101000216,135,0.0,0.0,0.0,14964,31.491055,3.8089733,26.489328,51254,3,0,2,73.06615,-47.56614,58.38317,69.65879,122.76397,-0.14871183,0.12407759,-0.35262576,848889,0,241,0.017410377,704
3000101000243,29000300001062,3000101000257,3000101000000,29,2.6188614,3000101000244,-1,3000101000242,3000101000243,-1,170,11.016406,10.500011,11.360668,14964,31.453438,3.8508422,26.447697,51254,3,0,2,84.14902,-44.983807,72.191864,76.0728,127.319016,-0.19045724,0.25187436,-0.3997917,879267,3,1062,0.02069387,391
3000101000244,28000300001023,3000101000257,3000101000000,28,2.8311827,3000101000245,-1,3000101000243,3000101000244,-1,155,13.168048,13.081982,13.942638,14964,31.392912,3.8742783,26.404104,51254,3,0,2,81.75014,-43.23507,73.7113,80.628456,124.7865,-0.10226721,0.38103616,-0.41283408,879267,3,1023,0.019079508,595
3000101000245,27000000000503,3000101000257,3000101000000,27,3.060419,3000101000246,-1,3000101000244,3000101000245,-1,158,12.565588,12.393456,12.995916,14964,31.328754,3.8768442,26.389818,51254,3,0,2,94.2837,-29.351313,81.07729,84.15725,132.76225,-0.22055557,0.37803805,-0.25707808,879274,0,503,0.01729593,782
3000101000246,26000000000527,3000101000253,3000101000000,26,3.3080978,3000101000247,3000101000254,3000101000245,3000101000246,3000101000254,107,7.4877133,7.4016476,8.090173,14964,31.259203,3.8660624,26.34087,51250,3,0,2,104.90363,-9.628399,88.170334,75.8481,126.27529,-0.19954757,0.15869717,0.028769968,848670,0,527,0.012674668,959
3000101000247,25000000000691,3000101000253,3000101000000,25,3.575905,3000101000248,-1,3000101000246,3000101000247,-1,94,7.057385,6.971319,7.4016476,1465,31.19256,3.882021,26.306784,23163,3,0,2,109.32465,-2.7169764,81.93622,74.0829,120.21292,0.01373946,0.013513914,-0.061127163,848670,0,691,0.0133136865,959
3000101000248,24000000000704,3000101000253,3000101000000,24,3.8656828,3000101000249,-1,3000101000247,3000101000248,-1,79,6.6270566,6.6270566,6.799188,1465,31.103767,3.8948135,26.24724,23163,3,0,2,105.91447,-6.2729864,75.51151,74.46392,119.86395,-0.021895088,-0.011785346,-0.056595698,879469,0,704,0.011266005,197
3000101000249,23000000000651,3000101000253,3000101000000,23,4.1794686,3000101000250,-1,3000101000248,3000101000249,-1,70,5.8524656,5.8524656,5.9385314,1465,31.069666,3.899766,26.194653,23163,3,0,2,110.05536,-6.4109397,81.728714,71.582405,125.04092,-0.048384577,-0.022910288,-0.032050394,879475,0,651,0.010172882,391
3000101000250,22000000000683,3000101000253,3000101000000,22,4.5195556,3000101000251,-1,3000101000249,3000101000250,-1,57,4.991809,4.991809,5.1639404,1465,31.009144,3.8918514,26.156164,23163,3,0,2,111.026436,-9.35281,83.61391,78.00065,130.79152,-0.008468748,0.08198419,-0.056498986,848662,0,683,0.007490529,825
3000101000251,21000000000592,3000101000253,3000101000000,21,4.888449,3000101000252,-1,3000101000250,3000101000251,-1,53,3.7868896,3.7868896,3.8729553,1465,30.940035,3.8975372,26.117237,23163,3,0,2,108.472786,-8.246208,85.091805,69.62362,114.609406,-0.062770605,0.06639787,-0.04352682,848662,0,592,0.008030198,797
3000101000252,20000000000663,3000101000253,3000101000000,20,5.2888336,3000101000253,-1,3000101000251,3000101000252,-1,41,2.6680357,2.6680357,2.6680357,1465,30.915323,3.904399,26.06301,23163,3,0,2,91.31961,-12.588752,74.7695,53.54034,99.8511,-0.11578984,-0.03825821,0.017714428,845837,0,663,0.009719743,630
3000101000253,19000000000831,3000101000253,3000101000000,19,5.7238646,-1,-1,3000101000252,3000101000253,-1,28,1.2049193,1.2049193,1.2049193,1414,30.843208,3.9221933,26.023708,23273,3,0,2,80.27729,-2.6203303,71.043076,51.224285,79.21313,-0.08319367,-0.009906552,0.046285443,879474,0,831,0.010471103,493
3000101000254,26000000000528,3000101000257,3000101000000,26,3.3080978,3000101000255,-1,3000101000245,3000101000246,-1,20,0.0,0.0,0.0,14969,31.404736,3.931794,26.30907,51360,3,0,2,-16.146353,-149.43448,40.703953,46.871872,80.46843,-0.025094785,0.026092518,-0.02730705,848802,0,528,0.0063497867,154
3000101000255,25000300003703,3000101000257,3000101000000,25,3.575905,3000101000256,-1,3000101000254,3000101000255,-1,27,2.2377074,2.2377074,2.2377074,14969,31.378942,4.011128,26.288658,51360,3,0,2,13.781677,-131.49113,35.10171,44.010998,79.18641,0.0072958334,0.042316582,0.0130433915,848802,3,3703,0.009409451,666
3000101000256,24000300003393,3000101000257,3000101000000,24,3.8656828,3000101000257,-1,3000101000255,3000101000256,-1,27,1.4631164,1.4631164,1.6352477,14969,31.346287,4.065793,26.270872,51360,3,0,2,24.837704,-123.26245,32.62113,44.71554,71.796104,0.013103841,0.035346925,0.013398681,848804,3,3393,0.011166956,692
3000101000257,23000300003765,3000101000257,3000101000000,23,4.1794686,-1,-1,3000101000256,3000101000257,-1,21,1.2049193,1.2049193,1.2049193,14969,31.33581,4.143193,26.257784,51360,3,0,2,29.820599,-115.55804,28.252308,40.869705,71.70034,0.047778815,0.06694143,-0.07437745,848803,3,3765,0.008792764,592
3000101000258,36000300004403,3000101000263,3000101000000,36,1.5036365,3000101000259,-1,3000101000184,3000101000258,-1,23,2.4959044,2.4098387,2.4959044,14964,32.17823,3.4695058,26.68651,51254,3,0,2,-9.27016,-146.29353,202.57841,36.72197,79.172844,-0.0016113298,-0.054006636,0.023120835,845573,3,4403,0.0074041155,67
3000101000259,35000300004720,3000101000263,3000101000000,35,1.6302707,3000101000260,-1,3000101000258,3000101000259,-1,23,2.3237731,2.1516418,2.3237731,14964,32.18973,3.5473254,26.559603,51254,3,0,2,20.320929,-129.9418,184.67754,32.33664,61.776726,-0.018354032,-0.035921942,0.0038927037,845603,3,4720,0.012941109,657
3000101000260,34000300005255,3000101000263,3000101000000,34,1.766336,3000101000261,-1,3000101000259,3000101000260,-1,24,2.1516418,2.065576,2.1516418,14964,32.163128,3.6183746,26.4695,51254,3,0,2,41.450848,-117.063965,176.65895,36.95789,80.713615,0.04443293,0.009127776,0.0264306,845661,3,5255,0.008961525,234
3000101000261,33000300005441,3000101000263,3000101000000,33,1.9126327,3000101000262,-1,3000101000260,3000101000261,-1,24,1.9795104,1.9795104,2.065576,14964,32.14567,3.6790636,26.367594,51254,3,0,2,52.749947,-104.757454,165.01695,36.522682,68.63583,-0.015888622,0.002403804,0.0039248634,845661,3,5441,0.010807968,534
3000101000262,32000300005794,3000101000263,3000101000000,32,2.0700274,3000101000263,-1,3000101000261,3000101000262,-1,21,1.8934448,1.8934448,1.8934448,14964,32.0978,3.7351055,26.281845,51250,3,0,2,60.549023,-93.16135,155.52419,45.440357,91.02937,0.055538263,-0.012550654,-0.008011695,845661,3,5794,0.0059423526,168
3000101000263,31000300005687,3000101000263,3000101000000,31,2.2394855,-1,-1,3000101000262,3000101000263,-1,22,1.8934448,1.8073791,1.8934448,14964,32.066143,3.7828035,26.195913,51250,3,0,2,66.76999,-89.68826,147.08961,33.949684,76.75105,0.03876338,-6.067207E-4,0.010513315,845655,3,5687,0.0075401925,278
3000101000264,37000300000786,3000101000265,3000101000000,37,1.3857181,3000101000265,-1,3000101000183,3000101000184,-1,30,0.0,0.0,0.0,14964,32.083317,3.4166634,26.770628,51254,3,0,2,164.56386,-208.90419,195.17369,35.548313,63.580627,0.060496595,-0.052907135,0.14328386,879234,3,786,0.016271928,663
3000101000265,35000300000686,3000101000265,3000101000000,35,1.6302707,-1,-1,3000101000264,3000101000186,-1,24,0.0,0.0,0.0,14964,31.851208,3.599247,26.6214,51254,3,0,2,268.70694,-101.80362,68.4522,48.85649,71.73291,-0.32191905,-0.16994497,0.019740855,879234,3,686,0.012277726,607
3000101000266,49000300003965,3000101000266,3000101000000,49,0.45657724,-1,-1,3000101000013,3000101000266,-1,21,2.6680357,1.8934448,1.9795104,14922,32.564175,1.9135946,27.49376,51459,3,0,3,113.01319,-505.5859,71.33543,25.78598,52.68157,-0.07804159,-0.4018913,-0.26894,8988723,3,3965,0.018247297,452
3000101000267,50000300000731,3000101000309,3000101000000,50,0.40789944,3000101000268,-1,3000101000012,3000101000013,-1,28,0.0,0.0,0.0,14922,32.956,1.6712972,27.422808,51459,3,0,3,14.966451,-354.38962,174.5405,43.094715,70.28387,-0.08886563,0.03734471,0.04951867,8957857,3,731,0.014255464,68
3000101000268,49000300000731,3000101000309,3000101000000,49,0.45657724,3000101000269,-1,3000101000267,3000101000014,-1,43,0.0,0.0,0.0,14922,32.923885,1.7886126,27.376137,51459,3,0,3,79.93914,-236.25662,81.68798,40.02168,68.82052,-0.049924456,0.102025904,-0.110238716,8957528,3,731,0.018549073,347
3000101000269,48000300000741,3000101000309,3000101000000,48,0.5085914,3000101000270,-1,3000101000268,3000101000015,-1,48,0.0,0.0,0.0,14922,32.879456,1.878724,27.35978,51459,3,0,3,160.89091,-160.9159,-9.662199,50.0947,82.069824,-0.0027394767,0.027757928,0.019825531,8957962,3,741,0.017435554,487
3000101000270,47000300000705,3000101000309,3000101000000,47,0.5641766,3000101000271,-1,3000101000269,3000101000016,-1,63,0.0,0.0,0.0,14922,32.78006,1.9221771,27.389511,51459,3,0,3,297.3727,-48.73013,-129.17041,80.14935,117.98004,0.04121458,-0.048634283,0.04506174,8957898,3,705,0.010766852,588
3000101000271,46000300000621,3000101000309,3000101000000,46,0.6235901,3000101000272,-1,3000101000270,3000101000017,3000101000327,59,0.0,0.0,0.0,14923,32.595345,1.9689937,27.457275,51473,3,0,3,432.79138,-189.35298,-99.94707,61.694153,104.574844,-0.013624879,0.03532113,0.021333115,8957898,3,621,0.012289807,788
3000101000272,45000300000592,3000101000309,3000101000000,45,0.6871088,3000101000273,-1,3000101000271,3000101000018,3000101000328,107,0.0,0.0,0.0,14923,32.41406,2.0650733,27.48319,51473,3,0,3,371.8192,-183.931,-16.266844,60.448498,107.84321,0.009329035,0.016333373,-0.0921471,8957962,3,592,0.020760234,13
3000101000273,44000300000542,3000101000309,3000101000000,44,0.75503564,3000101000274,-1,3000101000272,3000101000019,3000101000329,115,0.0,0.0,0.0,14923,32.267143,2.1571188,27.477499,51473,3,0,3,284.52924,-163.25877,30.81875,59.730618,104.37736,0.05380629,-0.03745603,-0.11546904,8957524,3,542,0.020663189,747
3000101000274,43000300000622,3000101000309,3000101000000,43,0.8276991,3000101000275,-1,3000101000273,3000101000020,3000101000130,144,0.0,0.0,0.0,14923,32.137653,2.2250168,27.461102,51472,3,0,3,203.86975,-175.36662,60.787613,69.28902,117.94979,0.038376037,-0.14195736,0.10360366,8957524,3,622,0.020248484,87
3000101000275,42000300000607,3000101000309,3000101000000,42,0.9054624,3000101000276,-1,3000101000274,3000101000021,3000101000330,158,0.0,0.0,0.0,14923,32.05942,2.3206437,27.423763,51472,3,0,3,118.10352,-202.44151,99.08885,71.67469,120.8981,0.18577377,-0.18555918,0.0025889718,8960986,3,607,0.02167026,323
3000101000276,41000300000557,3000101000309,3000101000000,41,0.98870814,3000101000277,-1,3000101000275,3000101000022,3000101000171,100,0.0,0.0,0.0,14923,32.03107,2.420538,27.360476,51472,3,0,3,13.549226,-220.40038,127.58706,71.71854,116.563805,0.07270016,-0.035151962,0.06681879,8957962,3,557,0.01533724,216
3000101000277,40000300000476,3000101000309,3000101000000,40,1.0778745,3000101000278,-1,3000101000276,3000101000023,3000101000113,75,0.0,0.0,0.0,14964,32.050564,2.5759764,27.290995,51252,3,0,3,-110.620514,-315.99203,112.59214,77.07227,120.328285,0.05316967,-0.08654686,0.15940432,8957962,3,476,0.011397253,293
3000101000278,39000300000500,3000101000309,3000101000000,39,1.173417,3000101000279,-1,3000101000277,3000101000024,3000101000454,126,0.0,0.0,0.0,14964,32.153473,2.7532854,27.296692,51252,3,0,3,-180.92146,-324.7324,-92.68602,68.857315,126.75754,0.010038584,-0.15745412,0.22143736,8957934,3,500,0.01721146,946
3000101000279,38000300000522,3000101000309,3000101000000,38,1.2758462,3000101000280,-1,3000101000278,3000101000025,3000101000115,174,0.0,0.0,0.0,14923,32.240326,2.9194055,27.352575,51473,3,0,3,-114.191986,-280.74802,-129.6531,77.91616,130.30023,0.12318123,-0.27067557,0.22747636,8961425,3,522,0.019433431,497
3000101000280,37000300000515,3000101000309,3000101000000,37,1.3857181,3000101000281,-1,3000101000279,3000101000026,3000101000136,273,0.0,0.0,0.0,14923,32.301987,3.069731,27.427172,51475,3,0,3,-77.68521,-269.96188,-131.92259,82.97531,135.89098,0.19206038,-0.6961579,0.033352725,8957530,3,515,0.028021175,565
3000101000281,36000300001001,3000101000299,3000101000000,36,1.5036365,3000101000282,3000101000300,3000101000280,3000101000281,3000101000300,328,31.327904,29.778723,31.586102,14923,32.340607,3.1948557,27.484295,51475,3,0,3,-37.077267,-237.13994,-135.42822,85.25476,136.7841,0.44936866,-1.078152,-0.90436554,8957960,3,1001,0.035007227,220
3000101000282,35000300001192,3000101000298,3000101000000,35,1.6302707,3000101000283,3000101000299,3000101000281,3000101000282,-1,307,27.368883,26.422161,27.62708,14923,32.352673,3.3271694,27.55367,51475,3,0,3,-26.507833,-246.05832,-120.985435,95.13593,149.9717,0.214069,-0.6753512,0.120143875,8957852,3,1192,0.02667789,959
3000101000283,34000300001106,3000101000298,3000101000000,34,1.766336,3000101000284,-1,3000101000282,3000101000283,3000101000301,292,23.926256,22.721336,24.012321,14923,32.314613,3.4687982,27.631025,51475,3,0,3,-7.412177,-237.73796,-123.17775,83.12959,129.35545,0.09223777,-0.7700691,0.21720938,8961425,3,1106,0.033822816,727
3000101000284,33000300001225,3000101000298,3000101000000,33,1.9126327,3000101000285,-1,3000101000283,3000101000284,3000101000302,166,13.770508,12.823785,13.856573,14923,32.294586,3.619588,27.706629,51475,3,0,3,34.0815,-267.26794,-130.02463,68.07369,122.86308,0.14877716,-0.30473185,0.11899885,8957942,3,1225,0.021166606,637
3000101000285,32000300001449,3000101000298,3000101000000,32,2.0700274,3000101000286,-1,3000101000284,3000101000285,-1,152,12.13526,11.790997,12.393456,14923,32.291912,3.772106,27.771986,51475,3,0,3,29.73047,-258.81805,-131.2,70.68336,125.555885,0.3498587,-0.13575085,-0.009191709,8957942,3,1449,0.018079503,634
3000101000286,31000300001391,3000101000298,3000101000000,31,2.2394855,3000101000287,-1,3000101000285,3000101000286,-1,153,12.995916,12.651653,13.081982,14918,32.27461,3.944109,27.854301,51585,3,0,3,26.092306,-245.5777,-118.38625,70.76364,123.28266,0.39829373,-0.13634212,-0.09980122,8957950,3,1391,0.019151123,990
3000101000287,30000300001289,3000101000298,3000101000000,30,2.422044,3000101000288,-1,3000101000286,3000101000287,-1,156,13.598376,13.51231,13.770508,14918,32.259727,4.064102,27.92721,51585,3,0,3,25.97516,-230.25638,-111.401886,75.743515,127.73969,0.12511043,-0.1416228,0.03903839,8957906,3,1289,0.019077908,102
3000101000288,29000300001151,3000101000298,3000101000000,29,2.6188614,3000101000289,-1,3000101000287,3000101000288,-1,161,13.598376,13.51231,13.684442,14918,32.24987,4.2075005,27.97194,51585,3,0,3,27.613249,-226.88779,-110.322556,83.8942,135.39322,0.10141807,-0.17467758,-0.0888978,8957956,3,1151,0.01742545,461
3000101000289,28000300001188,3000101000298,3000101000000,28,2.8311827,3000101000290,-1,3000101000288,3000101000289,-1,135,11.5328,11.016406,11.704931,14918,32.236374,4.3601704,28.018799,51585,3,0,3,24.606594,-210.7382,-100.67627,84.54154,132.97704,0.13808003,-0.117827095,-0.016644577,8957956,3,1188,0.015092655,77
3000101000290,27000300001098,3000101000298,3000101000000,27,3.060419,3000101000291,-1,3000101000289,3000101000290,-1,128,7.1434507,7.1434507,7.3155823,14918,32.213978,4.528256,28.105055,51584,3,0,3,26.556023,-205.7533,-99.294716,69.32317,108.07879,0.09687816,-0.20565158,0.0046593538,8957951,3,1098,0.021620927,51
3000101000291,26000300001003,3000101000298,3000101000000,26,3.3080978,3000101000292,-1,3000101000290,3000101000291,-1,122,3.7008238,3.6147583,3.8729553,14918,32.185787,4.686172,28.19398,51584,3,0,3,25.170044,-190.34233,-96.337715,60.260662,90.05528,0.08785013,-0.17188624,-0.033588722,8957985,3,1003,0.029712407,522
3000101000292,25000300001226,3000101000297,3000101000000,25,3.575905,3000101000293,3000101000298,3000101000291,3000101000292,-1,85,4.0450864,3.8729553,4.217218,14918,32.203472,4.7797327,28.248846,51584,3,0,3,32.64299,-182.98183,-113.34892,58.25495,93.37041,0.3004485,-0.1235732,-0.033376466,8957942,3,1226,0.019061748,424
3000101000293,24000300001740,3000101000296,3000101000000,24,3.8656828,3000101000294,3000101000297,3000101000292,3000101000293,-1,54,4.3893495,4.217218,4.3893495,14918,32.191357,4.8886685,28.256052,51586,3,0,3,19.073788,-199.52571,-81.87002,61.107048,103.06985,0.040187594,-0.01041407,-0.07825751,8957932,3,1740,0.010529423,545
3000101000294,23000300001648,3000101000296,3000101000000,23,4.1794686,3000101000295,-1,3000101000293,3000101000294,-1,49,2.4098387,2.4098387,2.4098387,14918,32.180405,4.975332,28.268538,51586,3,0,3,17.132116,-184.88446,-82.66891,58.348827,97.26784,-0.047629233,-0.0452217,-0.06366726,8957960,3,1648,0.0110893175,69
3000101000295,22000300003123,3000101000296,3000101000000,22,4.5195556,3000101000296,-1,3000101000294,3000101000295,-1,23,1.6352477,1.6352477,1.7213135,14918,32.175034,5.1436257,28.400656,51590,3,0,3,13.596494,-180.41464,-110.58776,52.492004,80.13873,-0.057436865,-0.011854636,-0.020426206,8957525,3,3123,0.007875108,371
3000101000296,21000300002895,3000101000296,3000101000000,21,4.888449,-1,-1,3000101000295,3000101000296,-1,21,1.7213135,1.7213135,1.7213135,14918,32.14944,5.210234,28.45375,51590,3,0,3,14.339626,-173.37431,-104.44356,50.501087,90.266594,-0.062074993,-0.05558234,0.03630138,8957525,3,2895,0.006249968,714
3000101000297,24000300002761,3000101000297,3000101000000,24,3.8656828,-1,-1,3000101000292,3000101000297,-1,34,1.2049193,1.2049193,1.2049193,14918,32.103912,4.603778,28.375305,51588,3,0,3,39.5457,-141.63806,-135.24161,44.978554,73.035385,-0.25701982,0.041313626,-0.098304555,8961370,3,2761,0.017443236,467
3000101000298,25000300004711,3000101000298,3000101000000,25,3.575905,-1,-1,3000101000291,3000101000298,-1,20,0.0,0.0,0.0,14918,32.276146,4.606345,28.108799,51585,3,0,3,-4.3127055,-159.75607,-34.920555,36.177456,57.03732,-0.0842906,-0.040072184,-0.0032531298,8957972,3,4711,0.017274538,749
3000101000299,35000300004234,3000101000299,3000101000000,35,1.6302707,-1,-1,3000101000281,3000101000299,-1,22,1.2049193,1.2049193,1.2049193,14923,32.195423,3.1027374,27.67399,51474,3,0,3,-24.208508,-125.92076,-193.68182,26.592403,53.99837,0.15123731,-0.18478099,-0.096498825,8961442,3,4234,0.016884265,927
3000101000300,36000300001002,3000101000309,3000101000000,36,1.5036365,3000101000301,-1,3000101000280,3000101000281,3000101000109,43,0.0,0.0,0.0,14923,32.25198,3.1775115,27.494709,51475,3,0,3,-95.40867,-323.1834,-134.75624,54.650597,81.101776,0.010121309,-0.41056642,0.053949192,8960945,3,1002,0.013960081,378
3000101000301,34000300001107,3000101000309,3000101000000,34,1.766336,3000101000302,-1,3000101000300,3000101000283,-1,25,0.0,0.0,0.0,14923,32.407684,3.4995782,27.620378,51475,3,0,3,-129.15059,-208.9469,-72.80724,47.080578,79.53413,0.0010842469,-0.119768955,0.06290782,8960945,3,1107,0.009324445,365
3000101000302,33000300001226,3000101000309,3000101000000,33,1.9126327,3000101000303,-1,3000101000301,3000101000284,-1,43,0.0,0.0,0.0,14923,32.46211,3.6206045,27.643305,51475,3,0,3,-71.20279,-189.71361,-72.218025,46.53031,85.86782,-0.17483531,-0.00899148,-0.026488293,8960966,3,1226,0.012338127,932
3000101000303,32000300002247,3000101000309,3000101000000,32,2.0700274,3000101000304,-1,3000101000302,3000101000303,-1,72,4.905743,4.8196774,5.3360715,14923,32.5055,3.736279,27.701849,51475,3,0,3,-45.82342,-177.67679,-63.916832,49.640663,85.94716,-0.17220725,0.10348738,-6.3064166E-5,8960942,3,2247,0.019659156,189
3000101000304,31000300002180,3000101000309,3000101000000,31,2.2394855,3000101000305,-1,3000101000303,3000101000304,-1,81,5.9385314,5.8524656,5.9385314,14923,32.532654,3.8323662,27.734692,51475,3,0,3,-35.467464,-168.2706,-66.31192,54.862682,92.483864,-0.060924266,0.2715655,-0.0562303,8960942,3,2180,0.019956024,450
3000101000305,30000300002142,3000101000309,3000101000000,30,2.422044,3000101000306,-1,3000101000304,3000101000305,-1,77,5.680334,5.680334,5.8524656,14918,32.524284,3.9340765,27.785805,51585,3,0,3,-28.216194,-161.28563,-70.76218,57.591095,91.525055,-0.105794534,0.212192,-0.13479069,8960946,3,2142,0.019044174,840
3000101000306,29000300002159,3000101000309,3000101000000,29,2.6188614,3000101000307,-1,3000101000305,3000101000306,-1,71,4.217218,3.9590209,4.8196774,14918,32.593536,3.9920485,27.778563,51585,3,0,3,-18.541828,-159.28368,-71.281204,57.709908,86.46057,-0.0743993,0.19434959,-0.077438585,8960966,3,2159,0.020396369,177
3000101000307,28000300002314,3000101000309,3000101000000,28,2.8311827,3000101000308,-1,3000101000306,3000101000307,-1,60,4.0450864,4.0450864,4.131152,14918,32.532433,4.100364,27.836489,51585,3,0,3,-8.177695,-152.22746,-61.361496,57.314518,95.22315,-0.20576476,0.035674375,-0.03663021,8960862,3,2314,0.013727767,199
3000101000308,27000300003545,3000101000309,3000101000000,27,3.060419,3000101000309,-1,3000101000307,3000101000308,-1,34,2.7541015,2.7541015,3.098364,14918,32.55644,4.1707706,27.84831,51585,3,0,3,5.5366673,-144.70578,-44.58458,54.54277,88.40446,7.450988E-5,0.0703671,0.07394885,8960946,3,3545,0.009274972,880
3000101000309,26000300003590,3000101000309,3000101000000,26,3.3080978,-1,-1,3000101000308,3000101000309,-1,31,1.4631164,1.4631164,2.065576,14918,32.584812,4.2492266,27.864326,51585,3,0,3,5.7385826,-135.24986,-44.820484,47.168003,70.69779,0.060335018,0.09546057,0.09780632,8960865,3,3590,0.013369023,765