haloID,subHaloID,lastProgenitorId,treeId,snapNum,redshift,firstProgenitorId,nextProgenitorId,descendantId,firstHaloInFOFgroupId,nextHaloInFOFgroupId,np,m_Mean200,m_Crit200,m_TopHat,phKey,x,y,z,zIndex,ix,iy,iz,velX,velY,velZ,velDisp,vMax,spinX,spinY,spinZ,mostBoundID,fileNr,subhaloIndex,halfmassRadius,random
5000000000000,63000200000450,5000000000317,5000000000000,63,0.0,5000000000001,-1,-1,5000000000000,5000000000372,8409,916.16907,634.9925,826.4026,23942,35.7115,57.65356,62.253548,257398,3,6,6,70.970184,63.503475,23.718029,186.1057,304.66028,2.1892278,0.74172926,3.6522632,14415624,2,450,0.18205816,203
5000000000001,62000200000441,5000000000317,5000000000000,62,0.019932542,5000000000002,-1,5000000000000,5000000000001,5000000000445,8006,910.1445,677.59503,810.3083,23942,35.69814,57.647213,62.237267,257398,3,6,6,70.72933,58.32768,33.772625,192.3331,309.77008,1.0607901,0.81289107,3.1977866,14415317,2,441,0.1633227,794
5000000000002,61000200000411,5000000000317,5000000000000,61,0.041403063,5000000000003,-1,5000000000001,5000000000002,5000000000374,8134,900.5912,698.93933,806.5214,23942,35.68428,57.64363,62.218964,257398,3,6,6,69.329445,64.36685,34.804855,200.03102,317.6509,1.8436564,0.9305007,3.3551388,5266954,2,411,0.15596929,353
5000000000003,60000200000434,5000000000317,5000000000000,60,0.064493395,5000000000004,-1,5000000000002,5000000000003,5000000000375,8193,880.5379,708.66473,804.1116,23942,35.66527,57.639378,62.19119,257398,3,6,6,70.32944,68.30847,31.362627,205.25548,321.2516,3.1576066,1.062451,3.1898768,14415624,2,434,0.14825247,848
5000000000004,59000200000471,5000000000317,5000000000000,59,0.08928783,5000000000005,-1,5000000000003,5000000000004,5000000000448,8008,852.0502,696.35736,794.64435,23942,35.65474,57.62453,62.14933,257398,3,6,6,71.78446,73.173386,30.768017,205.23811,322.10574,3.9044962,1.0637114,2.9676528,14415330,2,471,0.14335828,511
5000000000005,58000200000473,5000000000317,5000000000000,58,0.11588337,5000000000006,-1,5000000000004,5000000000005,5000000000449,7737,833.8042,657.4557,776.3124,23942,35.641914,57.596714,62.116337,257396,3,6,6,71.53686,85.11484,37.717525,195.4555,309.8175,2.6934998,0.7154635,2.9543312,14414988,2,473,0.15396,723
5000000000006,57000200000481,5000000000317,5000000000000,57,0.14438343,5000000000007,-1,5000000000005,5000000000006,5000000000450,7226,811.16895,610.03345,750.57874,23942,35.627502,57.55965,62.09,257396,3,6,6,71.5304,99.94969,40.401142,185.54189,306.93027,1.7348528,0.93547577,2.454084,14415317,2,481,0.15419634,476
5000000000007,56000200000481,5000000000313,5000000000000,56,0.17489761,5000000000008,5000000000314,5000000000006,5000000000007,5000000000451,6662,789.56647,513.29565,716.41064,23942,35.61146,57.52665,62.07205,257396,3,6,6,75.71915,116.91242,39.178696,181.08115,309.3067,-0.52111644,0.7666665,1.5779208,14415317,2,481,0.14446744,758
5000000000008,55000200000473,5000000000309,5000000000000,55,0.20754863,5000000000009,5000000000310,5000000000007,5000000000008,5000000000452,6269,751.6115,458.47183,585.2466,23942,35.595325,57.49056,62.0561,257396,3,6,6,80.16487,125.62558,31.35891,176.54108,307.552,-3.499127,0.49637392,1.0029339,14415317,2,473,0.13335735,320
5000000000009,54000200000482,5000000000309,5000000000000,54,0.24246909,5000000000010,-1,5000000000008,5000000000009,5000000000453,6271,643.42694,445.7341,539.45966,23942,35.578445,57.447758,62.0537,257396,3,6,6,82.78371,124.856476,19.47956,174.23828,305.38354,-4.155449,0.43923217,1.4879653,14415419,2,482,0.13697071,122
5000000000010,53000200000477,5000000000284,5000000000000,53,0.2798018,5000000000011,5000000000285,5000000000009,5000000000010,5000000000454,5917,582.57855,435.2341,529.476,23942,35.553455,57.40138,62.057297,257396,3,6,6,90.57252,123.47376,8.79026,171.24289,301.94183,-4.627579,0.36953127,0.91845185,14415317,2,477,0.13153656,575
5000000000011,52000200000437,5000000000284,5000000000000,52,0.31970343,5000000000012,-1,5000000000010,5000000000011,5000000000455,5914,560.88995,410.44717,517.0826,23942,35.518265,57.360134,62.04653,257396,3,6,6,95.71327,120.91706,5.4452825,171.13582,302.40717,-4.5902314,0.32199445,1.4055248,14415317,2,437,0.1301671,245
5000000000012,51000200000398,5000000000284,5000000000000,51,0.36234027,5000000000013,-1,5000000000011,5000000000012,5000000000456,5470,538.34076,406.1439,488.59482,23942,35.481316,57.316643,62.046486,257396,3,6,6,99.74343,119.77751,-0.25797522,175.42554,307.38306,-3.2509162,-0.36388773,0.84020305,14414988,2,398,0.114439756,764
5000000000013,50000200000469,5000000000284,5000000000000,50,0.40789944,5000000000014,-1,5000000000012,5000000000013,5000000000591,5187,495.9104,413.8898,470.17676,23942,35.44045,57.272785,62.052063,257396,3,6,6,101.65428,124.3419,-6.7721767,180.01654,309.41214,-3.5171185,-0.5039625,0.55831295,14414988,2,469,0.106200755,358
5000000000014,49000200000444,5000000000253,5000000000000,49,0.45657724,5000000000015,5000000000254,5000000000013,5000000000014,5000000000332,4946,480.93497,407.69308,457.95544,23942,35.400978,57.221832,62.065453,257396,3,6,6,101.916504,130.05598,-13.534197,178.34723,306.08163,-3.0294938,-1.3761661,0.7450514,14414988,2,444,0.102287196,185
5000000000015,48000200000443,5000000000226,5000000000000,48,0.5085914,5000000000016,5000000000227,5000000000014,5000000000015,5000000000593,4667,471.5538,393.4062,447.2833,23942,35.362232,57.162872,62.086414,257396,3,6,6,101.94885,133.05255,-15.403201,176.92761,298.4092,-2.376109,-1.5359801,0.01663955,14414988,2,443,0.097671725,925
5000000000016,47000200000438,5000000000204,5000000000000,47,0.5641766,5000000000017,5000000000205,5000000000015,5000000000016,5000000000334,4447,451.32837,386.7791,432.56607,23942,35.315674,57.106346,62.086983,257396,3,6,6,105.49097,137.45447,-15.002257,179.34363,307.53607,-1.9013404,-1.7081581,0.17331935,14415317,2,438,0.0895829,64
5000000000017,46000200000390,5000000000176,5000000000000,46,0.6235901,5000000000018,5000000000177,5000000000016,5000000000017,5000000000335,4220,433.42673,346.32825,408.98407,23942,35.268044,57.04255,62.102356,257396,3,6,6,105.39961,139.05945,-13.726209,182.48322,310.17938,-0.968391,-1.5360519,0.20969409,5267437,2,390,0.08356684,354
5000000000018,45000200000347,5000000000145,5000000000000,45,0.6871088,5000000000019,5000000000146,5000000000017,5000000000018,5000000000336,4257,387.81192,330.14792,371.2873,23942,35.224365,56.974873,62.11895,257396,3,6,6,105.65874,140.01184,-9.120678,180.87103,309.24423,-1.1780946,-1.6174428,0.29143214,14414988,2,347,0.08344685,180
5000000000019,44000200000320,5000000000145,5000000000000,44,0.75503564,5000000000020,-1,5000000000018,5000000000019,5000000000337,4027,369.39386,313.79544,353.04138,23942,35.181396,56.89566,62.128513,257396,3,6,6,105.69557,139.13123,3.2445576,172.62051,302.1617,-1.0782073,-1.5633339,0.106047265,14415475,2,320,0.086255215,674
5000000000020,43000200000273,5000000000145,5000000000000,43,0.8276991,5000000000021,-1,5000000000019,5000000000020,5000000000338,3954,345.55368,290.90198,334.193,23993,35.13375,56.826424,62.12598,257341,3,6,6,107.003105,139.45575,7.846559,171.04759,302.4963,-1.3311753,-1.2861787,-0.15188988,14415317,2,273,0.08643916,787
5000000000021,42000200000280,5000000000144,5000000000000,42,0.9054624,5000000000022,5000000000145,5000000000020,5000000000021,5000000000339,3565,325.75858,294.17245,321.28314,23993,35.080376,56.759567,62.125065,257341,3,6,6,110.61284,141.35309,14.462805,166.59753,288.8086,-0.7820596,-0.32014218,-0.25835317,14415317,2,280,0.0821133,33
5000000000022,41000200000297,5000000000144,5000000000000,41,0.98870814,5000000000023,-1,5000000000021,5000000000022,5000000000149,3275,314.05362,284.18884,309.66428,23993,35.012318,56.69284,62.1221,257341,3,6,6,106.05022,143.52687,13.226822,176.54572,295.4952,-0.7397907,-0.75067484,-0.47806948,14415317,2,297,0.06967731,83
5000000000023,40000200000258,5000000000144,5000000000000,40,1.0778745,5000000000024,-1,5000000000022,5000000000023,5000000000150,3117,302.0905,278.85278,299.5946,23998,34.946323,56.63073,62.135494,257327,3,6,6,108.01482,139.6972,13.538148,183.99283,304.0019,-0.5660838,-0.5397833,-0.47058696,14415350,2,258,0.06444905,844
5000000000024,39000500000227,5000000000144,5000000000000,39,1.173417,5000000000025,-1,5000000000023,5000000000024,5000000000183,2998,289.35278,272.0536,288.40607,23998,34.889576,56.54244,62.133335,257327,3,6,6,104.86537,138.28488,8.314067,183.05269,301.09656,0.53950155,0.45664072,-0.7235002,14415443,5,227,0.062050737,651
5000000000025,38000200000268,5000000000122,5000000000000,38,1.2758462,5000000000026,5000000000123,5000000000024,5000000000025,5000000000184,2939,265.08228,249.67651,265.08228,23998,34.84559,56.477287,62.161057,257327,3,6,6,107.254684,128.98566,9.902578,181.41234,301.47922,0.46926335,0.6613287,-0.7951935,14415624,2,268,0.060687535,930
5000000000026,37000500000188,5000000000122,5000000000000,37,1.3857181,5000000000027,-1,5000000000025,5000000000026,5000000000185,2663,246.92241,233.58223,247.52487,23998,34.79634,56.42783,62.160767,257327,3,6,6,110.193504,117.399574,10.056263,168.12318,285.4883,0.9849284,1.0897741,-0.67037815,14415350,5,188,0.060970873,994
5000000000027,36000200000218,5000000000122,5000000000000,36,1.5036365,5000000000028,-1,5000000000026,5000000000027,5000000000154,2568,219.03714,209.05351,220.41418,23998,34.73782,56.35445,62.160297,257327,3,6,6,116.44013,116.96917,8.227329,167.53842,281.61716,0.52260166,1.0510452,-0.5914525,14415362,2,218,0.060309764,763
5000000000028,35000200000186,5000000000111,5000000000000,35,1.6302707,5000000000029,5000000000112,5000000000027,5000000000028,5000000000155,2360,204.92236,191.15186,208.27893,23998,34.670868,56.294025,62.183426,257327,3,6,6,117.9604,118.95098,7.052564,168.46478,283.98764,0.51954114,0.70840216,-0.4878038,14415874,2,186,0.055110693,513
5000000000029,34000200000171,5000000000111,5000000000000,34,1.766336,5000000000030,-1,5000000000028,5000000000029,5000000000127,2395,200.87727,192.95923,206.29941,23998,34.608418,56.23668,62.170444,257327,3,6,6,126.15913,115.111046,2.8442686,175.92386,289.15237,-0.060996085,0.5149338,-0.2690819,14415874,2,171,0.053851668,110
5000000000030,33000200000155,5000000000092,5000000000000,33,1.9126327,5000000000031,5000000000093,5000000000029,5000000000030,5000000000093,2317,220.06992,211.89368,224.8896,23998,34.52447,56.176254,62.146942,257327,3,6,6,127.39416,121.374,6.3141007,176.73357,286.75534,-0.29421848,0.27198577,-0.41817424,14415824,2,155,0.053185847,667
5000000000031,32000500000079,5000000000092,5000000000000,32,2.0700274,5000000000032,-1,5000000000030,5000000000031,5000000000094,2512,226.95517,221.44698,230.1396,23998,34.451344,56.080513,62.12537,257327,3,6,6,122.43954,115.79229,6.662349,187.73427,301.9518,-0.27146932,-0.13455205,-0.4690871,5267445,5,79,0.052810654,680
5000000000032,31000500000077,5000000000092,5000000000000,31,2.2394855,5000000000033,-1,5000000000031,5000000000032,5000000000129,2252,214.47565,209.39778,217.40189,23998,34.37307,55.99217,62.10742,257327,3,6,6,114.79797,113.98502,-15.553892,199.25279,307.8249,0.24223666,0.42229056,-0.36874387,14415874,5,77,0.045637067,608
5000000000033,30000200000091,5000000000092,5000000000000,30,2.422044,5000000000034,-1,5000000000032,5000000000033,5000000000096,2062,191.66824,188.22562,194.33629,23998,34.319492,55.951176,62.136738,257327,3,6,6,116.320045,98.47047,-13.039896,193.18062,307.88782,0.17265955,0.39217666,-0.30283308,14415472,2,91,0.04180901,289
5000000000034,29000200000091,5000000000092,5000000000000,29,2.6188614,5000000000035,-1,5000000000033,5000000000034,5000000000097,1849,157.75838,155.77887,160.16821,23998,34.26127,55.951008,62.178543,257327,3,6,6,116.675186,88.65705,-7.96709,178.64554,291.4522,0.1637856,0.27598447,-0.27031082,5267437,2,91,0.045458227,649
5000000000035,28000200000061,5000000000061,5000000000000,28,2.8311827,5000000000036,5000000000062,5000000000034,5000000000035,5000000000074,1343,118.598495,116.791115,123.15997,23998,34.172302,55.921127,62.20133,257326,3,6,6,130.50288,54.440056,-3.881892,188.40108,291.91544,-1.0588542,-0.30048242,0.21101938,14415788,2,61,0.02941275,158
5000000000036,27000500000058,5000000000061,5000000000000,27,3.060419,5000000000037,-1,5000000000035,5000000000036,-1,1264,103.62307,102.24602,106.5493,23998,34.085396,55.887074,62.14794,257326,3,6,6,131.07979,52.128036,1.9730356,166.35385,262.18643,-0.9676937,-0.14982453,-1.4462449E-4,14415848,5,58,0.03502536,734
5000000000037,26000200000045,5000000000061,5000000000000,26,3.3080978,5000000000038,-1,5000000000036,5000000000037,5000000000063,1068,71.00418,69.713196,75.307465,23998,33.99305,55.86096,62.118824,257326,3,6,6,137.1162,49.126717,16.392773,148.08252,246.93416,-0.7032142,-0.013723582,0.3036021,14415352,2,45,0.032868575,282
5000000000038,25000200000039,5000000000061,5000000000000,25,3.575905,5000000000039,-1,5000000000037,5000000000038,5000000000064,908,64.204994,63.4304,67.30335,23998,33.89089,55.84971,62.099293,257326,3,6,6,140.53987,45.366657,23.584269,142.2618,238.22081,-0.51499695,-0.10683325,0.17774117,14415634,2,39,0.030880224,473
5000000000039,24000500000047,5000000000061,5000000000000,24,3.8656828,5000000000040,-1,5000000000038,5000000000039,-1,755,59.557446,58.69679,60.762363,23998,33.81594,55.82564,62.080757,257326,3,6,6,140.78076,39.736713,24.519238,145.05464,242.64238,-0.39309648,0.099345826,0.129544,14415570,5,47,0.024840098,698
5000000000040,23000500000046,5000000000061,5000000000000,23,4.1794686,5000000000041,-1,5000000000039,5000000000040,-1,651,54.307438,53.963177,55.85662,23998,33.74195,55.794327,62.082634,257326,3,6,6,140.38925,38.50115,22.487633,151.28523,248.63916,-0.40688002,0.16142373,0.2269057,14415558,5,46,0.020993592,829
5000000000041,22000500000026,5000000000050,5000000000000,22,4.5195556,5000000000042,5000000000051,5000000000040,5000000000041,5000000000051,545,48.196777,47.852512,49.315628,23998,33.683994,55.764565,62.10003,257326,3,6,6,128.96674,35.5088,20.428194,153.58514,236.64757,-0.4360763,0.34269252,0.2870836,14415790,5,26,0.019542076,404
5000000000042,21000500000029,5000000000050,5000000000000,21,4.888449,5000000000043,-1,5000000000041,5000000000042,-1,494,38.901684,38.815617,40.19267,23998,33.586014,55.754402,62.05596,257326,3,6,6,135.80461,37.517162,13.045899,145.81195,239.45578,-0.20158315,0.008709604,0.043566626,14415568,5,29,0.01702908,614
5000000000043,20000500000020,5000000000050,5000000000000,20,5.2888336,5000000000044,-1,5000000000042,5000000000043,5000000000052,349,20.397564,20.311499,21.08609,23998,33.468502,55.78214,61.94854,257326,3,6,6,149.66293,30.03511,50.66114,123.94925,192.6312,-0.38753417,-0.13558607,0.09700313,14415843,5,20,0.018639922,998
5000000000044,19000500000036,5000000000050,5000000000000,19,5.7238646,5000000000045,-1,5000000000043,5000000000044,-1,199,17.385265,17.2992,17.557398,23998,33.384808,55.772007,61.930893,257326,3,6,6,170.51881,5.15518,53.092815,120.585526,195.71846,-0.25071615,0.18381438,0.24841584,14415871,5,36,0.010562194,296
5000000000045,18000500000018,5000000000050,5000000000000,18,6.1968336,5000000000046,-1,5000000000044,5000000000045,-1,176,12.823785,12.823785,13.168048,23998,33.29355,55.754833,61.91768,257326,3,6,6,163.9103,19.826729,41.572937,116.30688,187.35022,-0.1753814,0.093884945,0.19224732,14415837,5,18,0.009985308,517
5000000000046,17000500000022,5000000000050,5000000000000,17,6.7115865,5000000000047,-1,5000000000045,5000000000046,-1,145,8.606567,8.606567,8.864764,23998,33.217857,55.726658,61.924213,257326,3,6,6,159.51709,28.400427,29.538042,96.41698,160.53008,-0.053191498,0.19562379,0.24953036,14415347,5,22,0.012250996,254
5000000000047,16000500000014,5000000000050,5000000000000,16,7.272188,5000000000048,-1,5000000000046,5000000000047,-1,105,3.5286925,3.5286925,3.7008238,23999,33.10812,55.707146,61.9036,257319,3,6,6,164.63393,43.930706,19.5437,77.70749,127.19906,-0.097219676,0.13144842,0.18192016,14415840,5,14,0.014521061,872
5000000000048,15000500000031,5000000000050,5000000000000,15,7.8832035,5000000000049,-1,5000000000047,5000000000048,-1,61,3.2704954,3.2704954,3.3565612,23999,33.03313,55.66694,61.891827,257319,3,6,6,154.6406,47.54031,-5.17245,75.02054,132.58537,-0.084021494,0.12545058,0.14906316,14415846,5,31,0.0067135454,538
5000000000049,14000500000043,5000000000050,5000000000000,14,8.549912,5000000000050,-1,5000000000048,5000000000049,-1,39,2.4959044,2.4098387,2.4959044,23999,32.97543,55.65225,61.89191,257317,3,6,6,145.79892,25.25495,16.443178,71.917984,125.63367,0.009776834,0.062381364,0.056760207,14415846,5,43,0.0051620873,767
5000000000050,13000500000037,5000000000050,5000000000000,13,9.277915,-1,-1,5000000000049,5000000000050,-1,27,1.2049193,1.2049193,1.3770508,23999,32.88303,55.64423,61.867508,257317,3,6,6,146.72008,46.168106,7.0959,59.023785,99.06156,-0.031042054,-0.02494925,0.043418813,14415351,5,37,0.0057014413,988
5000000000051,22000500000027,5000000000061,5000000000000,22,4.5195556,5000000000052,-1,5000000000040,5000000000041,-1,26,0.0,0.0,0.0,23998,33.6394,55.80373,62.01634,257326,3,6,6,138.90935,28.899721,44.65611,72.027824,110.76645,-0.07769112,-0.025541274,-0.044296402,14415362,5,27,0.0045262924,356
5000000000052,20000500000021,5000000000061,5000000000000,20,5.2888336,5000000000053,-1,5000000000051,5000000000043,-1,62,0.0,0.0,0.0,23998,33.567238,55.700546,62.123226,257326,3,6,6,63.4665,75.71786,-125.96083,87.31402,144.43906,-0.07930865,0.20213468,0.005935168,14416138,5,21,0.006148376,260
5000000000053,19000500000046,5000000000061,5000000000000,19,5.7238646,5000000000054,-1,5000000000052,5000000000053,-1,159,9.8975525,9.8975525,10.155749,23998,33.514698,55.67465,62.193913,257326,3,6,6,61.96791,80.745804,-11.411298,98.303894,150.26724,-0.0050718584,0.38964722,-0.032301955,14415300,5,46,0.01425715,865
5000000000054,18000500000042,5000000000061,5000000000000,18,6.1968336,5000000000055,-1,5000000000053,5000000000054,-1,124,5.680334,5.680334,6.196728,23998,33.476154,55.641487,62.24587,257324,3,6,6,79.490135,59.462234,-34.546467,89.99426,135.97217,0.0023271574,0.45204738,-0.010387801,14415371,5,42,0.013715175,237
5000000000055,17000500000026,5000000000061,5000000000000,17,6.7115865,5000000000056,-1,5000000000054,5000000000055,-1,120,6.971319,6.6270566,7.3155823,23998,33.44284,55.600044,62.25219,257324,3,6,6,87.523766,49.820057,-21.560083,90.27837,147.47025,-0.079311505,0.32117653,-0.0018405357,14415300,5,26,0.010413527,211
5000000000056,16000500000042,5000000000059,5000000000000,16,7.272188,5000000000057,5000000000060,5000000000055,5000000000056,-1,70,5.9385314,5.9385314,6.024597,23998,33.40296,55.554447,62.264095,257324,3,6,6,98.95077,51.768238,-23.580402,98.868774,155.93883,-0.05304142,-0.04609824,-0.11274806,14416138,5,42,0.005994425,287
5000000000057,15000500000039,5000000000059,5000000000000,15,7.8832035,5000000000058,-1,5000000000056,5000000000057,-1,57,4.4754148,4.4754148,4.5614805,23998,33.38609,55.51927,62.263527,257324,3,6,6,70.09592,55.29529,-10.648716,87.113686,145.65976,-0.02209756,-0.03753896,-0.10759909,14415302,5,39,0.0055654338,984
5000000000058,14000500000026,5000000000059,5000000000000,14,8.549912,5000000000059,-1,5000000000057,5000000000058,-1,46,2.7541015,2.7541015,2.9262328,23998,33.340706,55.503063,62.26178,257324,3,6,6,66.32045,62.43784,2.089993,74.45906,129.36761,-0.04559958,-0.07202395,-0.049071517,14415365,5,26,0.005704014,495
5000000000059,13000500000035,5000000000059,5000000000000,13,9.277915,-1,-1,5000000000058,5000000000059,-1,26,1.2049193,1.2049193,1.2909851,23998,33.272213,55.48716,62.27368,257324,3,6,6,86.277916,70.139656,-5.117238,62.341373,97.37551,0.03193566,-0.124053724,-0.18218687,14415303,5,35,0.0054943934,954
5000000000060,16000200000305,5000000000061,5000000000000,16,7.272188,5000000000061,-1,5000000000055,5000000000060,-1,23,0.9467224,0.9467224,0.9467224,23998,33.522793,55.517494,62.409637,257324,3,6,6,104.457115,77.67867,-79.84643,43.943512,79.36156,0.059322827,0.12610233,0.0487687,5267432,2,305,0.007852589,471
5000000000061,15000200000122,5000000000061,5000000000000,15,7.8832035,-1,-1,5000000000060,5000000000061,-1,30,0.0,0.0,0.86065674,23998,33.461304,55.45459,62.468735,257324,3,6,6,108.052,67.176765,-66.44799,55.131943,87.40821,0.04268475,0.09825673,0.001502517,5267450,2,122,0.007911946,948
5000000000062,28000200000063,5000000000073,5000000000000,28,2.8311827,5000000000063,5000000000074,5000000000034,5000000000035,-1,24,0.0,0.0,0.0,23998,34.149193,55.909134,62.09761,257326,3,6,6,37.929398,41.58903,-156.48686,67.45179,96.57348,-0.042782925,-0.037982237,0.1622923,5264877,2,63,0.006066144,380
5000000000063,26000200000046,5000000000073,5000000000000,26,3.3080978,5000000000064,-1,5000000000062,5000000000037,-1,77,0.0,0.0,0.0,23998,34.08887,55.862553,62.387672,257326,3,6,6,32.770126,96.43472,-177.46149,75.66348,120.50043,0.13369097,0.19711745,-0.051942173,5264912,2,46,0.010178844,386
5000000000064,25000200000040,5000000000073,5000000000000,25,3.575905,5000000000065,-1,5000000000063,5000000000038,-1,130,0.0,0.0,0.0,23998,34.07002,55.796005,62.485077,257326,3,6,6,52.251278,111.38278,-117.814705,86.20472,139.77887,0.07271329,0.09596211,-0.18404876,5264876,2,40,0.0141779445,541
5000000000065,24000200000408,5000000000073,5000000000000,24,3.8656828,5000000000066,-1,5000000000064,5000000000065,-1,138,13.340179,13.168048,13.856573,8769,34.0806,55.717796,0.06497231,107530,3,6,0,59.669632,122.063515,-86.11126,86.31253,134.67787,0.14718062,0.107551545,-0.31254578,5264872,2,408,0.016173733,658
5000000000066,23000200000308,5000000000072,5000000000000,23,4.1794686,5000000000067,5000000000073,5000000000065,5000000000066,5000000000073,101,6.282794,6.282794,6.4549255,8769,34.051353,55.670025,0.14638005,107530,3,6,0,46.201714,91.724884,-106.19436,68.92702,111.40606,0.091600984,-0.07822749,9.818027E-4,5267477,2,308,0.015758902,361
5000000000067,22000200000313,5000000000072,5000000000000,22,4.5195556,5000000000068,-1,5000000000066,5000000000067,-1,122,5.0778747,5.0778747,5.3360715,8769,34.0086,55.644047,0.187452,107528,3,6,0,55.58746,118.27587,-60.86338,74.4228,127.54575,0.11493457,0.24339993,-0.13189933,5266614,2,313,0.019928148,49
5000000000068,21000200000464,5000000000072,5000000000000,21,4.888449,5000000000069,-1,5000000000067,5000000000068,-1,69,5.2500057,5.2500057,5.8524656,8769,33.994015,55.57825,0.23055144,107528,3,6,0,54.25233,125.90665,-76.810905,70.8343,116.02586,-0.03340478,3.7290997E-4,0.15573375,5266616,2,464,0.010342165,74
5000000000069,20000200000479,5000000000072,5000000000000,20,5.2888336,5000000000070,-1,5000000000068,5000000000069,-1,54,5.0778747,5.0778747,5.0778747,8769,33.958374,55.527008,0.25963828,107528,3,6,0,53.211338,120.71912,-64.787445,73.28741,118.59359,0.107459135,-0.027815776,0.06668124,5266616,2,479,0.007578251,753
5000000000070,19000200000420,5000000000072,5000000000000,19,5.7238646,5000000000071,-1,5000000000069,5000000000070,-1,50,4.6475463,4.6475463,4.733612,8769,33.93448,55.476852,0.28731832,107528,3,6,0,57.780502,113.778564,-67.68044,74.30672,120.453156,0.11032083,-0.09383167,-0.012558905,5264871,2,420,0.007714417,726
5000000000071,18000200000428,5000000000072,5000000000000,18,6.1968336,5000000000072,-1,5000000000070,5000000000071,-1,41,2.840167,2.840167,2.9262328,8769,33.901054,55.41539,0.30664745,107528,3,6,0,60.123222,105.041115,-59.429474,64.10887,105.488914,0.10174629,-0.09929935,-0.0019408627,5264871,2,428,0.008517603,461
5000000000072,17000200000757,5000000000072,5000000000000,17,6.7115865,-1,-1,5000000000071,5000000000072,-1,21,1.8073791,1.8073791,1.8934448,8769,33.876522,55.30403,0.31994173,107528,3,6,0,69.459526,150.9761,-41.050976,53.803936,93.11342,-0.075098686,-0.01850854,-0.117652886,5266616,2,757,0.0053370614,874
5000000000073,23000200000309,5000000000073,5000000000000,23,4.1794686,-1,-1,5000000000065,5000000000066,-1,38,0.0,0.0,0.0,8769,33.948975,55.707935,0.07212837,107530,3,6,0,94.87473,132.7006,0.48829502,56.31874,82.29172,-0.030854179,0.20215085,-0.441006,14417821,2,309,0.011091293,623
5000000000074,28000200000062,5000000000092,5000000000000,28,2.8311827,5000000000075,-1,5000000000034,5000000000035,5000000000062,148,0.0,0.0,0.0,23998,34.260384,55.601322,62.089016,257325,3,6,6,31.69035,333.56693,-56.943867,87.14035,140.82616,0.07059532,0.24845578,0.014953586,14417781,2,62,0.017441457,411
5000000000075,27000500000566,5000000000092,5000000000000,27,3.060419,5000000000076,-1,5000000000074,5000000000075,-1,144,10.155749,9.983618,10.672143,23998,34.20498,55.424744,62.105934,257325,3,6,6,32.946945,288.27484,-51.365986,73.36033,121.54651,0.056948476,0.21311843,0.2784853,14417092,5,566,0.019640578,390
5000000000076,26000500000597,5000000000092,5000000000000,26,3.3080978,5000000000077,-1,5000000000075,5000000000076,-1,124,5.508203,5.508203,6.196728,23998,34.136997,55.29639,62.110737,257324,3,6,6,36.723938,252.60056,-45.888958,61.56248,106.96028,0.057571698,0.3662706,0.38562587,14417839,5,597,0.022994295,410
5000000000077,25000500000634,5000000000092,5000000000000,25,3.575905,5000000000078,-1,5000000000076,5000000000077,-1,105,2.840167,2.840167,2.840167,23998,34.200607,55.05355,62.14234,257325,3,6,6,29.009525,232.08122,-31.162128,61.238567,87.783394,-0.068622895,0.40214851,0.63730687,14417907,5,634,0.03214739,529
5000000000078,24000500001588,5000000000083,5000000000000,24,3.8656828,5000000000079,5000000000084,5000000000077,5000000000078,-1,34,2.9262328,2.9262328,3.098364,23998,34.219784,54.90691,62.162724,257325,3,6,6,6.251262,267.9715,-7.593049,53.853527,93.90695,0.025617335,-0.040217835,0.022611111,14417082,5,1588,0.008888149,476
5000000000079,23000500001380,5000000000083,5000000000000,23,4.1794686,5000000000080,-1,5000000000078,5000000000079,-1,30,2.1516418,2.1516418,2.4098387,23998,34.221844,54.754696,62.160065,257325,3,6,6,-0.26566142,247.5178,-9.827226,44.901623,88.970436,-0.010916549,-0.038479153,0.05329767,14417907,5,1380,0.008680217,416
5000000000080,22000500001219,5000000000083,5000000000000,22,4.5195556,5000000000081,-1,5000000000079,5000000000080,-1,33,1.8073791,1.8073791,1.8934448,24003,34.224903,54.655064,62.18424,256447,3,6,6,1.3973361,235.63374,-5.2535534,48.226387,80.94463,0.036800425,-0.094631836,-0.024736775,14417698,5,1219,0.01106858,627
5000000000081,21000500001166,5000000000083,5000000000000,21,4.888449,5000000000082,-1,5000000000080,5000000000081,-1,31,2.4098387,2.4098387,2.4098387,24003,34.231026,54.489185,62.158974,256447,3,6,6,13.472723,224.76996,-9.172899,55.256104,93.11569,0.0021573857,-0.06377267,0.01795921,14417902,5,1166,0.008478117,792
5000000000082,20000500001011,5000000000083,5000000000000,20,5.2888336,5000000000083,-1,5000000000081,5000000000082,-1,30,2.1516418,2.1516418,2.2377074,24003,34.219048,54.38666,62.192783,256447,3,6,6,20.069565,209.93634,-8.257304,59.04248,97.79318,0.01626601,-0.088602886,0.02991457,14417082,5,1011,0.0064255367,831
5000000000083,19000500001112,5000000000083,5000000000000,19,5.7238646,-1,-1,5000000000082,5000000000083,-1,22,1.8073791,1.8073791,1.8073791,24003,34.22971,54.300095,62.208405,256447,3,6,6,12.762846,192.22777,-15.779681,58.650436,92.20055,0.0014356255,-0.028667886,0.03493866,14417902,5,1112,0.0062931995,51
5000000000084,24000500001202,5000000000088,5000000000000,24,3.8656828,5000000000085,5000000000089,5000000000077,5000000000084,-1,46,2.2377074,1.9795104,2.2377074,23998,34.082626,55.077835,62.16364,257324,3,6,6,27.829882,170.58447,-19.555817,49.21818,84.82095,0.02274846,-0.2261434,0.124577366,14417802,5,1202,0.014826731,161
5000000000085,23000500001140,5000000000088,5000000000000,23,4.1794686,5000000000086,-1,5000000000084,5000000000085,-1,45,2.065576,2.065576,2.6680357,23998,34.057907,55.006317,62.143585,257324,3,6,6,10.107791,162.5061,-15.136689,47.007732,87.519745,0.030648727,-0.21792519,0.052316796,14417811,5,1140,0.01353163,67
5000000000086,22000500001357,5000000000088,5000000000000,22,4.5195556,5000000000087,-1,5000000000085,5000000000086,-1,32,2.1516418,2.1516418,2.1516418,23998,34.07407,54.93395,62.19837,257324,3,6,6,-4.0015373,143.89423,-25.10368,48.24218,84.12191,0.03446793,-0.06242222,0.09433172,14417707,5,1357,0.010480191,544
5000000000087,21000500001316,5000000000088,5000000000000,21,4.888449,5000000000088,-1,5000000000086,5000000000087,-1,29,1.4631164,1.4631164,1.7213135,23998,34.103554,54.84884,62.23211,257324,3,6,6,-18.722555,142.62497,-20.909964,50.409527,77.50115,0.06088373,-0.026564939,0.00545923,14417707,5,1316,0.010166098,389
5000000000088,20000500001102,5000000000088,5000000000000,20,5.2888336,-1,-1,5000000000087,5000000000088,-1,24,1.8934448,1.8934448,2.065576,23998,34.08608,54.80567,62.214268,257324,3,6,6,-22.458853,122.36757,-17.556246,50.607822,86.91245,-0.029585237,-0.08556582,0.0058748433,14417915,5,1102,0.008554869,499
5000000000089,23000500001798,5000000000092,5000000000000,23,4.1794686,5000000000090,-1,5000000000077,5000000000089,-1,23,1.7213135,1.7213135,1.8073791,23998,34.261936,54.78354,62.34695,257325,3,6,6,86.80816,240.53549,-71.18404,42.733814,75.651726,-0.0032956984,0.021197593,-0.0125220055,14416235,5,1798,0.0077609243,251
5000000000090,22000500001403,5000000000092,5000000000000,22,4.5195556,5000000000091,-1,5000000000089,5000000000090,-1,27,2.5819702,2.5819702,2.5819702,24003,34.205074,54.651676,62.358177,256447,3,6,6,101.890724,226.25438,-55.68463,62.440304,93.31071,-0.02184363,-0.033293124,0.0332503,5266497,5,1403,0.005951617,146
5000000000091,21000500001323,5000000000092,5000000000000,21,4.888449,5000000000092,-1,5000000000090,5000000000091,-1,26,1.9795104,1.9795104,2.4098387,24003,34.15312,54.540764,62.385437,256446,3,6,6,99.94588,217.31152,-44.726135,61.817333,100.33821,-0.022884637,-0.044909813,0.014078479,5266497,5,1323,0.00585042,806
5000000000092,20000200001605,5000000000092,5000000000000,20,5.2888336,-1,-1,5000000000091,5000000000092,-1,23,1.032788,1.032788,1.032788,24003,34.060177,54.414124,62.38603,256446,3,6,6,112.67692,202.40051,-31.425308,45.9233,71.45682,-0.013905506,-0.060279027,-0.028682435,5266493,2,1605,0.008889777,900
5000000000093,33000200000156,5000000000111,5000000000000,33,1.9126327,5000000000094,-1,5000000000029,5000000000030,5000000000128,43,0.0,0.0,0.0,23998,34.5093,56.25633,62.302677,257327,3,6,6,96.04726,-7.90341,-100.44879,56.231102,88.76014,-0.027376285,-0.07083177,-0.060323317,14417956,2,156,0.011434896,684
5000000000094,32000500000080,5000000000111,5000000000000,32,2.0700274,5000000000095,-1,5000000000093,5000000000031,5000000000115,30,0.0,0.0,0.0,23998,34.450523,56.225304,62.31225,257327,3,6,6,107.72014,156.57567,67.3638,59.643402,95.49118,0.13738315,-0.032190375,0.06011249,14417961,5,80,0.008205747,876
5000000000095,31000500000079,5000000000111,5000000000000,31,2.2394855,5000000000096,-1,5000000000094,5000000000032,-1,39,0.0,0.0,0.0,23998,34.364902,56.09109,62.200455,257327,3,6,6,194.6305,366.55728,342.98373,70.78342,111.824745,0.10020862,-0.154862,0.03906907,14418043,5,79,0.006592889,961
5000000000096,30000200000092,5000000000111,5000000000000,30,2.422044,5000000000097,-1,5000000000095,5000000000033,5000000000116,66,0.0,0.0,0.0,23998,34.331707,55.81475,62.00583,257327,3,6,6,-30.255379,410.8641,218.20828,82.22756,128.9059,-0.01048727,-0.072385,0.06410145,14417957,2,92,0.008243523,546
5000000000097,29000200000092,5000000000111,5000000000000,29,2.6188614,5000000000098,-1,5000000000096,5000000000034,-1,115,0.0,0.0,0.0,23998,34.358208,55.61536,61.920036,257325,3,6,6,-0.64155227,302.99625,130.875,76.47896,132.77377,0.055940673,-0.20230898,0.17587748,14417962,2,92,0.014409064,709
5000000000098,28000500000573,5000000000111,5000000000000,28,2.8311827,5000000000099,-1,5000000000097,5000000000098,-1,168,12.995916,12.995916,13.770508,23998,34.33259,55.464848,61.836044,257325,3,6,6,37.83229,254.07957,92.85886,77.84363,132.78262,0.049379233,0.17593773,0.57027584,14417962,5,573,0.018953506,279
5000000000099,27000500000432,5000000000111,5000000000000,27,3.060419,5000000000100,-1,5000000000098,5000000000099,-1,165,12.565588,12.479523,13.254113,23998,34.328907,55.322327,61.82009,257325,3,6,6,45.19183,239.71735,64.83839,73.2318,128.14166,0.044698324,0.058616195,0.34724587,14417970,5,432,0.019000586,273
5000000000100,26000500000413,5000000000111,5000000000000,26,3.3080978,5000000000101,-1,5000000000099,5000000000100,-1,153,12.995916,12.995916,14.372967,23998,34.289906,55.18495,61.79234,257325,3,6,6,57.793102,215.07988,43.70022,72.74395,130.39825,-0.07657652,-0.22212178,0.1455819,14417962,5,413,0.017525952,3
5000000000101,25000500000443,5000000000111,5000000000000,25,3.575905,5000000000102,-1,5000000000100,5000000000101,-1,147,11.963128,11.704931,12.393456,23998,34.263035,55.07631,61.758774,257325,3,6,6,75.00129,203.60033,41.684475,84.473854,138.48894,-0.059341382,-0.32119387,0.2499722,14417962,5,443,0.015513226,513
5000000000102,24000500000359,5000000000111,5000000000000,24,3.8656828,5000000000103,-1,5000000000101,5000000000102,-1,153,13.254113,13.254113,13.254113,23998,34.200546,54.974174,61.741234,257325,3,6,6,77.86063,203.10896,39.00047,90.93095,146.25587,-0.044923607,-0.2012691,0.15143533,14417962,5,359,0.014630481,967
5000000000103,23000500000268,5000000000111,5000000000000,23,4.1794686,5000000000104,-1,5000000000102,5000000000103,-1,145,8.176239,8.176239,8.9508295,23998,34.131058,54.90224,61.761665,257324,3,6,6,79.13415,188.57549,39.785675,86.8985,130.90508,-0.0386082,-0.3110667,0.17230871,14417925,5,268,0.017099466,877
5000000000104,22000500000205,5000000000111,5000000000000,22,4.5195556,5000000000105,-1,5000000000103,5000000000104,-1,139,6.4549255,6.4549255,6.4549255,23998,34.10188,54.81903,61.751328,257324,3,6,6,81.84704,171.79727,40.822662,81.05001,128.23631,-0.13248749,-0.44125026,0.29522526,14417948,5,205,0.017616881,696
5000000000105,21000500000339,5000000000111,5000000000000,21,4.888449,5000000000106,-1,5000000000104,5000000000105,-1,79,5.8524656,5.8524656,5.9385314,23998,34.100048,54.73286,61.764854,257324,3,6,6,41.04719,156.26476,22.776415,73.99891,124.3375,-0.07148962,-0.05980501,-0.044524398,14417986,5,339,0.0097082555,378
5000000000106,20000500000313,5000000000111,5000000000000,20,5.2888336,5000000000107,-1,5000000000105,5000000000106,-1,67,4.5614805,4.5614805,4.8196774,24003,34.08371,54.651596,61.74942,256446,3,6,6,29.867653,151.08961,22.92298,75.57859,127.69823,0.0077856216,-0.03449155,-0.011022428,14417837,5,313,0.007857521,106
5000000000107,19000500000281,5000000000111,5000000000000,19,5.7238646,5000000000108,-1,5000000000106,5000000000107,-1,57,2.9262328,2.9262328,3.442627,24003,34.07097,54.548748,61.768,256446,3,6,6,33.98722,153.71187,15.281247,65.926025,107.48702,0.009590637,-0.090176836,-0.016502276,14417986,5,281,0.010314533,409
5000000000108,18000500000271,5000000000111,5000000000000,18,6.1968336,5000000000109,-1,5000000000107,5000000000108,-1,44,2.840167,2.840167,3.098364,24003,34.043716,54.492043,61.74462,256446,3,6,6,23.791595,132.55193,13.3083515,62.519974,115.19646,-0.08113148,-0.10525039,-0.04058982,14417984,5,271,0.008095944,95
5000000000109,17000500000246,5000000000111,5000000000000,17,6.7115865,5000000000110,-1,5000000000108,5000000000109,-1,36,2.6680357,2.6680357,2.7541015,24003,34.024906,54.43736,61.709103,256446,3,6,6,17.871712,135.65395,21.516872,65.43694,105.221146,-0.11578627,-0.018291263,0.011151345,14417985,5,246,0.006661841,883
5000000000110,16000500000163,5000000000111,5000000000000,16,7.272188,5000000000111,-1,5000000000109,5000000000110,-1,34,2.4098387,2.4098387,2.4098387,24003,34.009766,54.35643,61.680355,256446,3,6,6,26.560493,126.240074,25.996578,67.97227,107.83113,-0.040284786,0.007703214,-0.03316828,14417837,5,163,0.0062695732,153
5000000000111,15000500000243,5000000000111,5000000000000,15,7.8832035,-1,-1,5000000000110,5000000000111,-1,20,1.8073791,1.8073791,1.9795104,24003,34.00924,54.28866,61.694775,256446,3,6,6,10.955596,125.92998,25.629202,62.669643,103.58755,0.02940913,0.028617209,-0.012059291,14417837,5,243,0.0040151654,662
5000000000112,35000200000189,5000000000122,5000000000000,35,1.6302707,5000000000113,-1,5000000000027,5000000000028,-1,32,0.0,0.0,0.0,23998,34.581024,56.149628,61.71236,257327,3,6,6,-36.811523,97.26901,-2.899622,33.36072,53.43666,0.09314796,-0.22989948,-0.02572861,4574427,2,189,0.023884198,758
5000000000113,34000200000173,5000000000122,5000000000000,34,1.766336,5000000000114,-1,5000000000112,5000000000029,-1,28,0.0,0.0,0.0,23998,34.624187,56.094154,61.746185,257327,3,6,6,-47.12645,63.771408,-81.078606,35.512775,60.874157,-0.04945801,-0.12600905,0.019048208,4574417,2,173,0.01770548,758
5000000000114,33000200000158,5000000000122,5000000000000,33,1.9126327,5000000000115,-1,5000000000113,5000000000030,-1,29,0.0,0.0,0.0,23998,34.6575,56.089798,61.863274,257327,3,6,6,-2.6493523,40.72746,-195.27446,45.139812,69.621216,-0.070318244,-0.093286216,0.02463805,4574413,2,158,0.012403772,904
5000000000115,32000500000081,5000000000122,5000000000000,32,2.0700274,5000000000116,-1,5000000000114,5000000000031,-1,29,0.0,0.0,0.0,23998,34.618176,56.080826,61.992714,257327,3,6,6,126.63749,36.59223,-323.965,46.743095,81.64611,-0.13625336,-0.036778763,0.010629207,4574423,5,81,0.009811745,938
5000000000116,30000200000093,5000000000122,5000000000000,30,2.422044,5000000000117,-1,5000000000115,5000000000033,-1,33,0.0,0.0,0.0,23998,34.173985,56.004124,62.36487,257326,3,6,6,467.5152,116.17176,-156.47783,58.43594,100.76358,0.09256867,-0.1975488,-0.03432847,4574413,2,93,0.0071585122,368
5000000000117,29000200002766,5000000000122,5000000000000,29,2.6188614,5000000000118,-1,5000000000116,5000000000117,-1,41,3.2704954,3.2704954,3.3565612,23998,33.92422,55.940937,62.431156,257326,3,6,6,391.22806,119.3136,-103.39206,49.11976,85.491325,0.104200706,-0.14679146,-0.046190765,4574413,2,2766,0.012991872,713
5000000000118,28000200002473,5000000000122,5000000000000,28,2.8311827,5000000000119,-1,5000000000117,5000000000118,-1,42,1.549182,1.549182,1.549182,23998,33.72856,55.884697,62.466167,257326,3,6,6,340.92795,105.48262,-73.8275,41.29724,72.83719,0.071448736,-0.08440714,-0.031530637,4574419,2,2473,0.018745774,523
5000000000119,27000200003944,5000000000122,5000000000000,27,3.060419,5000000000120,-1,5000000000118,5000000000119,-1,24,1.2909851,1.2909851,1.549182,23998,33.52987,55.792652,62.44635,257326,3,6,6,320.31488,110.07308,-37.593822,35.426014,65.2725,-0.008668492,0.007413552,-0.04129581,4574417,2,3944,0.01229168,179
5000000000120,26000200003417,5000000000122,5000000000000,26,3.3080978,5000000000121,-1,5000000000119,5000000000120,-1,26,1.3770508,1.3770508,1.4631164,23998,33.328064,55.733475,62.47537,257326,3,6,6,286.20718,99.4431,-30.022211,39.066917,68.8266,-0.02227668,0.013316098,-0.049955748,4574416,2,3417,0.012784752,949
5000000000121,24000200003011,5000000000122,5000000000000,24,3.8656828,5000000000122,-1,5000000000120,5000000000121,-1,24,1.8073791,1.8073791,1.8073791,8768,33.050694,55.623363,0.047069333,107521,3,6,0,256.58212,93.50023,-31.23701,42.818962,80.21497,-0.054184373,0.009722613,-0.0696968,4574417,2,3011,0.00883648,448
5000000000122,23000200002905,5000000000122,5000000000000,23,4.1794686,-1,-1,5000000000121,5000000000122,-1,22,1.549182,1.549182,1.6352477,8768,32.932796,55.5853,0.06362331,107521,3,6,0,245.8258,88.54438,-34.553066,43.619423,79.35194,-0.021315366,0.0072507896,-0.071594685,4574414,2,2905,0.007382111,90
5000000000123,38000200000272,5000000000144,5000000000000,38,1.2758462,5000000000124,-1,5000000000024,5000000000025,-1,22,0.0,0.0,0.0,23998,34.616848,56.419113,62.377193,257327,3,6,6,207.8901,229.81367,-129.48277,36.79261,62.356438,0.06597468,0.038530152,0.12277107,15108448,2,272,0.011423221,53
5000000000124,37000500002671,5000000000144,5000000000000,37,1.3857181,5000000000125,-1,5000000000123,5000000000124,-1,24,3.442627,2.7541015,3.6147583,23998,34.501194,56.29684,62.42261,257327,3,6,6,139.95204,211.86925,-77.46171,30.666418,56.876785,0.07317753,0.052707296,0.18335566,15108449,5,2671,0.01549963,371
5000000000125,36000200002029,5000000000144,5000000000000,36,1.5036365,5000000000126,-1,5000000000124,5000000000125,-1,31,2.3237731,1.7213135,2.3237731,23998,34.43967,56.203983,62.4442,257327,3,6,6,83.358116,182.30641,-38.87275,28.491982,57.347897,0.010798722,0.08739027,0.08239969,15108479,2,2029,0.023867656,678
5000000000126,35000200002052,5000000000144,5000000000000,35,1.6302707,5000000000127,-1,5000000000125,5000000000126,-1,36,2.1516418,1.7213135,2.3237731,23998,34.40175,56.114574,62.437645,257327,3,6,6,26.567652,141.44098,11.942925,33.479153,58.397717,-0.10073437,0.004349457,-0.062491946,15108444,2,2052,0.026072111,950
5000000000127,34000200000172,5000000000144,5000000000000,34,1.766336,5000000000128,-1,5000000000126,5000000000029,5000000000113,36,0.0,0.0,0.0,23998,34.421577,56.03996,62.41996,257327,3,6,6,-33.920296,90.22627,68.543884,41.133533,74.41733,-0.06547625,0.03383434,-0.078629695,15108448,2,172,0.016563306,259
5000000000128,33000200000157,5000000000144,5000000000000,33,1.9126327,5000000000129,-1,5000000000127,5000000000030,5000000000114,36,0.0,0.0,0.0,23998,34.465225,56.008183,62.355396,257327,3,6,6,-90.46343,13.699292,160.70639,50.000248,83.304214,0.04127381,0.10383347,0.019415159,15108325,2,157,0.010785849,691
5000000000129,31000500000078,5000000000144,5000000000000,31,2.2394855,5000000000130,-1,5000000000128,5000000000032,5000000000095,56,0.0,0.0,0.0,23998,34.475452,56.129944,61.987335,257327,3,6,6,197.80617,-72.70456,318.71625,59.11978,98.74843,0.08012047,-0.020721553,-0.040952157,15108444,5,78,0.011524165,264
5000000000130,30000500001351,5000000000144,5000000000000,30,2.422044,5000000000131,-1,5000000000129,5000000000130,-1,75,6.540991,6.4549255,6.540991,23998,34.345272,56.14596,61.836945,257327,3,6,6,285.62384,3.2835739,211.90207,57.60356,103.73292,0.15239127,0.052886706,-0.062017612,15108414,5,1351,0.015636485,547
5000000000131,29000500001374,5000000000144,5000000000000,29,2.6188614,5000000000132,-1,5000000000130,5000000000131,-1,71,5.9385314,5.8524656,6.024597,23998,34.166595,56.13317,61.750336,257326,3,6,6,308.86554,52.82455,153.20815,60.43132,107.356705,0.14354281,0.005931583,-0.07122321,15108414,5,1374,0.012825972,106
5000000000132,28000500001254,5000000000144,5000000000000,28,2.8311827,5000000000133,-1,5000000000131,5000000000132,-1,66,6.36886,6.36886,6.540991,23998,34.00009,56.10238,61.660404,257326,3,6,6,306.0005,76.418594,107.11396,65.54571,120.55917,0.07421658,0.18828186,-0.06050611,15108414,5,1254,0.008886883,496
5000000000133,27000500001265,5000000000144,5000000000000,27,3.060419,5000000000134,-1,5000000000132,5000000000133,-1,63,5.8524656,5.7664,6.024597,23998,33.844925,56.058414,61.600243,257326,3,6,6,307.10428,89.517044,75.452156,59.735683,104.1462,0.07770407,0.17615062,-0.07268294,15108444,5,1265,0.012002641,792
5000000000134,26000500001137,5000000000144,5000000000000,26,3.3080978,5000000000135,-1,5000000000133,5000000000134,-1,65,3.8729553,3.7868896,4.217218,23998,33.696953,56.002876,61.569344,257326,3,6,6,297.0892,91.187454,49.352844,51.87272,91.474945,0.08657524,0.06978958,-0.06942883,15108432,5,1137,0.015604629,725
5000000000135,25000500001079,5000000000144,5000000000000,25,3.575905,5000000000136,-1,5000000000134,5000000000135,-1,59,3.18443,3.18443,3.6147583,23998,33.54037,55.946114,61.550323,257326,3,6,6,292.10364,91.31256,33.36726,49.885075,89.28073,0.07751693,0.085970335,-0.054100294,15108445,5,1079,0.014955401,510
5000000000136,24000500001047,5000000000144,5000000000000,24,3.8656828,5000000000137,-1,5000000000135,5000000000136,-1,50,4.0450864,3.9590209,4.0450864,23998,33.360683,55.898575,61.549976,257326,3,6,6,281.23145,92.509636,18.752192,52.47581,100.032486,0.023895118,0.22206575,-0.061726898,15108445,5,1047,0.010687866,523
5000000000137,23000500000925,5000000000144,5000000000000,23,4.1794686,5000000000138,-1,5000000000136,5000000000137,-1,49,4.0450864,4.0450864,4.0450864,23998,33.209427,55.867687,61.53671,257326,3,6,6,271.40735,88.53655,4.4526258,64.08072,110.8332,0.055043384,0.11556473,0.11022587,15108450,5,925,0.008841648,220
5000000000138,22000500000712,5000000000144,5000000000000,22,4.5195556,5000000000139,-1,5000000000137,5000000000138,-1,51,4.3893495,4.0450864,4.6475463,23999,33.0422,55.80647,61.527706,257319,3,6,6,269.98254,81.39755,-12.389928,60.882545,105.42029,-0.017292514,0.08763406,0.09869082,15108449,5,712,0.009513022,133
5000000000139,21000500000697,5000000000144,5000000000000,21,4.888449,5000000000140,-1,5000000000138,5000000000139,-1,46,2.9262328,2.9262328,3.18443,23999,32.910305,55.743065,61.525677,257319,3,6,6,265.18134,72.22402,-16.953348,62.22904,100.55539,-0.01867459,0.064407706,0.11522604,15108449,5,697,0.009061422,558
5000000000140,20000500000856,5000000000144,5000000000000,20,5.2888336,5000000000141,-1,5000000000139,5000000000140,-1,33,1.9795104,1.9795104,2.3237731,23999,32.778107,55.69955,61.54141,257319,3,6,6,254.16565,82.65465,-12.171597,53.546925,92.185135,0.02446861,0.039757032,0.03761328,15108453,5,856,0.008539281,204
5000000000141,19000500000752,5000000000144,5000000000000,19,5.7238646,5000000000142,-1,5000000000140,5000000000141,-1,29,1.7213135,1.7213135,1.8934448,23999,32.6516,55.661507,61.535908,257317,3,6,6,238.4021,72.69493,-10.874847,48.606457,89.69913,0.004999059,-0.04781887,0.07683175,15108453,5,752,0.007575537,428
5000000000142,18000500000673,5000000000144,5000000000000,18,6.1968336,5000000000143,-1,5000000000141,5000000000142,-1,25,1.1188537,1.1188537,1.2909851,23999,32.50388,55.606125,61.537186,257317,3,6,6,222.56985,65.88628,-14.144978,47.252487,84.75416,0.041947376,-0.020664012,-0.030637015,15108451,5,673,0.0073078857,575
5000000000143,17000500000554,5000000000144,5000000000000,17,6.7115865,5000000000144,-1,5000000000142,5000000000143,-1,23,1.8073791,1.8073791,1.8073791,23999,32.400814,55.596554,61.57129,257317,3,6,6,222.9353,62.202133,-23.420864,59.639885,108.78688,0.049581826,-0.0080913035,-0.0585288,15108452,5,554,0.0041277925,413
5000000000144,16000500000372,5000000000144,5000000000000,16,7.272188,-1,-1,5000000000143,5000000000144,-1,22,1.8073791,1.8073791,1.9795104,23999,32.315407,55.572353,61.578655,257317,3,6,6,212.16806,54.268852,-25.00641,58.732605,105.895294,0.03648042,-0.012720081,-0.044703055,15108452,5,372,0.0046105105,866
5000000000145,42000200002653,5000000000145,5000000000000,42,0.9054624,-1,-1,5000000000020,5000000000145,-1,20,0.774591,0.774591,0.774591,8825,35.177048,56.927013,0.4167581,107600,3,6,0,28.408777,151.44339,-163.38449,20.15461,35.950535,-0.2482455,0.4584592,-0.3939388,5267590,2,2653,0.040252786,910
5000000000146,45000200000351,5000000000176,5000000000000,45,0.6871088,5000000000147,-1,5000000000017,5000000000018,-1,27,0.0,0.0,0.0,23942,35.236343,57.08708,61.979156,257396,3,6,6,150.46565,159.84015,27.293194,40.56726,86.03482,0.09041982,-0.08453035,-0.0140975695,14418019,2,351,0.008008894,878
5000000000147,44000200000325,5000000000176,5000000000000,44,0.75503564,5000000000148,-1,5000000000146,5000000000019,5000000000208,33,0.0,0.0,0.0,23993,35.15595,56.979595,62.004982,257341,3,6,6,174.74574,332.00653,-139.26901,51.579666,87.39919,-0.0023249658,-0.08303398,0.004853235,14418019,2,325,0.0087043075,470
5000000000148,42000200000285,5000000000176,5000000000000,42,0.9054624,5000000000149,-1,5000000000147,5000000000021,5000000000181,58,0.0,0.0,0.0,23942,35.189438,56.73146,62.276485,257396,3,6,6,-74.90197,41.642956,-152.4396,54.97171,103.919914,-0.0882131,-0.08287479,-0.093487546,14418041,2,285,0.0112978695,356
5000000000149,41000200000298,5000000000176,5000000000000,41,0.98870814,5000000000150,-1,5000000000148,5000000000022,5000000000211,71,0.0,0.0,0.0,23942,35.184994,56.702816,62.3343,257396,3,6,6,59.728485,31.705093,-55.220623,49.294964,99.420906,-0.1308988,-0.008992728,-0.07757981,14418091,2,298,0.016477343,465
5000000000150,40000200000259,5000000000176,5000000000000,40,1.0778745,5000000000151,-1,5000000000149,5000000000023,5000000000212,71,0.0,0.0,0.0,23993,35.129604,56.685806,62.32983,257341,3,6,6,166.61867,45.5784,25.738182,55.887676,107.96631,-0.24695227,0.12625724,-0.09129207,14417997,2,259,0.012331544,5
5000000000151,39000500000229,5000000000176,5000000000000,39,1.173417,5000000000152,-1,5000000000150,5000000000024,5000000000213,64,0.0,0.0,0.0,23993,35.01357,56.65883,62.287285,257341,3,6,6,292.34146,101.36558,126.90703,57.98264,104.43275,-0.22459316,0.08303107,-0.037698366,14416087,5,229,0.013468132,578
5000000000152,38000200000270,5000000000176,5000000000000,38,1.2758462,5000000000153,-1,5000000000151,5000000000025,5000000000214,34,0.0,0.0,0.0,23998,34.811592,56.543392,62.171673,257327,3,6,6,425.44934,372.42606,303.71844,69.92333,118.388115,-0.0068497527,-0.061982397,0.015396373,14418014,2,270,0.005426365,96
5000000000153,37000500000190,5000000000176,5000000000000,37,1.3857181,5000000000154,-1,5000000000152,5000000000026,5000000000215,92,0.0,0.0,0.0,23998,34.689022,56.298603,62.0008,257327,3,6,6,99.14841,418.0707,259.41525,71.35131,132.62408,-0.052643396,-0.14737466,-0.04022204,14417997,5,190,0.01065353,554
5000000000154,36000200000219,5000000000176,5000000000000,36,1.5036365,5000000000155,-1,5000000000153,5000000000027,5000000000186,112,0.0,0.0,0.0,23998,34.646885,56.089634,61.873245,257327,3,6,6,46.85739,336.05368,209.84499,62.585484,121.87049,-0.12488915,-0.13242842,-0.07378868,14418033,2,219,0.015375001,932
5000000000155,35000200000187,5000000000176,5000000000000,35,1.6302707,5000000000156,-1,5000000000154,5000000000028,5000000000217,123,0.0,0.0,0.0,23998,34.638058,55.92138,61.75409,257327,3,6,6,35.971695,274.89926,175.81474,64.39838,125.87455,-0.11700489,-0.11016528,-0.022789443,14416087,2,187,0.015609935,729
5000000000156,34000500001186,5000000000176,5000000000000,34,1.766336,5000000000157,-1,5000000000155,5000000000156,-1,124,11.963128,11.5328,12.13526,23998,34.611664,55.781227,61.671043,257327,3,6,6,32.87325,234.78075,154.01697,73.01016,134.52959,-0.1153828,-0.13860267,0.011006615,14418105,5,1186,0.012884715,472
5000000000157,33000500001184,5000000000176,5000000000000,33,1.9126327,5000000000158,-1,5000000000156,5000000000157,-1,125,11.102471,11.016406,11.446734,23998,34.586384,55.64963,61.58462,257325,3,6,6,33.541103,202.51808,133.49936,70.99659,128.08018,-0.07871634,-0.2030957,0.07181624,14418415,5,1184,0.014763959,360
5000000000158,32000500001113,5000000000176,5000000000000,32,2.0700274,5000000000159,-1,5000000000157,5000000000158,-1,126,10.672143,10.413946,10.93034,23998,34.569534,55.542202,61.515743,257321,3,6,6,33.39268,180.34471,119.13981,67.067795,132.43636,-0.13982445,-0.21096678,0.19594727,14418415,5,1113,0.015931396,201
5000000000159,31000500000992,5000000000176,5000000000000,31,2.2394855,5000000000160,-1,5000000000158,5000000000159,-1,122,10.93034,10.586078,10.93034,23998,34.556835,55.44211,61.45838,257321,3,6,6,31.905397,161.51132,110.19273,66.227325,126.95825,-0.15188178,-0.20503822,0.093175516,14416087,5,992,0.01558295,555
5000000000160,30000500000831,5000000000176,5000000000000,30,2.422044,5000000000161,-1,5000000000159,5000000000160,-1,120,11.5328,11.5328,11.618866,23998,34.543236,55.362198,61.405457,257321,3,6,6,31.046724,154.5678,103.02884,65.55798,119.83123,-0.2625955,-0.144851,0.052754156,14418482,5,831,0.01658714,105
5000000000161,29000500000768,5000000000176,5000000000000,29,2.6188614,5000000000162,-1,5000000000160,5000000000161,-1,121,11.016406,10.500011,11.446734,23998,34.52276,55.268066,61.331905,257321,3,6,6,37.10568,143.76752,97.73252,76.33207,132.71118,-0.20420541,-0.12019807,0.031246712,14418027,5,768,0.01329109,489
5000000000162,28000500000671,5000000000176,5000000000000,28,2.8311827,5000000000163,-1,5000000000161,5000000000162,-1,135,11.360668,11.188538,11.704931,23998,34.500935,55.189434,61.2883,257321,3,6,6,52.638134,136.74031,92.711525,75.56015,136.71497,-0.025311504,-0.38197044,0.040576898,14417997,5,671,0.014485907,387
5000000000163,27000500000612,5000000000176,5000000000000,27,3.060419,5000000000164,-1,5000000000162,5000000000163,-1,128,10.8442745,10.586078,11.446734,23998,34.44555,55.11333,61.234745,257321,3,6,6,62.643948,137.12311,84.83283,82.599884,139.33867,0.08263156,-0.30848074,0.17535257,14417997,5,612,0.014335856,328
5000000000164,26000500000609,5000000000176,5000000000000,26,3.3080978,5000000000165,-1,5000000000163,5000000000164,-1,110,10.241815,10.069683,10.241815,23998,34.41613,55.030476,61.192493,257321,3,6,6,78.27236,133.30756,71.60823,72.05271,124.98966,0.05096498,-0.1760939,0.17201757,14418483,5,609,0.014384879,121
5000000000165,25000500000618,5000000000176,5000000000000,25,3.575905,5000000000166,-1,5000000000164,5000000000165,-1,99,7.831976,7.831976,8.778699,23998,34.38406,54.966835,61.182842,257321,3,6,6,81.26231,138.44331,55.19063,70.48659,120.1839,-0.009300516,-0.11258349,0.07616963,14418478,5,618,0.013203731,120
5000000000166,24000500000703,5000000000176,5000000000000,24,3.8656828,5000000000167,-1,5000000000165,5000000000166,-1,82,6.885254,6.885254,7.057385,23998,34.325653,54.886917,61.142727,257321,3,6,6,81.64909,133.89235,56.627316,81.34392,145.4232,-0.055700574,-0.02683334,0.027356593,14418018,5,703,0.0076136766,857
5000000000167,23000500000607,5000000000176,5000000000000,23,4.1794686,5000000000168,-1,5000000000166,5000000000167,-1,77,6.4549255,6.4549255,6.6270566,23998,34.260838,54.828236,61.11098,257321,3,6,6,79.69655,126.9618,60.856712,68.56128,113.29619,0.04645435,0.0116784945,-0.027952343,14418105,5,607,0.011306027,210
5000000000168,22000500000396,5000000000176,5000000000000,22,4.5195556,5000000000169,-1,5000000000167,5000000000168,-1,88,4.905743,4.905743,5.3360715,23998,34.229733,54.76539,61.060852,257321,3,6,6,79.270874,117.551704,52.348988,66.15072,111.845474,0.07085757,-0.11657944,0.034128994,14418105,5,396,0.013772838,560
5000000000169,21000500000366,5000000000176,5000000000000,21,4.888449,5000000000170,-1,5000000000168,5000000000169,-1,72,5.2500057,5.2500057,5.508203,24003,34.193153,54.66594,61.003525,256443,3,6,6,80.98454,124.64609,69.87306,70.67839,124.07568,0.05453102,0.014874396,-0.008883116,14418018,5,366,0.008977472,571
5000000000170,20000500000296,5000000000176,5000000000000,20,5.2888336,5000000000171,-1,5000000000169,5000000000170,-1,70,4.3893495,4.3893495,4.4754148,24003,34.15287,54.62714,60.973988,256442,3,6,6,78.89092,113.55916,60.438457,73.94177,126.3672,-0.027904296,-0.03767371,-0.002440418,14418026,5,296,0.008651265,692
5000000000171,19000500000303,5000000000176,5000000000000,19,5.7238646,5000000000172,-1,5000000000170,5000000000171,-1,54,4.217218,4.217218,4.5614805,24003,34.11155,54.569084,60.947094,256442,3,6,6,77.935875,112.607895,55.02137,68.77401,116.64874,-0.013056854,0.063456774,-0.041583814,14418026,5,303,0.008284322,788
5000000000172,18000500000245,5000000000176,5000000000000,18,6.1968336,5000000000173,-1,5000000000171,5000000000172,-1,47,3.442627,3.442627,3.7868896,24003,34.08027,54.496548,60.910465,256442,3,6,6,70.9356,111.85659,57.3534,64.07993,113.269844,-0.17744707,0.010142639,-0.05388143,14418027,5,245,0.007437395,163
5000000000173,17000500000149,5000000000176,5000000000000,17,6.7115865,5000000000174,-1,5000000000172,5000000000173,-1,48,2.840167,2.840167,3.0122986,24003,34.030037,54.42888,60.8773,256442,3,6,6,76.99554,109.87032,53.11024,69.896255,117.62626,-0.15707318,0.037426066,-0.03085048,14418018,5,149,0.006992627,300
5000000000174,16000500000134,5000000000176,5000000000000,16,7.272188,5000000000175,-1,5000000000173,5000000000174,-1,37,3.18443,3.18443,3.18443,24003,33.993103,54.37743,60.88874,256442,3,6,6,83.72026,110.65974,43.090866,72.06661,127.08249,-0.10783456,-0.029004848,-0.02559473,14418022,5,134,0.005230731,471
5000000000175,15000500000101,5000000000176,5000000000000,15,7.8832035,5000000000176,-1,5000000000174,5000000000175,-1,31,2.4098387,2.4098387,2.4098387,24003,33.957405,54.353798,60.876945,256442,3,6,6,72.808975,102.58818,39.48294,75.535866,118.2761,-0.06149145,-0.023899619,-0.00975837,14418027,5,101,0.0045374176,284
5000000000176,14000500000067,5000000000176,5000000000000,14,8.549912,-1,-1,5000000000175,5000000000176,-1,29,2.1516418,2.065576,2.1516418,24003,33.93011,54.299095,60.84248,256442,3,6,6,69.145775,95.87091,42.964844,65.35997,115.44231,-0.051566057,0.013617955,-0.0015671807,14418027,5,67,0.004542361,61
5000000000177,46000200000396,5000000000204,5000000000000,46,0.6235901,5000000000178,-1,5000000000016,5000000000017,-1,21,0.0,0.0,0.0,23942,35.17477,57.216778,62.230835,257396,3,6,6,257.10052,26.667606,-156.22069,37.328533,65.103836,0.10917499,-0.010871695,-0.10326767,14415689,2,396,0.010989376,267
5000000000178,45000200000350,5000000000204,5000000000000,45,0.6871088,5000000000179,-1,5000000000177,5000000000018,5000000000146,27,0.0,0.0,0.0,23993,35.07308,57.17023,62.295555,257341,3,6,6,192.61879,112.405365,-99.78714,33.112926,65.878265,0.06171017,0.027135957,-0.15357989,14415707,2,350,0.012155897,637
5000000000179,44000200000327,5000000000204,5000000000000,44,0.75503564,5000000000180,-1,5000000000178,5000000000019,-1,28,0.0,0.0,0.0,23993,35.00049,57.094612,62.322643,257341,3,6,6,120.08728,176.37271,-55.045128,32.43605,65.47379,0.11774284,0.06582932,-0.16510879,14415707,2,327,0.016664278,892
5000000000180,43000200000278,5000000000204,5000000000000,43,0.8276991,5000000000181,-1,5000000000179,5000000000020,5000000000209,36,0.0,0.0,0.0,23993,34.949646,56.98614,62.336277,257341,3,6,6,37.084454,242.57416,-9.248378,38.577038,68.11278,-0.051423866,0.041915044,-0.06353296,14415731,2,278,0.01761435,822
5000000000181,42000200000286,5000000000204,5000000000000,42,0.9054624,5000000000182,-1,5000000000180,5000000000021,5000000000210,49,0.0,0.0,0.0,23993,34.963543,56.865887,62.33453,257341,3,6,6,-67.75378,313.2188,50.531982,52.04831,81.99804,0.065659404,0.17984368,0.03461762,14415693,2,286,0.014116181,815
5000000000182,40000200000261,5000000000204,5000000000000,40,1.0778745,5000000000183,-1,5000000000181,5000000000023,-1,30,0.0,0.0,0.0,23998,35.047268,56.539528,62.05753,257327,3,6,6,82.03828,209.55545,429.21686,46.471977,79.68865,0.015601891,0.060919534,-0.012629838,14413706,2,261,0.009783284,126
5000000000183,39000500000228,5000000000204,5000000000000,39,1.173417,5000000000184,-1,5000000000182,5000000000024,5000000000151,102,0.0,0.0,0.0,23998,34.97416,56.45428,61.85036,257327,3,6,6,201.23358,121.93182,329.2259,62.62901,102.60411,-0.18636504,0.03938967,-0.12786357,14415700,5,228,0.020385785,964
5000000000184,38000200000269,5000000000204,5000000000000,38,1.2758462,5000000000185,-1,5000000000183,5000000000025,5000000000152,124,0.0,0.0,0.0,23998,34.846966,56.39637,61.708347,257327,3,6,6,231.31473,73.91411,250.46207,63.994087,105.07104,-0.23483275,0.1901496,-0.09885954,14415702,2,269,0.021845516,822
5000000000185,37000500000189,5000000000204,5000000000000,37,1.3857181,5000000000186,-1,5000000000184,5000000000026,5000000000153,154,0.0,0.0,0.0,23998,34.711052,56.35745,61.589474,257327,3,6,6,245.21686,66.42149,195.71748,61.267147,105.542725,-0.1253,0.08716595,-0.08853118,14415704,5,189,0.026546564,466
5000000000186,36000200000220,5000000000200,5000000000000,36,1.5036365,5000000000187,5000000000201,5000000000185,5000000000027,5000000000216,107,0.0,0.0,0.0,23998,34.567604,56.32817,61.48162,257323,3,6,6,257.9306,68.45954,152.85289,60.168884,101.52513,-0.07611763,-0.0837955,-0.021460649,14415686,2,220,0.020375635,336
5000000000187,35000500001260,5000000000200,5000000000000,35,1.6302707,5000000000188,-1,5000000000186,5000000000187,-1,124,10.672143,9.122961,10.758209,23998,34.433056,56.293022,61.388935,257323,3,6,6,248.06723,65.45613,120.47651,58.152515,97.54186,-0.06338264,-0.08033267,-0.0028932164,14415691,5,1260,0.027729342,970
5000000000188,34000500001231,5000000000200,5000000000000,34,1.766336,5000000000189,-1,5000000000187,5000000000188,-1,118,9.811486,9.122961,10.327881,23998,34.277954,56.24615,61.338387,257323,3,6,6,240.92189,62.15014,103.4293,56.477413,98.14006,-0.09022229,-0.080433875,-0.049899172,14415697,5,1231,0.026152415,405
5000000000189,33000500001259,5000000000200,5000000000000,33,1.9126327,5000000000190,-1,5000000000188,5000000000189,-1,112,6.4549255,6.4549255,6.4549255,23998,34.120434,56.21464,61.30383,257322,3,6,6,230.33293,58.81369,90.86705,55.550827,94.79747,-0.0112798,-0.26142693,-0.15452665,14415704,5,1259,0.02547649,786
5000000000190,32000500001078,5000000000200,5000000000000,32,2.0700274,5000000000191,-1,5000000000189,5000000000190,-1,126,6.024597,5.2500057,6.540991,23998,33.99793,56.17923,61.2639,257322,3,6,6,229.69086,54.149364,81.69812,52.666843,89.823364,0.10580649,-0.8316048,-0.35707268,14415686,5,1078,0.031550396,756
5000000000191,31000500001548,5000000000200,5000000000000,31,2.2394855,5000000000192,-1,5000000000190,5000000000191,-1,62,4.4754148,4.0450864,4.6475463,23998,33.883636,56.13674,61.23177,257322,3,6,6,204.94044,46.994625,76.39566,49.07875,88.35437,-0.18276455,-0.35762855,-0.027022257,14415700,5,1548,0.019107213,892
5000000000192,30000500001419,5000000000200,5000000000000,30,2.422044,5000000000193,-1,5000000000191,5000000000192,-1,66,4.3893495,4.3032837,4.4754148,23998,33.773026,56.104626,61.182972,257322,3,6,6,180.16258,41.300343,65.41652,51.768684,84.9384,-0.16149974,-0.067536354,-0.08118803,14415703,5,1419,0.019393748,349
5000000000193,29000500001269,5000000000200,5000000000000,29,2.6188614,5000000000194,-1,5000000000192,5000000000193,-1,61,4.3032837,4.131152,4.4754148,23998,33.666355,56.08571,61.18693,257322,3,6,6,164.14159,30.493736,70.92775,51.444332,84.582596,-0.18773255,0.049889628,-0.09368761,14415703,5,1269,0.017418483,684
5000000000194,28000500001238,5000000000200,5000000000000,28,2.8311827,5000000000195,-1,5000000000193,5000000000194,-1,59,5.1639404,4.8196774,5.2500057,23998,33.58452,56.061096,61.099335,257322,3,6,6,155.1089,18.585354,69.46683,53.36541,87.30346,-0.29625493,-0.028446281,-0.25419778,14415700,5,1238,0.017085219,339
5000000000195,27000500001466,5000000000200,5000000000000,27,3.060419,5000000000196,-1,5000000000194,5000000000195,-1,48,3.3565612,3.3565612,3.7008238,23998,33.497536,56.068775,61.071438,257322,3,6,6,145.42328,1.762088,70.95259,50.229023,84.61305,-0.24174817,-0.09895638,-0.017152289,14415675,5,1466,0.014247672,765
5000000000196,26000500001174,5000000000200,5000000000000,26,3.3080978,5000000000197,-1,5000000000195,5000000000196,-1,61,2.5819702,2.4959044,2.840167,23998,33.40831,56.06683,61.038727,257322,3,6,6,160.80527,14.419834,66.91851,54.897545,86.44244,0.24567237,-0.5604755,-0.39879537,14415691,5,1174,0.02018978,713
5000000000197,25000500002278,5000000000200,5000000000000,25,3.575905,5000000000198,-1,5000000000196,5000000000197,-1,30,1.9795104,1.9795104,2.2377074,23998,33.328274,56.05974,61.00985,257322,3,6,6,139.89487,-6.0111046,54.083393,44.05596,74.33975,-0.11756063,-0.21285865,0.06997159,14415691,5,2278,0.011135453,626
5000000000198,24000500001642,5000000000200,5000000000000,24,3.8656828,5000000000199,-1,5000000000197,5000000000198,-1,34,1.2909851,1.2909851,1.2909851,23998,33.25431,56.074627,60.97863,257322,3,6,6,147.17009,-1.7228574,49.234825,45.33244,82.04093,-0.08098905,-0.1730684,-0.04754309,14413707,5,1642,0.014596943,582
5000000000199,23000500001257,5000000000200,5000000000000,23,4.1794686,5000000000200,-1,5000000000198,5000000000199,-1,41,1.6352477,1.549182,1.8934448,23998,33.213577,56.076534,60.95707,257322,3,6,6,145.14397,-8.5375595,53.29982,43.29617,78.48086,-0.13671426,0.023740478,0.050727647,14415686,5,1257,0.013557148,734
5000000000200,22000500002278,5000000000200,5000000000000,22,4.5195556,-1,-1,5000000000199,5000000000200,-1,21,0.9467224,0.9467224,1.032788,23999,33.14052,56.08172,60.9355,257315,3,6,6,151.11052,-38.95631,43.88118,43.586956,86.227036,-0.032413505,-0.22535358,-0.023731656,14415693,5,2278,0.0090254145,794
5000000000201,36000500004272,5000000000204,5000000000000,36,1.5036365,5000000000202,-1,5000000000185,5000000000201,-1,23,1.6352477,1.549182,1.6352477,23998,34.712822,56.38809,61.32897,257323,3,6,6,218.66002,50.730312,174.20528,32.91749,53.11234,0.1486909,0.08738202,-0.046035226,15108647,5,4272,0.016465914,621
5000000000202,35000500004108,5000000000204,5000000000000,35,1.6302707,5000000000203,-1,5000000000201,5000000000202,-1,22,1.9795104,1.8934448,1.9795104,23998,34.59199,56.373493,61.246864,257323,3,6,6,250.92781,54.172188,142.42334,37.7831,59.497284,0.13943233,0.083560236,-0.03746883,15108647,5,4108,0.012547491,399
5000000000203,34000500004343,5000000000204,5000000000000,34,1.766336,5000000000204,-1,5000000000202,5000000000203,-1,22,0.9467224,0.6885254,1.032788,23998,34.425686,56.330715,61.21155,257323,3,6,6,272.1258,50.065975,121.86966,30.356718,45.604385,0.061371233,-0.06596228,-0.010846359,15108689,5,4343,0.024866218,826
5000000000204,33000500004445,5000000000204,5000000000000,33,1.9126327,-1,-1,5000000000203,5000000000204,-1,21,1.3770508,1.3770508,1.3770508,23998,34.269604,56.31279,61.109695,257323,3,6,6,293.15164,55.299335,100.89684,27.174988,52.894657,0.14314334,-0.048155826,0.0064126593,15108698,5,4445,0.015697574,37
5000000000205,47000200000442,5000000000226,5000000000000,47,0.5641766,5000000000206,-1,5000000000015,5000000000016,5000000000233,28,0.0,0.0,0.0,23942,35.16843,57.25177,61.87309,257396,3,6,6,312.91425,95.48446,152.5976,27.478436,58.21317,0.22124405,0.054899156,0.047835376,4574269,2,442,0.019078124,262
5000000000206,46000200000394,5000000000226,5000000000000,46,0.6235901,5000000000207,-1,5000000000205,5000000000017,5000000000234,30,0.0,0.0,0.0,23993,35.03289,57.194805,61.8194,257341,3,6,6,251.36682,142.81285,94.94726,32.780712,61.035736,0.18497953,-0.03821769,-0.025819235,4574312,2,394,0.018437445,919
5000000000207,45000500003149,5000000000226,5000000000000,45,0.6871088,5000000000208,-1,5000000000206,5000000000207,-1,30,3.18443,2.6680357,3.098364,23993,34.931545,57.108932,61.785606,257341,3,6,6,200.68478,184.18971,74.7468,36.38979,66.90394,0.14523093,-0.034147575,0.024445932,4574269,5,3149,0.014385274,519
5000000000208,44000200000326,5000000000226,5000000000000,44,0.75503564,5000000000209,-1,5000000000207,5000000000019,5000000000179,28,0.0,0.0,0.0,23993,34.859184,57.024307,61.740067,257341,3,6,6,133.70285,204.86015,63.035137,31.59229,61.569893,0.13140987,-0.073340945,0.09446324,4574275,2,326,0.018388115,632
5000000000209,43000200000279,5000000000226,5000000000000,43,0.8276991,5000000000210,-1,5000000000208,5000000000020,-1,26,0.0,0.0,0.0,23993,34.823483,56.906597,61.72105,257341,3,6,6,69.31766,211.43848,47.074745,26.486311,60.45428,0.14239466,-0.001519952,0.031102628,4574311,2,279,0.016626215,807
5000000000210,42000200000287,5000000000226,5000000000000,42,0.9054624,5000000000211,-1,5000000000209,5000000000021,-1,26,0.0,0.0,0.0,23993,34.798748,56.806202,61.686317,257341,3,6,6,13.8027115,214.39218,25.191034,28.004875,58.131306,0.10218456,0.08001884,0.034716222,4574312,2,287,0.01890202,65
5000000000211,41000200000299,5000000000226,5000000000000,41,0.98870814,5000000000212,-1,5000000000210,5000000000022,-1,37,0.0,0.0,0.0,23993,34.81281,56.672546,61.700245,257341,3,6,6,-41.561718,206.86522,-16.693632,34.248352,60.262466,-0.06814331,0.06563181,0.030683706,4574291,2,299,0.022510538,868
5000000000212,40000200000260,5000000000226,5000000000000,40,1.0778745,5000000000213,-1,5000000000211,5000000000023,5000000000182,37,0.0,0.0,0.0,23998,34.824078,56.586086,61.72874,257327,3,6,6,-81.33701,204.99127,-77.36004,39.86783,71.25852,-0.12184029,0.08932435,0.08693715,4574300,2,260,0.015175445,820
5000000000213,39000500000230,5000000000226,5000000000000,39,1.173417,5000000000214,-1,5000000000212,5000000000024,-1,23,0.0,0.0,0.0,23998,34.875866,56.48518,61.794983,257327,3,6,6,-128.93193,185.42772,-181.70697,40.306564,63.486477,0.02090049,0.096892156,0.05456467,4574300,5,230,0.011812815,854
5000000000214,38000200000271,5000000000226,5000000000000,38,1.2758462,5000000000215,-1,5000000000213,5000000000025,5000000000123,33,0.0,0.0,0.0,23998,34.96083,56.37273,61.910076,257327,3,6,6,-101.363106,163.64868,-283.98285,41.058304,71.394264,-0.086631276,0.057929214,0.18035842,4574289,2,271,0.017046336,927
5000000000215,37000500000191,5000000000226,5000000000000,37,1.3857181,5000000000216,-1,5000000000214,5000000000026,-1,32,0.0,0.0,0.0,23998,34.986828,56.32307,62.11997,257327,3,6,6,47.30349,83.21711,-388.02393,44.120396,75.83435,-0.12801221,0.014070574,0.04695793,4574275,5,191,0.011459199,286
5000000000216,36000200000221,5000000000226,5000000000000,36,1.5036365,5000000000217,-1,5000000000215,5000000000027,-1,34,0.0,0.0,0.0,23998,34.91064,56.275654,62.33592,257327,3,6,6,227.41121,5.436202,-360.7291,45.512127,77.186615,-0.016854562,0.05751095,0.05296817,4574308,2,221,0.012108794,737
5000000000217,35000200000188,5000000000226,5000000000000,35,1.6302707,5000000000218,-1,5000000000216,5000000000028,5000000000112,55,0.0,0.0,0.0,8769,34.732838,56.2932,0.012718491,107531,3,6,0,313.75385,-20.011784,-262.519,50.294155,84.19801,0.046755806,0.11583506,6.161028E-4,4574308,2,188,0.0147058675,406
5000000000218,34000200002032,5000000000226,5000000000000,34,1.766336,5000000000219,-1,5000000000217,5000000000218,-1,60,5.508203,5.4221373,5.7664,8769,34.560574,56.316986,0.13827047,107531,3,6,0,338.02252,-28.986526,-185.06584,50.505825,91.77252,0.09433345,0.24963844,0.024888037,4574270,2,2032,0.015772156,111
5000000000219,33000200001764,5000000000226,5000000000000,33,1.9126327,5000000000220,-1,5000000000218,5000000000219,-1,64,5.3360715,5.1639404,5.4221373,8769,34.36465,56.333607,0.23576047,107531,3,6,0,337.98535,-28.058638,-126.70437,50.86649,88.470955,0.034623127,0.27605954,0.032285206,4574270,2,1764,0.016008573,454
5000000000220,32000200002056,5000000000226,5000000000000,32,2.0700274,5000000000221,-1,5000000000219,5000000000220,-1,64,4.905743,4.6475463,5.2500057,8769,34.19707,56.326687,0.28615198,107531,3,6,0,319.9851,-20.891426,-102.75556,48.247902,83.43246,-4.4467105E-4,0.26970798,0.05808406,4574296,2,2056,0.019439837,221
5000000000221,31000200001976,5000000000226,5000000000000,31,2.2394855,5000000000222,-1,5000000000220,5000000000221,-1,64,4.905743,4.733612,4.905743,8769,34.013145,56.351295,0.34209633,107530,3,6,0,304.11835,-13.292058,-86.19566,50.738777,86.61261,-0.00819151,0.23530158,-0.024520908,4574270,2,1976,0.017718432,777
5000000000222,30000200001896,5000000000226,5000000000000,30,2.422044,5000000000223,-1,5000000000221,5000000000222,-1,66,4.6475463,4.6475463,4.733612,8769,33.84189,56.35577,0.37715778,107530,3,6,0,287.2029,-9.100795,-72.26772,54.762604,92.19332,-0.048595995,0.19636321,-0.09963677,4574270,2,1896,0.015225747,689
5000000000223,29000200001966,5000000000226,5000000000000,29,2.6188614,5000000000224,-1,5000000000222,5000000000223,-1,61,5.1639404,4.991809,5.3360715,8769,33.66944,56.334908,0.43287084,107530,3,6,0,280.81732,-7.068438,-65.1275,58.991932,94.721054,-0.10931591,0.14986399,-0.10271031,4574288,2,1966,0.014738018,180
5000000000224,28000200002330,5000000000226,5000000000000,28,2.8311827,5000000000225,-1,5000000000223,5000000000224,-1,46,3.7008238,3.7008238,3.7008238,8769,33.511913,56.318027,0.45913282,107530,3,6,0,259.37592,-4.8755865,-49.931774,59.255154,89.64863,0.009488445,0.06949956,-0.0018863844,4574289,2,2330,0.012050674,572
5000000000225,27000200002401,5000000000226,5000000000000,27,3.060419,5000000000226,-1,5000000000224,5000000000225,-1,41,2.9262328,2.9262328,3.098364,8769,33.37938,56.34531,0.48511368,107530,3,6,0,256.95914,3.7461314,-46.781815,49.93589,84.565765,-0.03653417,0.12066557,-0.04037394,4574289,2,2401,0.0133708175,136
5000000000226,26000200002988,5000000000226,5000000000000,26,3.3080978,-1,-1,5000000000225,5000000000226,-1,30,1.9795104,1.9795104,1.9795104,8769,33.23352,56.340504,0.50350565,107530,3,6,0,233.38329,0.43509433,-45.908062,42.21164,73.76494,-0.029287878,0.0130311465,-0.018702189,4574288,2,2988,0.013577613,503
5000000000227,48000500004394,5000000000231,5000000000000,48,0.5085914,5000000000228,5000000000232,5000000000014,5000000000227,-1,22,2.065576,1.7213135,1.8934448,23942,35.43598,56.80367,62.321598,257396,3,6,6,288.9188,356.7713,-120.98457,27.255466,60.13721,0.025036182,0.0382403,-0.13845998,4573839,5,4394,0.01272425,890
5000000000228,47000500003967,5000000000231,5000000000000,47,0.5641766,5000000000229,-1,5000000000227,5000000000228,-1,21,2.1516418,1.8073791,2.065576,23942,35.30984,56.664246,62.352463,257396,3,6,6,299.04657,313.70932,-97.277084,24.117193,54.57333,0.062239353,0.037458755,-0.11023872,15108390,5,3967,0.017437436,159
5000000000229,46000500004562,5000000000231,5000000000000,46,0.6235901,5000000000230,-1,5000000000228,5000000000229,-1,22,1.8934448,1.8073791,1.8934448,23937,35.17501,56.529263,62.39941,257382,3,6,6,305.4535,271.48965,-80.37246,29.329147,57.341465,0.045208503,0.047992192,-0.110115,4574441,5,4562,0.014402911,586
5000000000230,45000500004622,5000000000231,5000000000000,45,0.6871088,5000000000231,-1,5000000000229,5000000000230,-1,21,1.9795104,1.8073791,1.8934448,23998,35.035805,56.396317,62.4261,257327,3,6,6,307.12152,248.55595,-67.72382,28.059168,60.01095,-0.037799746,0.030795503,-0.09883809,15108390,5,4622,0.011347655,287
5000000000231,44000500004752,5000000000231,5000000000000,44,0.75503564,-1,-1,5000000000230,5000000000231,-1,21,1.8073791,1.549182,1.7213135,23998,34.896034,56.295296,62.45297,257327,3,6,6,304.24277,223.45534,-56.269073,29.86319,64.74017,-0.044896234,0.02880059,-0.09937312,4574452,5,4752,0.010831515,359
5000000000232,48000200000447,5000000000253,5000000000000,48,0.5085914,5000000000233,-1,5000000000014,5000000000015,5000000000255,24,0.0,0.0,0.0,23942,35.28305,57.20092,62.47366,257396,3,6,6,48.73955,188.12881,106.90126,28.168184,45.13385,0.029365558,0.064200014,-0.105386406,14413827,2,447,0.024387468,779
5000000000233,47000200000443,5000000000253,5000000000000,47,0.5641766,5000000000234,-1,5000000000232,5000000000016,-1,27,0.0,0.0,0.0,23942,35.284016,57.123226,62.354324,257396,3,6,6,32.841553,196.70395,200.34381,33.31063,58.236538,0.024810037,0.054093692,-0.1380945,14413755,2,443,0.019230835,628
5000000000234,46000200000395,5000000000253,5000000000000,46,0.6235901,5000000000235,-1,5000000000233,5000000000017,5000000000177,25,0.0,0.0,0.0,23942,35.266106,57.035614,62.232616,257396,3,6,6,-2.3347259,205.82549,442.1196,53.593704,85.30988,0.010303052,0.15755521,-0.08488616,14413538,2,395,0.007737309,310
5000000000235,44000200000323,5000000000253,5000000000000,44,0.75503564,5000000000236,-1,5000000000234,5000000000019,5000000000258,69,0.0,0.0,0.0,23993,35.09913,56.96041,61.791878,257341,3,6,6,235.99794,50.892445,300.25912,46.32944,82.85444,0.068929106,0.11555207,0.088465035,14414439,2,323,0.024164492,388
5000000000236,43000200000277,5000000000253,5000000000000,43,0.8276991,5000000000237,-1,5000000000235,5000000000020,5000000000180,77,0.0,0.0,0.0,23993,34.97286,56.93105,61.65841,257341,3,6,6,210.50163,49.73584,258.28012,45.100998,84.90294,0.07353907,0.030751029,0.06652372,14413538,2,277,0.026897619,736
5000000000237,42000200000284,5000000000253,5000000000000,42,0.9054624,5000000000238,-1,5000000000236,5000000000021,5000000000148,73,0.0,0.0,0.0,23993,34.862648,56.89481,61.552963,257341,3,6,6,192.85864,48.00423,225.81136,47.022778,84.70679,-0.16517039,0.01724702,0.3586653,14414395,2,284,0.020949213,986
5000000000238,40000500001520,5000000000253,5000000000000,40,1.0778745,5000000000239,-1,5000000000237,5000000000238,-1,87,6.540991,6.282794,6.540991,23993,34.68498,56.863388,61.33774,257337,3,6,6,152.98987,35.800148,170.08296,46.40202,86.880394,-0.23365766,-0.023879282,0.39943856,14413836,5,1520,0.0215764,844
5000000000239,39000500001800,5000000000253,5000000000000,39,1.173417,5000000000240,-1,5000000000238,5000000000239,-1,72,5.9385314,5.8524656,5.9385314,23993,34.609344,56.841644,61.25921,257337,3,6,6,146.90768,30.027767,163.12317,49.865646,89.15128,0.034196865,0.0011841728,0.093303055,14413836,5,1800,0.017578943,327
5000000000240,38000500001959,5000000000253,5000000000000,38,1.2758462,5000000000241,-1,5000000000239,5000000000240,-1,67,6.1106625,5.7664,6.1106625,23993,34.527046,56.84495,61.17336,257337,3,6,6,130.91219,24.810303,150.93233,45.844997,84.05616,0.089709036,-0.025975937,0.07354614,14413755,5,1959,0.019521901,206
5000000000241,37000500001977,5000000000253,5000000000000,37,1.3857181,5000000000242,-1,5000000000240,5000000000241,-1,69,5.9385314,5.7664,6.1106625,23993,34.464012,56.804634,61.086864,257337,3,6,6,120.23608,26.387825,144.88483,46.909943,85.55297,0.028243743,-0.08550083,-0.014041733,14414382,5,1977,0.018119857,486
5000000000242,36000500001937,5000000000253,5000000000000,36,1.5036365,5000000000243,-1,5000000000241,5000000000242,-1,65,5.508203,5.2500057,5.680334,23993,34.39219,56.784874,61.016113,257337,3,6,6,113.27533,27.080832,135.74387,47.089474,83.454384,0.111053355,-0.052051794,-0.06851666,14414686,5,1937,0.01912639,310
5000000000243,35000500002052,5000000000253,5000000000000,35,1.6302707,5000000000244,-1,5000000000242,5000000000243,-1,62,5.0778747,4.905743,5.0778747,23993,34.357315,56.77374,60.94017,257337,3,6,6,109.762,31.11034,125.79103,42.396904,79.37161,0.13392791,-0.07958832,-0.043576147,14414686,5,2052,0.021277435,506
5000000000244,34000500002034,5000000000253,5000000000000,34,1.766336,5000000000245,-1,5000000000243,5000000000244,-1,61,4.6475463,4.3032837,4.733612,23993,34.29712,56.779728,60.870636,257337,3,6,6,104.125374,37.807236,118.60197,46.543457,84.339676,0.041232154,-0.078141846,-0.050644297,14413790,5,2034,0.019317875,802
5000000000245,33000500001852,5000000000253,5000000000000,33,1.9126327,5000000000246,-1,5000000000244,5000000000245,-1,69,5.1639404,5.0778747,5.1639404,23993,34.228313,56.761623,60.788567,257337,3,6,6,102.46918,39.03994,111.80545,44.391945,83.24209,-0.017637387,-0.13348158,-0.10995509,14413760,5,1852,0.021082321,749
5000000000246,32000500001743,5000000000253,5000000000000,32,2.0700274,5000000000247,-1,5000000000245,5000000000246,-1,70,5.3360715,4.733612,5.4221373,23993,34.163464,56.717587,60.725937,257336,3,6,6,97.97714,42.012165,104.41767,45.555717,87.549736,-0.015810784,-0.114035405,-0.12419364,14413537,5,1743,0.020368641,160
5000000000247,31000500001989,5000000000253,5000000000000,31,2.2394855,5000000000248,-1,5000000000246,5000000000247,-1,56,4.733612,4.5614805,4.8196774,23993,34.098076,56.679867,60.65486,257336,3,6,6,92.10268,51.131012,97.99463,54.28458,94.17246,-0.011202215,-0.042383663,-0.0074391286,14413762,5,1989,0.014027782,109
5000000000248,30000500001920,5000000000253,5000000000000,30,2.422044,5000000000249,-1,5000000000247,5000000000248,-1,56,4.5614805,4.5614805,4.5614805,23993,34.046394,56.66099,60.58396,257336,3,6,6,89.53196,51.899986,91.01288,56.840454,90.23579,0.025328266,-0.049307495,-0.09809427,14413762,5,1920,0.014993961,648
5000000000249,29000500001799,5000000000253,5000000000000,29,2.6188614,5000000000250,-1,5000000000248,5000000000249,-1,55,4.3032837,4.217218,4.4754148,23997,33.990665,56.62776,60.539738,257294,3,6,6,88.837265,48.74949,88.89348,47.37337,80.68515,-0.027001137,0.010948281,-0.0053514047,14413790,5,1799,0.016448911,100
5000000000250,28000500001708,5000000000253,5000000000000,28,2.8311827,5000000000251,-1,5000000000249,5000000000250,-1,52,2.065576,2.065576,2.065576,23997,33.944557,56.61009,60.484913,257294,3,6,6,88.06728,54.363358,86.122025,43.84002,79.01838,-0.042186078,0.08583989,-0.20684996,14413790,5,1708,0.02128184,964
5000000000251,27000500003004,5000000000253,5000000000000,27,3.060419,5000000000252,-1,5000000000250,5000000000251,-1,21,0.9467224,0.86065674,1.032788,23997,33.861824,56.554665,60.399467,257294,3,6,6,106.80153,58.080055,101.886246,32.290726,53.835,0.041935552,-0.13892223,-0.011100723,14413790,5,3004,0.018297786,396
5000000000252,26000500002892,5000000000253,5000000000000,26,3.3080978,5000000000253,-1,5000000000251,5000000000252,-1,25,1.2909851,1.2909851,1.2909851,23997,33.816986,56.52315,60.40096,257294,3,6,6,85.06056,47.28495,75.65329,37.58835,61.416218,-0.10804411,0.16735367,-0.09609105,14413758,5,2892,0.012756958,705
5000000000253,25000500002446,5000000000253,5000000000000,25,3.575905,-1,-1,5000000000252,5000000000253,-1,25,1.6352477,1.6352477,1.6352477,23997,33.767723,56.50885,60.352333,257294,3,6,6,87.31977,46.942085,89.02214,33.689117,65.054436,-5.0523574E-4,0.14624277,-0.11992652,14413758,5,2446,0.012825679,579
5000000000254,49000200000447,5000000000284,5000000000000,49,0.45657724,5000000000255,-1,5000000000013,5000000000014,-1,21,0.0,0.0,0.0,23942,35.51803,57.264694,61.92304,257396,3,6,6,-38.837788,120.955864,132.42441,36.213154,78.88255,-0.014374306,0.09112166,0.010603741,5264692,2,447,0.008275459,217
5000000000255,48000200000448,5000000000284,5000000000000,48,0.5085914,5000000000256,-1,5000000000254,5000000000015,-1,24,0.0,0.0,0.0,23942,35.517708,57.20604,61.884605,257396,3,6,6,72.61378,159.04936,37.85174,36.219173,75.866684,-0.07036108,0.08774494,0.05211564,5264692,2,448,0.010482038,542
5000000000256,47000200000441,5000000000284,5000000000000,47,0.5641766,5000000000257,-1,5000000000255,5000000000016,5000000000205,35,0.0,0.0,0.0,23942,35.470005,57.13089,61.893257,257396,3,6,6,175.36583,198.56735,-55.81102,37.30157,69.128555,-0.0020397769,-0.0067696893,0.23720354,5264692,2,441,0.014793125,480
5000000000257,46000200000393,5000000000284,5000000000000,46,0.6235901,5000000000258,-1,5000000000256,5000000000017,5000000000206,38,0.0,0.0,0.0,23942,35.36335,57.03911,61.934982,257396,3,6,6,301.74173,232.29448,-184.36375,48.571144,81.5538,-0.184146,-0.1462665,0.13216327,5264692,2,393,0.01273438,832
5000000000258,44000200000324,5000000000284,5000000000000,44,0.75503564,5000000000259,-1,5000000000257,5000000000019,5000000000147,55,0.0,0.0,0.0,23993,35.107784,56.943165,62.296135,257341,3,6,6,58.139957,-21.170525,-368.3603,56.40761,109.63448,-0.017726408,-0.01758391,0.07027909,5264913,2,324,0.009491104,968
5000000000259,43000200000276,5000000000284,5000000000000,43,0.8276991,5000000000260,-1,5000000000258,5000000000020,5000000000236,94,0.0,0.0,0.0,23993,35.083424,56.951534,62.45472,257341,3,6,6,26.28452,9.005863,-272.45508,57.32648,107.193825,-0.066032745,0.06576242,0.14742492,5264908,2,276,0.018144883,206
5000000000260,42000200000283,5000000000284,5000000000000,42,0.9054624,5000000000261,-1,5000000000259,5000000000021,5000000000237,101,0.0,0.0,0.0,8774,35.080456,56.928864,0.067678,107545,3,6,0,30.180485,28.802162,-203.91277,54.720646,100.993324,0.0010062935,0.019930257,0.07274757,5264908,2,283,0.019294048,930
5000000000261,41000200001684,5000000000284,5000000000000,41,0.98870814,5000000000262,-1,5000000000260,5000000000261,-1,108,10.586078,10.069683,10.500011,8774,35.05945,56.909523,0.16504887,107545,3,6,0,24.68128,46.278336,-165.37738,57.164925,108.6265,-0.006447398,0.086864576,0.06144132,5267972,2,1684,0.019844176,171
5000000000262,40000200001636,5000000000284,5000000000000,40,1.0778745,5000000000263,-1,5000000000261,5000000000262,-1,108,10.586078,9.983618,10.586078,8774,35.04473,56.883102,0.25196722,107545,3,6,0,19.191889,64.10422,-137.27568,60.67871,112.192116,-0.07635201,0.14417304,0.142761,5264908,2,1636,0.018272644,980
5000000000263,39000200001816,5000000000284,5000000000000,39,1.173417,5000000000264,-1,5000000000262,5000000000263,-1,100,10.155749,9.725421,10.155749,8774,35.03693,56.848717,0.30160066,107545,3,6,0,17.117212,74.502594,-114.00013,57.83219,105.82031,-0.12992983,0.06471322,0.0620312,5266635,2,1816,0.016986156,517
5000000000264,38000200001775,5000000000284,5000000000000,38,1.2758462,5000000000265,-1,5000000000263,5000000000264,-1,102,8.9508295,8.434436,8.9508295,8774,35.023582,56.80126,0.37852457,107545,3,6,0,22.974306,88.007706,-92.83667,59.602478,115.53275,-0.13095467,0.042690925,-0.029071966,5267188,2,1775,0.016027827,145
5000000000265,37000200001856,5000000000284,5000000000000,37,1.3857181,5000000000266,-1,5000000000264,5000000000265,-1,91,7.831976,7.659845,7.831976,8774,35.01505,56.741367,0.41873568,107545,3,6,0,31.174732,96.3357,-79.68747,47.47348,102.42296,-0.16327517,0.13347948,0.061935853,5264690,2,1856,0.018177833,713
5000000000266,36000200001842,5000000000284,5000000000000,36,1.5036365,5000000000267,-1,5000000000265,5000000000266,-1,91,7.4016476,7.3155823,7.4877133,8774,34.994854,56.682606,0.4629923,107545,3,6,0,35.679737,108.23368,-71.27314,50.931133,104.85157,-0.12647393,0.11848547,0.13175151,5267497,2,1842,0.018291919,27
5000000000267,35000200001806,5000000000284,5000000000000,35,1.6302707,5000000000268,-1,5000000000266,5000000000267,-1,89,7.831976,7.573779,7.831976,8769,34.971355,56.61799,0.49998248,107531,3,6,0,42.954773,117.78527,-62.449146,56.10653,103.02088,-0.12448899,0.17653124,0.1726517,5267497,2,1806,0.016845096,983
5000000000268,34000200001678,5000000000284,5000000000000,34,1.766336,5000000000269,-1,5000000000267,5000000000268,-1,93,8.090173,8.004107,8.090173,8769,34.935223,56.56284,0.51332426,107531,3,6,0,52.35916,125.80229,-59.101,62.088303,111.46866,-0.2045615,0.21563922,0.117965974,5264909,2,1678,0.016079135,591
5000000000269,33000200001698,5000000000284,5000000000000,33,1.9126327,5000000000270,-1,5000000000268,5000000000269,-1,91,8.090173,8.090173,8.176239,8769,34.905094,56.486042,0.5475372,107531,3,6,0,64.240974,134.16585,-56.35892,62.10704,109.36057,-0.14063585,0.1803897,0.10783616,5267497,2,1698,0.017093824,850
5000000000270,32000200001712,5000000000284,5000000000000,32,2.0700274,5000000000271,-1,5000000000269,5000000000270,-1,85,7.7459106,7.7459106,7.831976,8769,34.867767,56.408836,0.6051135,107531,3,6,0,71.52711,134.93967,-54.63198,58.84598,103.75718,-0.18941478,0.21433185,0.05120022,5266635,2,1712,0.0162406,359
5000000000271,31000200001722,5000000000284,5000000000000,31,2.2394855,5000000000272,-1,5000000000270,5000000000271,-1,78,6.540991,6.196728,6.540991,8769,34.846252,56.340977,0.641776,107531,3,6,0,78.56128,137.59737,-59.4509,57.903255,106.63154,-0.17420617,0.10167514,0.03843535,5264688,2,1722,0.013651732,58
5000000000272,30000200001278,5000000000284,5000000000000,30,2.422044,5000000000273,-1,5000000000271,5000000000272,-1,81,6.971319,6.6270566,7.4016476,8769,34.78922,56.24942,0.6742513,107531,3,6,0,79.327324,139.71164,-49.34685,55.17808,103.20286,-0.19804288,0.16459034,0.015430127,5267460,2,1278,0.014694907,799
5000000000273,29000200001702,5000000000284,5000000000000,29,2.6188614,5000000000274,-1,5000000000272,5000000000273,-1,71,6.282794,6.282794,6.282794,8769,34.724285,56.1778,0.7195437,107531,3,6,0,87.01244,139.60008,-42.835545,50.756874,96.612495,-0.14024903,0.027231043,-0.005261188,5264913,2,1702,0.017693816,234
5000000000274,28000200001450,5000000000284,5000000000000,28,2.8311827,5000000000275,-1,5000000000273,5000000000274,-1,75,5.9385314,5.680334,6.196728,8769,34.67833,56.094757,0.7319425,107531,3,6,0,82.10536,135.92868,-37.290802,59.545086,105.998886,-0.07042606,0.09824034,0.072411686,5267508,2,1450,0.01281438,10
5000000000275,27000200001288,5000000000284,5000000000000,27,3.060419,5000000000276,-1,5000000000274,5000000000275,-1,72,6.024597,5.9385314,6.36886,8769,34.62922,56.0015,0.74552,107531,3,6,0,84.66382,132.11552,-38.603413,64.07815,116.24634,-0.024325287,0.111284494,0.035636954,5264913,2,1288,0.010205127,640
5000000000276,26000200001016,5000000000284,5000000000000,26,3.3080978,5000000000277,-1,5000000000275,5000000000276,-1,72,6.024597,5.9385314,6.196728,8769,34.60652,55.947605,0.76094764,107531,3,6,0,89.253296,119.778275,-28.458006,57.727776,104.11424,0.045266796,-0.05402796,-0.018851018,5264660,2,1016,0.014509648,180
5000000000277,25000200000967,5000000000284,5000000000000,25,3.575905,5000000000278,-1,5000000000276,5000000000277,-1,76,5.3360715,5.3360715,5.3360715,8769,34.55842,55.887226,0.7686892,107531,3,6,0,85.96014,117.159874,-39.54777,59.616787,103.07599,-0.029872894,0.20147382,-0.02316547,5264913,2,967,0.015949864,519
5000000000278,24000200001020,5000000000284,5000000000000,24,3.8656828,5000000000279,-1,5000000000277,5000000000278,-1,59,4.3032837,4.217218,4.8196774,8769,34.49378,55.82731,0.769415,107531,3,6,0,95.805984,112.9174,-23.233603,56.066982,100.03566,0.0108746,0.011034077,-0.16796854,5264913,2,1020,0.012863739,149
5000000000279,23000200000881,5000000000284,5000000000000,23,4.1794686,5000000000280,-1,5000000000278,5000000000279,-1,64,5.1639404,5.1639404,5.2500057,8769,34.428116,55.731018,0.7902233,107531,3,6,0,91.77206,102.18283,-31.136831,72.74602,112.7779,0.09248213,0.17026508,-0.15848541,5267505,2,881,0.009946236,339
5000000000280,22000200000732,5000000000284,5000000000000,22,4.5195556,5000000000281,-1,5000000000279,5000000000280,-1,60,4.6475463,4.6475463,4.733612,8769,34.360855,55.662968,0.78978646,107529,3,6,0,85.69876,106.091156,-38.005524,62.637287,107.3663,0.066263676,0.14867502,-0.026173405,5267505,2,732,0.011971536,884
5000000000281,21000200000739,5000000000284,5000000000000,21,4.888449,5000000000282,-1,5000000000280,5000000000281,-1,50,3.7868896,3.7868896,3.7868896,8769,34.3403,55.611702,0.8343867,107529,3,6,0,100.597015,96.61614,-32.540535,70.10994,108.54678,0.019595804,0.11085076,-0.11673122,5267507,2,739,0.009082814,929
5000000000282,20000200000628,5000000000284,5000000000000,20,5.2888336,5000000000283,-1,5000000000281,5000000000282,-1,48,3.18443,3.18443,3.2704954,8769,34.305454,55.578667,0.8426274,107529,3,6,0,86.7089,85.40131,-27.872854,69.38298,111.22165,-0.08196914,0.08883418,-0.070487894,5264913,2,628,0.008457459,133
5000000000283,19000200000936,5000000000284,5000000000000,19,5.7238646,5000000000284,-1,5000000000282,5000000000283,-1,28,2.2377074,2.2377074,2.3237731,8769,34.26581,55.51401,0.84626377,107529,3,6,0,63.45171,86.111244,-15.071176,56.945663,102.728065,0.054048292,-0.028355727,-0.06486732,5264883,2,936,0.0063080788,726
5000000000284,18000200000541,5000000000284,5000000000000,18,6.1968336,-1,-1,5000000000283,5000000000284,-1,35,1.1188537,1.1188537,1.2049193,8769,34.203514,55.47924,0.801874,107529,3,6,0,66.261536,88.18807,-27.407331,54.93705,85.99719,3.7340695E-4,0.15430777,0.049544703,5264885,2,541,0.011000539,557
5000000000285,53000500004000,5000000000287,5000000000000,53,0.2798018,5000000000286,5000000000288,5000000000009,5000000000285,-1,20,1.549182,1.032788,1.2909851,23942,35.71298,57.801304,62.222466,257398,3,6,6,-137.38828,-82.41593,56.807133,19.709167,47.1651,-0.18873535,0.14714673,0.07077215,14411170,5,4000,0.029304853,648
5000000000286,52000500003829,5000000000287,5000000000000,52,0.31970343,5000000000287,-1,5000000000285,5000000000286,-1,21,1.3770508,0.774591,1.2909851,23942,35.753456,57.824028,62.195744,257398,4,6,6,-104.494286,-51.75384,47.562996,18.53162,38.034668,-0.16491258,0.061578877,0.03860028,14411130,5,3829,0.03856739,877
5000000000287,51000500004570,5000000000287,5000000000000,51,0.36234027,-1,-1,5000000000286,5000000000287,-1,21,1.2049193,0.86065674,1.032788,23942,35.789448,57.840153,62.182323,257398,4,6,6,-74.13123,-29.59351,42.220318,17.750824,44.745667,-0.16687416,0.073365845,0.055466842,14411124,5,4570,0.031343456,396
5000000000288,53000200000484,5000000000309,5000000000000,53,0.2798018,5000000000289,-1,5000000000009,5000000000010,5000000000316,22,0.0,0.0,0.0,23942,35.55322,57.226887,61.971992,257396,3,6,6,162.87126,349.84735,325.3194,25.311,47.642437,-0.13630062,0.038341045,-0.0043815053,14413535,2,484,0.026902793,991
5000000000289,52000200000444,5000000000309,5000000000000,52,0.31970343,5000000000290,-1,5000000000288,5000000000011,-1,33,0.0,0.0,0.0,23942,35.485283,57.12856,61.85065,257396,3,6,6,173.19487,260.70654,278.92252,28.247177,52.332554,-0.062286023,0.059876826,0.16319872,14413535,2,444,0.024162225,915
5000000000290,51000200000404,5000000000309,5000000000000,51,0.36234027,5000000000291,-1,5000000000289,5000000000012,5000000000527,45,0.0,0.0,0.0,23942,35.420204,57.04195,61.76182,257396,3,6,6,183.90903,200.2857,247.02455,28.172709,55.06264,-0.11306699,0.066103324,0.1383116,14413535,2,404,0.03246449,350
5000000000291,50000200000473,5000000000309,5000000000000,50,0.40789944,5000000000292,-1,5000000000290,5000000000013,-1,48,0.0,0.0,0.0,23942,35.346226,56.954082,61.667675,257396,3,6,6,188.41013,163.06734,222.20384,29.311836,56.566193,-0.22749674,0.1991367,0.16822769,14413535,2,473,0.03168133,442
5000000000292,49000500001937,5000000000309,5000000000000,49,0.45657724,5000000000293,-1,5000000000291,5000000000292,-1,47,4.991809,4.0450864,4.733612,23942,35.2766,56.902576,61.583138,257396,3,6,6,188.45486,130.989,201.31122,31.681084,56.830013,-0.15942906,0.109825596,0.12122144,14413535,5,1937,0.030725986,80
5000000000293,48000500002179,5000000000309,5000000000000,48,0.5085914,5000000000294,-1,5000000000292,5000000000293,-1,47,4.131152,2.9262328,3.8729553,23942,35.194122,56.85432,61.512173,257392,3,6,6,186.96928,109.8304,188.50175,33.248512,59.659058,-0.14748725,0.2182282,0.10622573,14414664,5,2179,0.025726246,933
5000000000294,47000500002244,5000000000309,5000000000000,47,0.5641766,5000000000295,-1,5000000000293,5000000000294,-1,54,4.131152,3.442627,4.0450864,23993,35.097908,56.806423,61.427307,257337,3,6,6,186.56912,91.689186,178.61552,33.63122,60.84849,-0.08720576,0.25916162,0.13559042,14413840,5,2244,0.02909123,839
5000000000295,46000500002331,5000000000309,5000000000000,46,0.6235901,5000000000296,-1,5000000000294,5000000000295,-1,51,5.0778747,4.217218,4.991809,23993,35.02143,56.77615,61.362705,257337,3,6,6,186.82407,73.465294,166.49025,32.743565,62.17182,-0.09685527,0.16696319,0.10259757,14413535,5,2331,0.030843396,439
5000000000296,45000500002250,5000000000309,5000000000000,45,0.6871088,5000000000297,-1,5000000000295,5000000000296,-1,53,5.4221373,5.0778747,5.3360715,23993,34.932377,56.735558,61.275314,257337,3,6,6,186.18015,62.991608,159.01033,37.260227,63.377182,-0.020327065,0.16859283,0.22258572,14413840,5,2250,0.02735767,996
5000000000297,44000500002233,5000000000309,5000000000000,44,0.75503564,5000000000298,-1,5000000000296,5000000000297,-1,56,5.0778747,4.131152,4.905743,23993,34.829784,56.713673,61.214832,257337,3,6,6,184.0399,54.11357,154.80054,43.23448,66.066414,0.076084554,0.2042461,0.20441979,14413535,5,2233,0.028080376,247
5000000000298,43000500002375,5000000000309,5000000000000,43,0.8276991,5000000000299,-1,5000000000297,5000000000298,-1,53,4.733612,3.7008238,4.6475463,23993,34.744297,56.688595,61.10022,257337,3,6,6,179.52875,46.919373,147.29402,38.978027,63.63944,0.039991833,0.18024606,0.13237107,14414664,5,2375,0.028760152,15
5000000000299,42000500002452,5000000000309,5000000000000,42,0.9054624,5000000000300,-1,5000000000298,5000000000299,-1,54,3.7868896,3.442627,3.7008238,23993,34.65296,56.661873,61.0734,257337,3,6,6,172.86562,45.993168,145.3831,38.063656,61.940136,0.033518735,0.17815256,0.19947419,14413663,5,2452,0.029417519,641
5000000000300,41000500002511,5000000000309,5000000000000,41,0.98870814,5000000000301,-1,5000000000299,5000000000300,-1,52,3.442627,2.840167,3.098364,23998,34.58143,56.64018,60.988964,257323,3,6,6,162.88155,42.82388,142.73143,38.301296,73.26399,0.017241076,0.21972609,0.11636632,14413841,5,2511,0.027041586,825
5000000000301,40000500003145,5000000000309,5000000000000,40,1.0778745,5000000000302,-1,5000000000300,5000000000301,-1,37,2.2377074,1.2909851,2.2377074,23998,34.514706,56.61039,60.896408,257323,3,6,6,159.41681,33.467823,132.4122,35.361385,54.761215,-0.17989254,0.0941393,0.17982899,14413828,5,3145,0.030207744,520
5000000000302,39000500003000,5000000000309,5000000000000,39,1.173417,5000000000303,-1,5000000000301,5000000000302,-1,31,1.3770508,1.032788,1.3770508,23998,34.34731,56.625877,60.854347,257323,3,6,6,145.42982,25.496683,131.04288,34.423054,50.464485,-0.14998072,-0.059629053,0.0393155,14414693,5,3000,0.033886004,640
5000000000303,38000500001702,5000000000309,5000000000000,38,1.2758462,5000000000304,-1,5000000000302,5000000000303,-1,39,1.2049193,1.2049193,1.2049193,23998,34.38579,56.574238,60.74266,257323,3,6,6,138.59032,16.44411,124.53213,27.943584,52.052128,-0.20613241,0.01332419,0.11546609,14413663,5,1702,0.04627217,670
5000000000304,37000500001704,5000000000309,5000000000000,37,1.3857181,5000000000305,-1,5000000000303,5000000000304,-1,28,1.8073791,1.8073791,2.065576,23998,34.321663,56.55955,60.66773,257323,3,6,6,118.817474,20.840631,123.89518,28.56884,49.049587,-0.15172657,0.28296357,-0.0062379637,14413546,5,1704,0.04373736,431
5000000000305,35000500002593,5000000000309,5000000000000,35,1.6302707,5000000000306,-1,5000000000304,5000000000305,-1,24,0.9467224,0.9467224,0.9467224,23997,34.201443,56.53646,60.528664,257295,3,6,6,112.836845,36.855396,118.215965,31.715519,50.25644,-0.014390417,0.28324372,-0.008451359,14413807,5,2593,0.03847422,599
5000000000306,33000500004159,5000000000309,5000000000000,33,1.9126327,5000000000307,-1,5000000000305,5000000000306,-1,20,1.549182,1.549182,1.549182,23997,34.072517,56.49386,60.45941,257294,3,6,6,120.59993,51.23627,92.7535,34.319263,58.455708,-0.19084622,0.12009623,-0.060845494,14413663,5,4159,0.015225219,7
5000000000307,32000500004386,5000000000309,5000000000000,32,2.0700274,5000000000308,-1,5000000000306,5000000000307,-1,20,1.8073791,1.8073791,1.8934448,23997,33.987507,56.44141,60.402714,257294,3,6,6,123.29894,49.583435,87.218666,37.143116,59.99599,-0.18923281,0.11681354,-0.057481166,14413807,5,4386,0.014921821,837
5000000000308,31000500003420,5000000000309,5000000000000,31,2.2394855,5000000000309,-1,5000000000307,5000000000308,-1,22,1.549182,1.549182,1.549182,23997,33.89368,56.415245,60.40526,257294,3,6,6,121.676025,41.83945,82.098434,35.567806,56.868973,-0.26025593,0.24066295,0.025973467,14413776,5,3420,0.0147007145,650
5000000000309,30000500003631,5000000000309,5000000000000,30,2.422044,-1,-1,5000000000308,5000000000309,-1,23,0.9467224,0.9467224,0.9467224,23997,33.824604,56.36466,60.383373,257294,3,6,6,125.773605,40.223045,77.25366,34.690155,52.031048,-0.10367876,0.2197939,0.08691067,14413840,5,3631,0.018796062,547
5000000000310,54000500003860,5000000000313,5000000000000,54,0.24246909,5000000000311,-1,5000000000007,5000000000310,-1,22,1.549182,1.2049193,1.4631164,23942,35.988533,57.325966,62.212105,257396,4,6,6,-95.777214,173.33276,-189.25475,20.990213,44.57881,-0.12195341,0.16077834,-0.20293422,4574258,5,3860,0.027731702,900
5000000000311,52000500003628,5000000000313,5000000000000,52,0.31970343,5000000000312,-1,5000000000310,5000000000311,-1,25,1.549182,1.4631164,1.4631164,23942,36.04557,57.211353,62.34262,257396,4,6,6,-21.634428,150.93341,-180.95845,24.739338,52.109722,0.016447423,0.26106253,-0.15691203,4569799,5,3628,0.02279435,621
5000000000312,50000500004769,5000000000313,5000000000000,50,0.40789944,5000000000313,-1,5000000000311,5000000000312,-1,20,1.7213135,1.4631164,1.6352477,23942,36.032913,57.100418,62.47399,257396,4,6,6,30.13784,132.91682,-171.89174,24.561253,48.548492,0.071215115,0.04347933,-0.008413475,4574268,5,4769,0.020310434,345
5000000000313,49000200005688,5000000000313,5000000000000,49,0.45657724,-1,-1,5000000000312,5000000000313,-1,20,1.6352477,1.4631164,1.549182,8825,36.02031,57.05343,0.038182054,107600,4,6,0,55.829006,125.797714,-167.64941,24.689035,56.556763,0.06922752,0.043111186,-0.010056909,4569803,2,5688,0.019858822,342
5000000000314,56000500003417,5000000000317,5000000000000,56,0.17489761,5000000000315,-1,5000000000006,5000000000314,-1,20,2.7541015,2.1516418,2.4098387,23942,35.50072,57.880928,61.88645,257398,3,6,6,-133.0106,146.53352,-47.619057,23.057425,51.695877,-0.05792244,0.031930998,0.043387387,4573846,5,3417,0.01892984,694
5000000000315,55000500002471,5000000000317,5000000000000,55,0.20754863,5000000000316,-1,5000000000314,5000000000315,-1,21,2.4098387,1.8934448,1.8934448,23942,35.545055,57.82836,61.905575,257398,3,6,6,-148.6685,202.76979,-81.80466,26.74858,57.6253,-0.017965406,0.04785019,-0.022747098,4573846,5,2471,0.013646882,911
5000000000316,53000200000485,5000000000317,5000000000000,53,0.2798018,5000000000317,-1,5000000000315,5000000000010,-1,21,0.0,0.0,0.0,23942,35.645393,57.65166,61.97946,257398,3,6,6,-138.68877,352.30508,-154.42049,31.049704,57.478935,-0.041084014,-0.054950926,-0.02003069,4573846,2,485,0.0148159815,48
5000000000317,51000200000406,5000000000317,5000000000000,51,0.36234027,-1,-1,5000000000316,5000000000012,-1,20,0.0,0.0,0.0,23942,35.683506,57.338722,62.111763,257396,3,6,6,50.472694,499.41394,-186.58353,29.592033,60.900333,-0.03543542,0.013239009,-0.0897146,15108385,2,406,0.012577408,419