haloID,subHaloID,lastProgenitorId,treeId,snapNum,redshift,firstProgenitorId,nextProgenitorId,descendantId,firstHaloInFOFgroupId,nextHaloInFOFgroupId,np,m_Mean200,m_Crit200,m_TopHat,phKey,x,y,z,zIndex,ix,iy,iz,velX,velY,velZ,velDisp,vMax,spinX,spinY,spinZ,mostBoundID,fileNr,subhaloIndex,halfmassRadius,random
1000038000000,63000100000371,1000038000283,1000038000000,63,0.0,1000038000001,-1,-1,1000038000000,1000038000284,4696,478.8694,336.08646,399.94717,6262,15.635378,32.012432,23.676191,88064,1,3,2,-73.20938,-56.38716,169.06923,153.81801,273.0116,-1.0744956,1.0208769,-0.37744448,3801259,1,371,0.11887597,409
1000038000001,62000100000365,1000038000261,1000038000000,62,0.019932542,1000038000002,1000038000262,1000038000000,1000038000001,1000038000285,4658,477.5784,333.9348,396.50455,6262,15.650484,32.01748,23.640152,88064,1,3,2,-70.64241,-56.609173,175.43333,152.58585,274.3131,-1.1409047,0.9897757,-0.0982336,3797992,1,365,0.118281655,38
1000038000002,61000100000364,1000038000261,1000038000000,61,0.041403063,1000038000003,-1,1000038000001,1000038000002,1000038000286,4598,475.5989,331.35284,398.8283,6262,15.66551,32.031788,23.597681,88064,1,3,2,-69.24264,-60.65991,181.77805,153.45078,272.45532,-1.4702641,0.5841626,-0.30116367,3797992,1,364,0.116088696,302
1000038000003,60000100000336,1000038000261,1000038000000,60,0.064493395,1000038000004,-1,1000038000002,1000038000003,1000038000287,4433,471.46774,330.92252,395.72995,6262,15.681987,32.044594,23.555225,88064,1,3,2,-68.929756,-63.073296,188.96599,153.65056,273.1179,-0.99208164,0.7296722,-0.45793018,3797992,1,336,0.11215184,25
1000038000004,59000100000293,1000038000261,1000038000000,59,0.08928783,1000038000005,-1,1000038000003,1000038000004,1000038000288,4427,466.99234,328.77087,388.50043,6262,15.697814,32.061356,23.509024,88064,1,3,2,-67.27042,-66.00777,199.0009,154.92047,273.54956,-0.69651824,0.8607957,-0.55151606,3797640,1,293,0.112415195,312
1000038000005,58000100000290,1000038000261,1000038000000,58,0.11588337,1000038000006,-1,1000038000004,1000038000005,1000038000289,4420,456.23413,328.51266,382.0455,6262,15.715668,32.074986,23.454363,88064,1,3,2,-65.21431,-72.66918,208.3722,155.63298,275.80392,-0.5358352,0.88492584,-0.5962897,3797992,1,290,0.1093668,771
1000038000006,57000100000287,1000038000261,1000038000000,57,0.14438343,1000038000007,-1,1000038000005,1000038000006,1000038000290,4395,450.38165,325.24216,375.76273,6281,15.729933,32.09112,23.39745,86308,1,3,2,-66.16324,-78.406685,214.84811,154.79141,276.5674,-1.0829113,0.8872169,-0.6456037,3801259,1,287,0.10911876,852
1000038000007,56000100000300,1000038000224,1000038000000,56,0.17489761,1000038000008,1000038000225,1000038000006,1000038000007,1000038000291,4216,442.89395,319.82004,371.88977,6281,15.745205,32.11105,23.333696,86308,1,3,2,-63.441513,-82.43819,221.364,155.3703,273.547,-1.0297518,0.13687105,-0.9723149,3797962,1,300,0.10541122,121
1000038000008,55000100000299,1000038000224,1000038000000,55,0.20754863,1000038000009,-1,1000038000007,1000038000008,1000038000292,4142,426.11115,314.1397,364.22992,6281,15.758073,32.132137,23.261784,86308,1,3,2,-62.07845,-89.76816,227.87376,156.18723,273.6136,-1.1641424,0.19927907,-0.82816416,3797962,1,299,0.10402071,593
1000038000009,54000100000303,1000038000224,1000038000000,54,0.24246909,1000038000010,-1,1000038000008,1000038000009,1000038000293,4060,397.02094,308.97577,357.43073,6281,15.77913,32.157993,23.186274,86308,1,3,2,-65.11287,-98.972275,229.60567,158.26067,274.60153,-1.3231208,0.33057255,-0.6889805,3797918,1,303,0.10246979,519
1000038000010,53000100000324,1000038000224,1000038000000,53,0.2798018,1000038000011,-1,1000038000009,1000038000010,1000038000294,3914,383.93896,306.1356,352.6971,6281,15.798798,32.19459,23.105434,86308,1,3,2,-64.77565,-103.53142,234.80818,155.69275,272.94742,-1.4677393,0.08536237,-0.59703916,3797918,1,324,0.09815662,325
1000038000011,52000100000327,1000038000224,1000038000000,52,0.31970343,1000038000012,-1,1000038000010,1000038000011,1000038000295,3864,371.71762,302.6069,345.38153,6281,15.823421,32.23207,23.019388,86310,1,3,2,-63.22615,-110.15417,235.0176,155.7492,271.18835,-0.74642766,0.11385192,-0.7748856,3800732,1,327,0.0976672,696
1000038000012,51000100000318,1000038000224,1000038000000,51,0.36234027,1000038000013,-1,1000038000011,1000038000012,1000038000296,3833,360.18484,297.3569,336.34464,6281,15.837789,32.264538,22.930717,86310,1,3,2,-62.981552,-116.575714,234.32062,153.65608,269.3135,-1.5945524,0.14500281,-1.0659057,3801329,1,318,0.09890758,451
1000038000013,50000100000316,1000038000193,1000038000000,50,0.40789944,1000038000014,1000038000194,1000038000012,1000038000013,1000038000297,3762,346.15613,296.15198,327.4799,6281,15.85837,32.305202,22.836075,86310,1,3,2,-61.54212,-121.951546,236.87404,154.27098,267.53632,-0.9334107,-0.0029183298,-1.132028,3797918,1,316,0.09839345,877
1000038000014,49000100000333,1000038000193,1000038000000,49,0.45657724,1000038000015,-1,1000038000013,1000038000014,1000038000437,3527,337.11923,292.6233,322.74628,6281,15.8774,32.359142,22.738438,86310,1,3,2,-62.557587,-123.590324,239.05363,154.83653,268.45953,-0.8993791,-0.45130414,-0.6149382,3797918,1,333,0.09140865,683
1000038000015,48000100000333,1000038000192,1000038000000,48,0.5085914,1000038000016,1000038000193,1000038000014,1000038000015,1000038000299,3431,327.13562,283.3282,313.8815,6281,15.89338,32.408978,22.644018,86310,1,3,2,-62.9053,-129.132,234.918,157.91539,270.59888,-1.1750045,-0.0029159551,-0.9024331,3797918,1,333,0.08818863,576
1000038000016,47000100000321,1000038000192,1000038000000,47,0.5641766,1000038000017,-1,1000038000015,1000038000016,1000038000439,3267,314.48395,280.5741,303.46756,6281,15.916087,32.453293,22.538643,86310,1,3,2,-59.31129,-135.30196,236.12062,163.33675,275.99466,-0.61370206,0.077144206,-1.0632703,3801344,1,321,0.07988693,636
1000038000017,46000100000323,1000038000192,1000038000000,46,0.6235901,1000038000018,-1,1000038000016,1000038000017,1000038000196,3139,305.79132,274.37735,296.8405,6281,15.955027,32.51006,22.43397,86306,1,3,2,-62.240604,-140.89987,228.28677,159.55865,272.61996,-0.50629026,-0.17286238,-0.9858297,3797944,1,323,0.0787175,550
1000038000018,45000100000308,1000038000192,1000038000000,45,0.6871088,1000038000019,-1,1000038000017,1000038000018,1000038000197,3189,298.6479,269.8159,289.611,6281,15.987409,32.570545,22.328035,86306,1,3,2,-59.51158,-145.73045,227.54128,157.83534,269.81326,-0.77549815,0.0049562287,-0.93780404,3799983,1,308,0.0813149,938
1000038000019,44000100000310,1000038000192,1000038000000,44,0.75503564,1000038000020,-1,1000038000018,1000038000019,1000038000198,3100,297.3569,261.7257,288.92245,6281,16.024868,32.629196,22.221949,86306,1,3,2,-55.421673,-147.10048,224.34946,156.98456,267.86557,-1.2051892,-0.3008468,-1.3710656,3798010,1,310,0.080548756,443
1000038000020,43000100000280,1000038000147,1000038000000,43,0.8276991,1000038000021,1000038000148,1000038000019,1000038000020,1000038000199,3078,288.92245,253.9798,280.48804,6281,16.053879,32.695316,22.11422,86306,1,3,2,-53.91468,-150.68924,224.44899,157.55472,265.06985,-0.74198467,-0.4114802,-1.2604952,3801321,1,280,0.08293332,544
1000038000021,42000100000274,1000038000147,1000038000000,42,0.9054624,1000038000022,-1,1000038000020,1000038000021,1000038000200,3069,284.96344,244.42651,276.61508,6281,16.07391,32.78412,22.002811,86306,1,3,2,-48.958294,-154.20152,225.9889,160.45346,269.23627,-0.73122126,-0.43219808,-1.3442435,3798010,1,274,0.07858751,837
1000038000022,41000100000293,1000038000147,1000038000000,41,0.98870814,1000038000023,-1,1000038000021,1000038000022,1000038000201,2930,283.41425,249.67651,279.2831,6281,16.078787,32.870384,21.890778,86306,1,3,2,-48.47487,-158.62836,228.66344,163.64015,270.58865,0.3301503,-0.47412753,-0.80645126,3801344,1,293,0.075004585,415
1000038000023,40000100000255,1000038000147,1000038000000,40,1.0778745,1000038000024,-1,1000038000022,1000038000023,1000038000202,2899,271.96753,249.33224,270.41833,6281,16.074612,32.93985,21.767256,86306,1,3,2,-46.07911,-162.51596,226.21481,165.4388,272.02533,0.56496876,-0.81376857,-0.92536044,3797944,1,255,0.073491186,236
1000038000024,39000100000283,1000038000131,1000038000000,39,1.173417,1000038000025,1000038000132,1000038000023,1000038000024,1000038000203,2783,263.10275,248.47159,262.15604,6281,16.09285,33.031334,21.651072,86306,1,3,2,-44.61186,-158.94179,222.25076,165.31917,267.00488,0.44465798,-1.0097005,-1.0222887,3797976,1,283,0.07296275,70
1000038000025,38000100000229,1000038000131,1000038000000,38,1.2758462,1000038000026,-1,1000038000024,1000038000025,1000038000204,2600,254.75438,238.74617,254.75438,6281,16.133348,33.11187,21.52641,86306,1,3,2,-47.504845,-146.38414,221.56975,163.1702,265.62817,0.5376972,-0.9867981,-0.885812,3797976,1,229,0.068750285,908
1000038000026,37000100000222,1000038000112,1000038000000,37,1.3857181,1000038000027,1000038000113,1000038000025,1000038000026,1000038000205,2578,234.61502,217.91827,235.56174,6282,16.184132,33.190617,21.389559,86278,1,3,2,-45.19694,-135.44972,220.76398,162.70757,264.06015,0.55570984,-1.3503803,-1.1013459,3800865,1,222,0.0697656,490
1000038000027,36000100000205,1000038000095,1000038000000,36,1.5036365,1000038000028,1000038000096,1000038000026,1000038000027,1000038000155,2310,221.70517,209.22565,223.34042,6283,16.211016,33.257687,21.258133,86292,1,3,2,-42.059166,-125.6331,218.15982,166.32059,266.67682,-0.23817927,-1.2014368,-0.9835529,3801333,1,205,0.061139796,684
1000038000028,35000100000211,1000038000095,1000038000000,35,1.6302707,1000038000029,-1,1000038000027,1000038000028,1000038000156,2183,195.97153,186.33218,198.20924,6283,16.219055,33.32749,21.143644,86292,1,3,2,-44.916393,-129.23965,214.62555,173.36255,275.67218,-0.44076112,-1.1624495,-1.3289918,3801333,1,211,0.054185823,908
1000038000029,34000100000208,1000038000093,1000038000000,34,1.766336,1000038000030,1000038000094,1000038000028,1000038000029,1000038000097,1882,174.62724,165.93462,176.34856,6283,16.223827,33.380196,21.009348,86292,1,3,2,-48.41181,-126.84679,221.63864,159.38657,259.76465,-0.645482,-1.0391884,-0.87418264,3797930,1,208,0.052858505,89
1000038000030,33000100000223,1000038000092,1000038000000,33,1.9126327,1000038000031,1000038000093,1000038000029,1000038000030,1000038000117,1664,142.69688,134.77884,145.79524,6283,16.22641,33.442303,20.883566,86292,1,3,2,-43.903854,-127.33568,218.66609,154.084,257.10828,-0.5527712,-0.7925805,-0.11928212,3798217,1,223,0.047478363,544
1000038000031,32000100000216,1000038000083,1000038000000,32,2.0700274,1000038000032,1000038000084,1000038000030,1000038000031,1000038000118,1579,125.82801,119.28702,130.1313,6283,16.258797,33.516483,20.762266,86292,1,3,2,-38.01909,-132.81119,209.3057,150.64938,249.24178,-0.5156429,-0.8557159,-0.2935971,3800820,1,216,0.048823863,413
1000038000032,31000100000213,1000038000080,1000038000000,31,2.2394855,1000038000033,1000038000081,1000038000031,1000038000032,-1,1343,118.254234,113.69275,120.75014,6283,16.28398,33.6035,20.648445,86292,1,3,2,-44.123283,-134.62366,212.08585,154.11304,251.65666,0.3036518,-0.83033013,-0.2528195,3801390,1,213,0.03945205,722
1000038000033,30000100000179,1000038000080,1000038000000,30,2.422044,1000038000034,-1,1000038000032,1000038000033,-1,1297,112.48783,109.64767,116.36079,6283,16.287138,33.67086,20.544374,86292,1,3,2,-37.505325,-129.78189,205.14304,155.30484,250.645,0.21937388,-0.8124476,-0.32264918,3800820,1,179,0.039734334,223
1000038000034,29000100000154,1000038000080,1000038000000,29,2.6188614,1000038000035,-1,1000038000033,1000038000034,-1,1162,99.23372,97.08208,101.557495,6283,16.342253,33.738663,20.41675,86288,1,3,2,-34.214848,-129.9202,206.06244,162.57721,265.8842,0.20771103,-0.56994206,-0.26901227,3797928,1,154,0.030534634,999
1000038000035,28000100000147,1000038000080,1000038000000,28,2.8311827,1000038000036,-1,1000038000034,1000038000035,-1,992,80.98779,79.18042,83.91403,6283,16.399141,33.821632,20.28643,86288,1,3,2,-34.883713,-124.77553,212.0107,148.80922,242.16,0.16057041,-0.19005008,-0.26343954,3798203,1,147,0.03223098,928
1000038000036,27000100000112,1000038000065,1000038000000,27,3.060419,1000038000037,1000038000066,1000038000035,1000038000036,1000038000066,851,57.491867,56.88941,61.881218,6283,16.447762,33.913055,20.140045,86288,1,3,2,-55.430344,-123.89127,226.83772,137.52034,227.57713,0.34664845,0.5062437,-0.17365317,3797971,1,112,0.032356348,393
1000038000037,26000100000126,1000038000065,1000038000000,26,3.3080978,1000038000038,-1,1000038000036,1000038000037,-1,702,52.069733,50.34842,53.87711,6283,16.459003,33.98296,20.037792,86288,1,3,2,-60.476063,-126.24876,217.37917,135.13573,218.23805,0.87662274,0.6630088,-0.022660814,3797928,1,126,0.02786265,388
1000038000038,25000100000081,1000038000065,1000038000000,25,3.575905,1000038000039,-1,1000038000037,1000038000038,-1,694,53.87711,53.61891,55.68449,6283,16.491274,34.065357,19.908546,86288,1,3,2,-52.853832,-132.13608,208.58873,139.11534,226.03156,1.0288563,0.749568,-0.18737917,3797629,1,81,0.027189601,955
1000038000039,24000100000065,1000038000065,1000038000000,24,3.8656828,1000038000040,-1,1000038000038,1000038000039,-1,644,51.381207,51.03694,52.413994,6283,16.498213,34.108685,19.783903,86288,1,3,2,-46.68145,-129.66689,202.86244,147.25577,234.00627,1.0738595,0.7956078,-0.35326356,3798010,1,65,0.023414612,515
1000038000040,23000100000062,1000038000065,1000038000000,23,4.1794686,1000038000041,-1,1000038000039,1000038000040,-1,574,43.463165,43.29103,45.614807,6283,16.57099,34.14633,19.643389,86288,1,3,2,-37.790882,-119.77067,192.64551,143.4346,225.76056,0.9380346,0.70665884,-0.33164984,3801332,1,62,0.0211995,285
1000038000041,22000100000048,1000038000058,1000038000000,22,4.5195556,1000038000042,1000038000059,1000038000040,1000038000041,1000038000059,453,30.725445,30.467247,32.963154,6283,16.605963,34.17647,19.551193,86289,1,3,2,-51.85671,-94.72752,162.19656,129.47066,208.75832,0.69602364,0.5900928,-0.07741983,3801383,1,48,0.019625947,671
1000038000042,21000100000062,1000038000058,1000038000000,21,4.888449,1000038000043,-1,1000038000041,1000038000042,-1,335,28.573803,28.401672,29.43446,6324,16.680513,34.20106,19.458233,86071,1,3,2,-64.33577,-86.1364,143.8107,131.21118,206.8743,0.20781119,0.14762168,0.14748944,3797962,1,62,0.015817981,116
1000038000043,20000100000051,1000038000058,1000038000000,20,5.2888336,1000038000044,-1,1000038000042,1000038000043,-1,291,24.098389,23.926256,24.614782,6324,16.675629,34.264008,19.40828,86071,1,3,2,-57.13181,-83.25819,142.65244,138.9416,215.6893,0.22302254,0.15320683,0.07700835,3800863,1,51,0.01194307,522
1000038000044,19000100000032,1000038000058,1000038000000,19,5.7238646,1000038000045,-1,1000038000043,1000038000044,-1,286,17.2992,17.2992,18.418055,6324,16.666578,34.33369,19.34282,86071,1,3,2,-51.377888,-80.9139,127.12091,118.03791,199.51804,0.17917477,0.109768264,0.10721294,3801380,1,32,0.014629627,359
1000038000045,18000100000053,1000038000051,1000038000000,18,6.1968336,1000038000046,1000038000052,1000038000044,1000038000045,1000038000058,101,11.790997,11.790997,12.221325,6324,16.69112,34.39159,19.284622,86071,1,3,2,-5.609445,-75.84039,126.687004,105.59548,156.57144,0.11124097,-0.0019430597,0.055245038,3801385,1,53,0.007996301,471
1000038000046,17000100000043,1000038000051,1000038000000,17,6.7115865,1000038000047,-1,1000038000045,1000038000046,-1,111,6.7131224,6.6270566,6.885254,6324,16.648905,34.49208,19.235487,86071,1,3,2,-17.121649,-112.76282,146.78392,91.02345,143.4838,0.17093849,0.06350904,0.1796332,3801388,1,43,0.010350622,410
1000038000047,16000100000077,1000038000049,1000038000000,16,7.272188,1000038000048,1000038000050,1000038000046,1000038000047,-1,61,4.733612,4.733612,4.991809,6324,16.655367,34.575836,19.117098,86071,1,3,2,1.1756334,-155.19054,158.74919,75.90367,131.52097,-0.19637208,-0.16734853,0.042968594,3800858,1,77,0.007662513,782
1000038000048,15000100000035,1000038000049,1000038000000,15,7.8832035,1000038000049,-1,1000038000047,1000038000048,-1,62,2.840167,2.840167,2.840167,6324,16.634912,34.66053,19.059006,86071,1,3,2,-8.787145,-138.15964,153.36263,73.55394,123.1133,-0.19543192,-0.16356319,0.062310163,3801341,1,35,0.007814658,760
1000038000049,14000100000049,1000038000049,1000038000000,14,8.549912,-1,-1,1000038000048,1000038000049,-1,41,1.4631164,1.4631164,1.7213135,6324,16.629221,34.7524,19.020397,86071,1,3,2,-4.236392,-117.64495,147.95161,59.55908,108.57694,-0.09625747,-0.09253131,-0.050307844,3801390,1,49,0.009451153,777
1000038000050,16000100000192,1000038000051,1000038000000,16,7.272188,1000038000051,-1,1000038000046,1000038000050,-1,30,2.7541015,2.7541015,2.9262328,6324,16.720158,34.40207,19.176006,86071,1,3,2,-0.16871466,-12.214435,85.71339,60.138893,106.33321,0.08476087,-0.024762763,-0.0027009214,3797963,1,192,0.0058287415,965
1000038000051,15000100000220,1000038000051,1000038000000,15,7.8832035,-1,-1,1000038000050,1000038000051,-1,23,1.2909851,1.2909851,1.8934448,6324,16.72922,34.448425,19.12241,86071,1,3,2,0.5689605,-38.312717,87.611374,55.578075,100.64692,0.048774883,-0.036908735,0.009975915,3797910,1,220,0.0046609384,931
1000038000052,18000100000118,1000038000057,1000038000000,18,6.1968336,1000038000053,1000038000058,1000038000044,1000038000052,-1,90,6.540991,6.540991,7.4877133,6324,16.844656,34.263195,19.21066,86071,1,3,2,-106.313736,-9.080315,128.28523,86.402695,143.26161,-0.08906838,-0.050773323,-0.0012781356,3797961,1,118,0.008848438,204
1000038000053,17000100000111,1000038000057,1000038000000,17,6.7115865,1000038000054,-1,1000038000052,1000038000053,-1,70,6.024597,6.024597,6.1106625,6324,16.891882,34.268486,19.149023,86071,1,3,2,-103.777245,-33.17604,130.39006,92.84861,153.06488,0.050457295,-0.010160402,-0.05037845,3797956,1,111,0.00640989,849
1000038000054,16000100000100,1000038000057,1000038000000,16,7.272188,1000038000055,-1,1000038000053,1000038000054,-1,54,4.733612,4.3893495,4.8196774,6324,16.961779,34.295647,19.09833,86071,1,3,2,-95.62561,-30.214514,116.552086,83.18383,133.36574,-0.0115271015,-0.0030760507,0.065546885,3797951,1,100,0.005927443,209
1000038000055,15000100000062,1000038000057,1000038000000,15,7.8832035,1000038000056,-1,1000038000054,1000038000055,-1,49,3.2704954,3.2704954,3.2704954,6324,16.991896,34.29987,19.046804,86071,1,3,2,-78.748566,-46.482334,99.76229,76.74062,132.61916,0.0448722,0.0623103,-0.048294723,3797951,1,62,0.005561276,152
1000038000056,14000100000083,1000038000057,1000038000000,14,8.549912,1000038000057,-1,1000038000055,1000038000056,-1,30,2.065576,2.065576,2.065576,6324,17.014767,34.320812,19.008253,86071,1,3,2,-84.72362,-44.16251,86.52644,65.172646,116.89223,0.016070275,0.022842865,-0.009790281,3797956,1,83,0.0051526427,127
1000038000057,13000100000062,1000038000057,1000038000000,13,9.277915,-1,-1,1000038000056,1000038000057,-1,23,1.3770508,1.3770508,1.3770508,6324,17.030266,34.3524,18.97523,86071,1,3,2,-61.153255,-49.614998,84.33365,59.41001,100.46342,0.03485706,0.04790278,-0.051274624,3797953,1,62,0.0051715197,309
1000038000058,18000100000054,1000038000058,1000038000000,18,6.1968336,-1,-1,1000038000044,1000038000045,-1,28,0.0,0.0,0.0,6324,16.623838,34.43744,19.331833,86071,1,3,2,38.082474,-204.39178,100.61961,80.13533,109.87364,-0.05954485,-0.09991064,0.024966585,3801389,1,54,0.005308534,427
1000038000059,22000100000049,1000038000065,1000038000000,22,4.5195556,1000038000060,-1,1000038000040,1000038000041,-1,41,0.0,0.0,0.0,6283,16.496555,34.33068,19.593075,86290,1,3,2,105.091606,-249.3054,250.64435,75.57409,117.374695,-0.011192661,0.032324616,0.16574322,3800737,1,49,0.006694339,924
1000038000060,21000100000295,1000038000065,1000038000000,21,4.888449,1000038000061,-1,1000038000059,1000038000060,-1,95,6.971319,6.971319,7.3155823,6324,16.425188,34.4674,19.441423,86070,1,3,2,78.30627,-202.30908,272.85196,84.29483,137.11548,0.049093492,0.020990962,0.1343315,3800760,1,295,0.009900448,515
1000038000061,20000100000339,1000038000064,1000038000000,20,5.2888336,1000038000062,1000038000065,1000038000060,1000038000061,-1,65,3.442627,3.442627,4.131152,6324,16.410181,34.57247,19.320747,86070,1,3,2,72.10048,-176.17024,243.20985,67.898125,114.25341,-0.04097474,0.13810916,0.01845972,3800769,1,339,0.009357191,117
1000038000062,19000100000240,1000038000064,1000038000000,19,5.7238646,1000038000063,-1,1000038000061,1000038000062,-1,72,2.840167,2.7541015,3.3565612,6324,16.390049,34.659325,19.193975,86070,1,3,2,53.319065,-158.68768,244.53539,61.34904,107.443634,0.117654815,-0.04093149,0.09302461,3800762,1,240,0.012330547,85
1000038000063,18000100000541,1000038000064,1000038000000,18,6.1968336,1000038000064,-1,1000038000062,1000038000063,-1,32,2.7541015,2.7541015,2.7541015,6324,16.38871,34.734715,19.055079,86070,1,3,2,27.220247,-138.11458,225.71115,69.852905,112.35949,0.047897138,0.07676089,-0.020955028,3800790,1,541,0.0051605203,129
1000038000064,17000100000398,1000038000064,1000038000000,17,6.7115865,-1,-1,1000038000063,1000038000064,-1,30,1.8073791,1.8073791,1.8073791,6324,16.37501,34.788685,18.921383,86070,1,3,2,36.125477,-145.411,235.47845,65.35365,100.14308,-0.008306369,0.05418994,-0.01668637,3800735,1,398,0.0068796896,30
1000038000065,20000100000847,1000038000065,1000038000000,20,5.2888336,-1,-1,1000038000060,1000038000065,-1,33,1.032788,0.86065674,1.1188537,6324,16.524105,34.82048,19.216972,86070,1,3,2,33.571285,-203.4449,286.84464,50.959095,72.36705,-0.12376949,0.043058675,-0.015097432,3800696,1,847,0.015233674,27
1000038000066,27000100000113,1000038000080,1000038000000,27,3.060419,1000038000067,-1,1000038000035,1000038000036,-1,75,0.0,0.0,0.0,6283,16.182266,33.826477,20.252409,86288,1,3,2,118.64393,-87.52424,105.73506,68.94567,105.27876,-0.054707024,-0.12476126,-0.17889448,3798263,1,113,0.014195694,716
1000038000067,26000100000426,1000038000080,1000038000000,26,3.3080978,1000038000068,-1,1000038000066,1000038000067,-1,105,5.9385314,5.9385314,6.36886,6283,16.119846,33.87408,20.196592,86288,1,3,2,64.464485,-92.923836,111.46818,60.27662,102.731094,-0.2881001,-0.38606235,0.09463214,3800910,1,426,0.021605462,231
1000038000068,25000100000330,1000038000080,1000038000000,25,3.575905,1000038000069,-1,1000038000067,1000038000068,-1,123,4.5614805,4.5614805,4.6475463,6283,16.0697,33.91628,20.157999,86288,1,3,2,33.242523,-99.53481,88.27889,59.492622,95.69496,-0.091218404,-0.094215676,0.03239523,3798294,1,330,0.028617019,908
1000038000069,24000100000787,1000038000072,1000038000000,24,3.8656828,1000038000070,1000038000073,1000038000068,1000038000069,-1,48,1.1188537,1.1188537,2.4098387,6283,16.121758,33.97846,19.966097,86288,1,3,2,-8.232949,-103.78899,90.730965,44.612286,71.042725,-0.012710789,-0.10336659,-0.18207227,3800909,1,787,0.019776555,501
1000038000070,23000100000384,1000038000072,1000038000000,23,4.1794686,1000038000071,-1,1000038000069,1000038000070,1000038000076,52,2.4959044,2.4959044,2.840167,6283,16.149586,34.05226,19.90706,86288,1,3,2,-16.57157,-87.81047,86.088486,51.394604,77.54145,-0.01181095,-0.107613645,-0.013408649,3800906,1,384,0.017272595,689
1000038000071,22000100000337,1000038000072,1000038000000,22,4.5195556,1000038000072,-1,1000038000070,1000038000071,-1,111,1.8073791,1.8073791,3.18443,6283,15.988763,34.105896,20.020626,86288,1,3,2,-5.3649554,-88.54505,88.79293,66.923164,93.9384,-0.017955014,0.46650988,0.27972203,3800906,1,337,0.026658822,172
1000038000072,21000100000559,1000038000072,1000038000000,21,4.888449,-1,-1,1000038000071,1000038000072,-1,53,3.0122986,3.0122986,3.0122986,6283,16.182886,34.16452,19.823324,86288,1,3,2,-23.83547,-51.227608,93.75819,66.31649,92.806175,-0.2144047,0.04243476,-0.19280465,3800906,1,559,0.012796885,852
1000038000073,24000100002241,1000038000074,1000038000000,24,3.8656828,1000038000074,1000038000075,1000038000068,1000038000073,-1,26,1.4631164,1.4631164,1.4631164,6283,16.146029,33.74468,19.809404,86288,1,3,2,65.57615,-30.98432,287.3509,43.214527,77.53913,0.08349646,0.13499646,0.12505281,3799921,1,2241,0.008795615,592
1000038000074,23000100002231,1000038000074,1000038000000,23,4.1794686,-1,-1,1000038000073,1000038000074,-1,24,0.9467224,0.86065674,1.2049193,6283,16.122915,33.782005,19.660847,86288,1,3,2,55.146667,-51.083836,274.25406,39.283962,69.448204,-0.009238331,0.08960014,0.09863614,3798168,1,2231,0.011754611,174
1000038000075,24000100001296,1000038000080,1000038000000,24,3.8656828,1000038000076,-1,1000038000068,1000038000075,-1,31,3.442627,3.3565612,3.442627,6283,16.032608,33.961845,20.106089,86288,1,3,2,47.62269,-109.8394,81.694176,43.535294,80.87676,0.038980454,-0.020424841,0.011250803,3800885,1,1296,0.010175009,685
1000038000076,23000100000385,1000038000080,1000038000000,23,4.1794686,1000038000077,-1,1000038000075,1000038000070,-1,31,0.0,0.0,0.0,6283,15.993545,34.021168,20.053654,86288,1,3,2,32.823723,-119.428154,87.12812,41.634003,74.16009,0.06920591,0.043702528,0.097541854,3798294,1,385,0.012551448,379
1000038000077,21000100000786,1000038000080,1000038000000,21,4.888449,1000038000078,-1,1000038000076,1000038000077,-1,36,1.9795104,1.8934448,1.9795104,6283,16.006672,34.146538,19.986012,86288,1,3,2,7.7691817,-116.559296,81.71933,54.11922,83.4526,0.04042182,0.12983255,0.05953311,3800904,1,786,0.011827817,556
1000038000078,20000100001203,1000038000080,1000038000000,20,5.2888336,1000038000079,-1,1000038000077,1000038000078,-1,26,1.9795104,1.9795104,1.9795104,6283,16.000185,34.218357,19.936708,86290,1,3,2,-10.0586195,-104.68357,70.73539,55.129467,90.07685,0.050932877,0.04014213,-0.022313293,3798287,1,1203,0.0064712474,363
1000038000079,19000100001225,1000038000080,1000038000000,19,5.7238646,1000038000080,-1,1000038000078,1000038000079,-1,22,1.6352477,1.6352477,1.6352477,6283,16.018387,34.27854,19.877728,86290,1,3,2,-9.494216,-88.868805,77.79452,56.202194,93.27601,0.05197827,0.031049253,-0.028499499,3798287,1,1225,0.0062191575,457
1000038000080,18000100000981,1000038000080,1000038000000,18,6.1968336,-1,-1,1000038000079,1000038000080,-1,21,0.86065674,0.86065674,0.86065674,6283,16.020496,34.32436,19.832205,86290,1,3,2,-8.257504,-93.03656,76.48706,45.84591,72.12814,0.019456016,0.05087999,-0.041536205,3798287,1,981,0.009824435,149
1000038000081,31000100000791,1000038000083,1000038000000,31,2.2394855,1000038000082,-1,1000038000031,1000038000100,-1,25,0.0,0.0,0.0,6283,16.256866,34.01651,20.612808,86292,1,3,2,-8.67873,-278.97382,86.38597,43.38706,58.597767,-0.24050453,-0.08057322,0.16074932,3800981,1,791,0.01804334,328
1000038000082,30000100001771,1000038000083,1000038000000,30,2.422044,1000038000083,-1,1000038000081,1000038000082,-1,32,3.7008238,3.5286925,4.0450864,6283,16.275772,34.139412,20.60295,86292,1,3,2,-3.8550308,-247.68797,62.35403,48.098812,64.5194,-0.30145022,-0.0984982,0.060643572,3801274,1,1771,0.017923191,913
1000038000083,29000100000783,1000038000083,1000038000000,29,2.6188614,-1,-1,1000038000082,1000038000102,-1,36,0.0,0.0,0.0,6283,16.310854,34.235886,20.588085,86294,1,3,2,-33.116516,-208.28319,27.428848,46.390022,60.280357,-0.38173765,-0.073481455,0.15886538,3770173,1,783,0.023527898,9
1000038000084,32000100000218,1000038000092,1000038000000,32,2.0700274,1000038000085,-1,1000038000030,1000038000031,-1,25,0.0,0.0,0.0,6283,16.585854,33.557198,20.745037,86292,1,3,2,-179.35118,23.4736,318.4957,31.881824,62.96201,-0.015098206,0.02308033,-0.014140895,3799947,1,218,0.014043393,343
1000038000085,31000100001237,1000038000092,1000038000000,31,2.2394855,1000038000086,-1,1000038000084,1000038000085,-1,33,2.4098387,2.1516418,2.4098387,6283,16.669485,33.53716,20.544006,86293,1,3,2,-106.14746,28.169926,314.26956,35.979065,70.1315,-0.20179725,0.13962518,-0.1366402,3799936,1,1237,0.015096561,53
1000038000086,30000100003588,1000038000092,1000038000000,30,2.422044,1000038000087,-1,1000038000085,1000038000086,-1,22,2.2377074,2.1516418,2.3237731,6283,16.717018,33.506855,20.372599,86289,1,3,2,-61.85265,26.57229,301.32645,46.233837,87.85639,0.034751996,0.0037682885,-0.032051727,3799939,1,3588,0.0066291112,344
1000038000087,29000100003076,1000038000092,1000038000000,29,2.6188614,1000038000088,-1,1000038000086,1000038000087,-1,23,1.8934448,1.8934448,2.4098387,6283,16.741966,33.49018,20.190407,86289,1,3,2,-19.61326,21.658806,320.94296,42.874046,81.3371,-0.08431947,0.18010516,-0.0029393565,3799940,1,3076,0.008528157,481
1000038000088,28000100003469,1000038000092,1000038000000,28,2.8311827,1000038000089,-1,1000038000087,1000038000088,-1,22,1.8073791,1.8073791,1.8073791,6283,16.751936,33.484467,20.014818,86289,1,3,2,-0.42528182,1.9860185,306.1681,38.45202,76.65474,0.035707828,0.017992768,0.044739053,3800018,1,3469,0.007833406,12
1000038000089,27000100002686,1000038000092,1000038000000,27,3.060419,1000038000090,-1,1000038000088,1000038000089,-1,27,1.2909851,1.2909851,1.2909851,6283,16.747078,33.48234,19.865353,86289,1,3,2,15.394194,-17.556011,301.64865,37.981483,71.08875,0.005748539,0.07554295,0.027078561,3800018,1,2686,0.011861147,635
1000038000090,26000100002899,1000038000092,1000038000000,26,3.3080978,1000038000091,-1,1000038000089,1000038000090,-1,24,2.065576,2.065576,2.065576,6283,16.731606,33.498455,19.667273,86289,1,3,2,27.157469,-31.06474,278.10544,40.426838,78.54388,0.03311632,-0.03259281,-0.004493433,3799943,1,2899,0.009543845,415
1000038000091,25000100002798,1000038000092,1000038000000,25,3.575905,1000038000092,-1,1000038000090,1000038000091,-1,24,1.7213135,1.7213135,1.7213135,6324,16.708038,33.52629,19.510857,86069,1,3,2,33.7498,-44.79566,267.0835,47.62428,84.880615,0.009772306,-0.0138763925,0.005583701,3799910,1,2798,0.0072506825,719
1000038000092,24000100002856,1000038000092,1000038000000,24,3.8656828,-1,-1,1000038000091,1000038000092,-1,20,1.7213135,1.549182,1.7213135,6324,16.70491,33.550743,19.378136,86069,1,3,2,29.497164,-47.284122,263.61197,43.84336,71.85766,0.07473479,-0.037973594,-0.053796742,3799936,1,2856,0.00933488,789
1000038000093,33000100000225,1000038000093,1000038000000,33,1.9126327,-1,-1,1000038000029,1000038000030,-1,20,0.0,0.0,0.0,6283,16.36972,33.2501,20.703098,86292,1,3,2,-238.7104,-53.17245,374.28595,26.376123,44.93727,0.06782525,0.13547984,-0.043276597,3801458,1,225,0.022456756,811
1000038000094,33000100003944,1000038000095,1000038000000,33,1.9126327,1000038000095,-1,1000038000028,1000038000094,-1,21,0.9467224,0.86065674,1.032788,6282,16.251884,32.980995,21.069212,86278,1,3,2,-102.03857,87.2326,16.931738,27.278086,48.79371,0.014132205,0.084832944,0.01516263,3773647,1,3944,0.020698206,179
1000038000095,32000100004295,1000038000095,1000038000000,32,2.0700274,-1,-1,1000038000094,1000038000095,-1,20,0.516394,0.516394,0.516394,6282,16.253828,32.942715,21.040531,86278,1,3,2,-101.7695,46.563812,18.330694,27.74853,48.30372,0.026528751,0.11116304,-0.05477232,3773647,1,4295,0.020212015,180
1000038000096,36000100000207,1000038000112,1000038000000,36,1.5036365,1000038000097,-1,1000038000026,1000038000027,1000038000114,30,0.0,0.0,0.0,6282,16.080256,33.131332,21.236677,86278,1,3,2,-262.1641,-214.19302,221.02327,50.725513,79.419136,-0.009121801,-0.053435136,-0.15927412,3800999,1,207,0.010615082,142
1000038000097,34000100000209,1000038000112,1000038000000,34,1.766336,1000038000098,-1,1000038000096,1000038000029,1000038000116,47,0.0,0.0,0.0,6283,16.341944,33.61092,21.044027,86292,1,3,2,-64.041504,-406.4465,126.39332,47.726963,87.36546,0.059684433,-0.1215043,0.028794102,3801133,1,209,0.012319921,447
1000038000098,33000100001543,1000038000112,1000038000000,33,1.9126327,1000038000099,-1,1000038000097,1000038000098,-1,62,6.6270566,6.024597,6.7131224,6283,16.360817,33.828415,20.987,86292,1,3,2,-28.81888,-327.0312,136.40022,51.778187,93.59081,-0.0503617,0.02326755,0.026887586,3800984,1,1543,0.014706117,115
1000038000099,32000100000769,1000038000112,1000038000000,32,2.0700274,1000038000100,-1,1000038000098,1000038000159,-1,52,0.0,0.0,0.0,6283,16.362669,33.9981,20.902992,86292,1,3,2,-2.1322317,-295.0822,147.47418,56.533806,102.88698,0.09154524,0.04680441,0.022512527,3800999,1,769,0.011554501,153
1000038000100,31000100000790,1000038000112,1000038000000,31,2.2394855,1000038000101,-1,1000038000099,1000038000100,1000038000081,92,6.6270566,6.4549255,6.799188,6283,16.370504,34.167538,20.80961,86292,1,3,2,6.912408,-291.7984,148.58252,52.64534,99.472664,0.118898354,0.0029353343,0.22979999,3801032,1,790,0.021991974,603
1000038000101,30000100000947,1000038000112,1000038000000,30,2.422044,1000038000102,-1,1000038000100,1000038000101,-1,76,5.4221373,5.3360715,5.680334,6283,16.34455,34.315346,20.712666,86294,1,3,2,13.573356,-270.08893,169.79022,52.826923,98.3395,0.07527964,0.0016946205,0.0113919815,3800984,1,947,0.015527875,578
1000038000102,29000100000782,1000038000112,1000038000000,29,2.6188614,1000038000103,-1,1000038000101,1000038000102,1000038000083,71,4.3032837,4.0450864,4.905743,6283,16.331081,34.458046,20.634092,86294,1,3,2,25.756954,-250.68399,177.55862,46.748196,89.6292,0.07989335,-0.19716011,0.35173774,3801032,1,782,0.01785531,512
1000038000103,28000100001108,1000038000112,1000038000000,28,2.8311827,1000038000104,-1,1000038000102,1000038000103,-1,60,5.0778747,5.0778747,5.0778747,6283,16.33253,34.604404,20.530201,86294,1,3,2,16.480465,-235.70827,180.07074,49.14118,89.23065,-0.061556537,0.14114682,0.015362161,3801072,1,1108,0.014913225,2
1000038000104,27000100001248,1000038000112,1000038000000,27,3.060419,1000038000105,-1,1000038000103,1000038000104,-1,61,4.905743,4.905743,5.4221373,6283,16.317398,34.728165,20.397663,86290,1,3,2,16.766014,-225.20016,183.7693,52.85703,94.01278,-0.035916876,0.23116414,-0.0023179802,3800993,1,1248,0.013492628,977
1000038000105,26000100001380,1000038000112,1000038000000,26,3.3080978,1000038000106,-1,1000038000104,1000038000105,-1,53,4.217218,4.217218,4.4754148,6283,16.287426,34.87258,20.308252,86290,1,3,2,7.1498113,-210.37009,180.30774,59.322285,95.43007,-0.0138852345,0.046023842,0.013156242,3801059,1,1380,0.0114771165,676
1000038000106,25000100001222,1000038000112,1000038000000,25,3.575905,1000038000107,-1,1000038000105,1000038000106,-1,53,4.3032837,4.3032837,4.3032837,6283,16.302336,34.977055,20.19417,86290,1,3,2,9.592905,-195.30159,167.35498,57.40396,101.53404,0.013753268,0.1375682,-0.04012167,3800993,1,1222,0.0107290475,360
1000038000107,24000100001630,1000038000112,1000038000000,24,3.8656828,1000038000108,-1,1000038000106,1000038000107,-1,36,2.4098387,2.4098387,2.5819702,6283,16.32442,35.070454,20.097107,86290,1,3,2,7.7657223,-193.9978,169.08258,53.92706,84.130745,-0.116272934,0.1096189,-0.028275734,3801032,1,1630,0.011515725,730
1000038000108,23000100001147,1000038000112,1000038000000,23,4.1794686,1000038000109,-1,1000038000107,1000038000108,-1,46,2.2377074,2.1516418,2.4098387,6278,16.340206,35.220516,20.001091,86400,1,3,2,-2.2271428,-182.59943,158.78383,48.586063,84.33998,0.015498836,0.00425062,-0.03940643,3801215,1,1147,0.0129972035,880
1000038000109,22000100001521,1000038000112,1000038000000,22,4.5195556,1000038000110,-1,1000038000108,1000038000109,-1,28,2.4098387,2.3237731,2.4098387,6278,16.340218,35.27993,19.908716,86400,1,3,2,-3.4616086,-168.36552,166.0434,48.73608,85.66335,-0.015499903,-1.7694592E-4,-0.013940185,3800989,1,1521,0.008077351,914
1000038000110,21000100001058,1000038000112,1000038000000,21,4.888449,1000038000111,-1,1000038000109,1000038000110,-1,36,2.4098387,2.4098387,2.7541015,6278,16.319002,35.400303,19.825716,86400,1,3,2,-4.0980806,-164.71909,165.91673,55.435223,94.74515,-0.006237073,0.0061623994,-0.0036477016,3801070,1,1058,0.009274104,112
1000038000111,20000100001205,1000038000112,1000038000000,20,5.2888336,1000038000112,-1,1000038000110,1000038000111,-1,27,2.5819702,2.5819702,2.5819702,6278,16.340563,35.480244,19.722126,86400,1,3,2,2.2854218,-161.01723,150.14342,66.01121,109.69463,0.019465588,0.014043306,-0.03857483,3801215,1,1205,0.0065299743,375
1000038000112,19000100000957,1000038000112,1000038000000,19,5.7238646,-1,-1,1000038000111,1000038000112,-1,27,1.8073791,1.8073791,1.8073791,6278,16.34342,35.564667,19.659048,86400,1,3,2,-6.0010357,-146.74051,143.7016,56.307533,91.04775,0.034430698,-0.08805447,-0.079684734,3801070,1,957,0.006626892,594
1000038000113,37000100000225,1000038000131,1000038000000,37,1.3857181,1000038000114,-1,1000038000025,1000038000026,-1,21,0.0,0.0,0.0,6282,16.219027,33.111652,21.221498,86278,1,3,2,-186.44615,-240.95026,329.30133,37.99439,77.8139,0.06008027,-0.12613948,-0.13640162,3580507,1,225,0.0074116415,73
1000038000114,36000100000208,1000038000131,1000038000000,36,1.5036365,1000038000115,-1,1000038000113,1000038000027,-1,21,0.0,0.0,0.0,6283,16.300076,33.259026,21.087229,86292,1,3,2,-110.57593,-292.56607,134.8173,37.91742,75.34319,0.062489968,-0.0595475,-0.049318932,3580513,1,208,0.008883019,481
1000038000115,35000100000213,1000038000131,1000038000000,35,1.6302707,1000038000116,-1,1000038000114,1000038000028,-1,22,0.0,0.0,0.0,6283,16.329618,33.423744,21.077524,86292,1,3,2,42.153717,-216.26553,-39.471897,52.23657,91.1885,0.08198194,-0.02772384,-0.06300799,3799923,1,213,0.005969116,91
1000038000116,34000100000210,1000038000131,1000038000000,34,1.766336,1000038000117,-1,1000038000115,1000038000029,-1,30,0.0,0.0,0.0,6283,16.255499,33.493324,21.124817,86292,1,3,2,211.17128,-41.885838,-43.88001,54.75191,94.96836,0.04786901,-0.089252725,0.1667929,3799923,1,210,0.009681849,94
1000038000117,33000100000224,1000038000131,1000038000000,33,1.9126327,1000038000118,-1,1000038000116,1000038000030,1000038000093,34,0.0,0.0,0.0,6283,16.137056,33.476128,21.10358,86292,1,3,2,190.05646,38.847626,120.74475,53.594074,99.39063,0.01594511,-0.04618609,0.04944916,3798158,1,224,0.00770335,454
1000038000118,32000100000217,1000038000131,1000038000000,32,2.0700274,1000038000119,-1,1000038000117,1000038000031,1000038000084,37,0.0,0.0,0.0,6283,16.049232,33.432293,21.001316,86292,1,3,2,145.86473,63.25983,220.74039,42.009975,80.78192,0.081963874,-0.026387183,0.09814365,3580514,1,217,0.012450837,226
1000038000119,31000100001048,1000038000131,1000038000000,31,2.2394855,1000038000120,-1,1000038000118,1000038000119,-1,55,4.5614805,4.5614805,4.5614805,6283,15.968184,33.400288,20.849762,86292,1,3,2,95.53705,42.872444,281.9361,50.83908,94.1286,0.3145704,0.081000865,0.09473289,3578755,1,1048,0.014679121,99
1000038000120,30000100001526,1000038000131,1000038000000,30,2.422044,1000038000121,-1,1000038000119,1000038000120,-1,50,4.991809,4.8196774,4.991809,6283,15.919721,33.385906,20.687378,86292,1,3,2,70.15579,23.278755,306.50232,46.09657,87.89951,0.12324825,-0.060860604,0.04169882,3580510,1,1526,0.01339956,224
1000038000121,29000100001822,1000038000131,1000038000000,29,2.6188614,1000038000122,-1,1000038000120,1000038000121,-1,49,3.7868896,3.7868896,4.0450864,6283,15.881739,33.393623,20.487324,86288,1,3,2,53.0179,1.923762,309.66766,51.752228,94.22972,0.15691762,0.010010152,0.008831937,3580514,1,1822,0.011915672,609
1000038000122,28000100001832,1000038000131,1000038000000,28,2.8311827,1000038000123,-1,1000038000121,1000038000122,-1,46,3.8729553,3.8729553,3.9590209,6283,15.863298,33.389656,20.331879,86288,1,3,2,37.12352,-17.632902,303.3518,54.860435,95.72906,0.1639438,0.013407949,0.011801373,3580514,1,1832,0.010809092,116
1000038000123,27000100002005,1000038000131,1000038000000,27,3.060419,1000038000124,-1,1000038000122,1000038000123,-1,38,3.18443,3.098364,3.442627,6283,15.829934,33.41378,20.1535,86288,1,3,2,26.8125,-28.195717,293.8057,48.908012,88.46993,0.10932237,-0.07892953,0.07182035,3799922,1,2005,0.009719014,359
1000038000124,26000100001762,1000038000131,1000038000000,26,3.3080978,1000038000125,-1,1000038000123,1000038000124,-1,42,2.4959044,2.4959044,2.5819702,6283,15.799619,33.42822,20.007776,86288,1,3,2,22.732843,-40.271454,279.08188,42.785122,79.548515,0.17624769,-0.018271467,0.022634944,3799923,1,1762,0.013593326,147
1000038000125,25000100001727,1000038000131,1000038000000,25,3.575905,1000038000126,-1,1000038000124,1000038000125,-1,39,2.3237731,2.3237731,2.4959044,6283,15.787724,33.443108,19.855831,86288,1,3,2,24.870428,-49.36466,263.07913,38.691334,80.89551,0.11350694,-0.097053014,0.01664265,3580513,1,1727,0.012291767,758
1000038000126,24000100001585,1000038000131,1000038000000,24,3.8656828,1000038000127,-1,1000038000125,1000038000126,-1,37,1.4631164,1.4631164,2.1516418,6283,15.822325,33.48214,19.692884,86288,1,3,2,30.202204,-58.82959,256.82608,39.917408,78.80241,0.13890034,-0.11414338,-0.052401226,3580513,1,1585,0.013831413,876
1000038000127,23000100001254,1000038000131,1000038000000,23,4.1794686,1000038000128,-1,1000038000126,1000038000127,-1,42,1.3770508,1.3770508,1.9795104,6283,15.747785,33.4812,19.581518,86288,1,3,2,23.460493,-57.860798,248.09937,47.2597,84.26722,0.15959384,-0.013135503,0.014301205,3580514,1,1254,0.013450197,536
1000038000128,22000100001071,1000038000131,1000038000000,22,4.5195556,1000038000129,-1,1000038000127,1000038000128,-1,42,3.18443,3.18443,3.2704954,6324,15.756669,33.5564,19.439837,86068,1,3,2,24.451014,-62.51278,231.51744,58.949493,104.265305,0.14139368,-0.029799603,-0.03902379,3580513,1,1071,0.008407287,319
1000038000129,21000100000902,1000038000131,1000038000000,21,4.888449,1000038000130,-1,1000038000128,1000038000129,-1,41,3.2704954,3.2704954,3.3565612,6324,15.733189,33.574184,19.304052,86068,1,3,2,26.026514,-63.92351,227.72362,61.867218,109.77381,0.13134082,-0.062909245,-0.06005936,3798164,1,902,0.008098226,658
1000038000130,20000100000843,1000038000131,1000038000000,20,5.2888336,1000038000131,-1,1000038000129,1000038000130,-1,36,2.7541015,2.6680357,2.840167,6324,15.749769,33.603165,19.193995,86068,1,3,2,32.891808,-66.557884,212.01004,56.50415,95.96876,0.16434917,-0.031350635,-0.115324914,3580510,1,843,0.009312433,215
1000038000131,19000100000686,1000038000131,1000038000000,19,5.7238646,-1,-1,1000038000130,1000038000131,-1,34,0.6885254,0.6885254,0.6885254,6324,15.683803,33.609085,19.096077,86068,1,3,2,28.193628,-64.51103,201.16605,49.1501,80.47976,0.17486957,-0.04036689,-0.13267958,3578783,1,686,0.012622722,302
1000038000132,39000100002679,1000038000142,1000038000000,39,1.173417,1000038000133,1000038000143,1000038000023,1000038000132,-1,26,1.4631164,1.4631164,1.4631164,6282,16.45951,32.626583,21.35138,86278,1,3,2,-185.37305,-37.948612,305.76215,24.665806,48.834957,0.30922607,-0.0472505,0.41516405,3802302,1,2679,0.023714948,715
1000038000133,38000100001869,1000038000142,1000038000000,38,1.2758462,1000038000134,-1,1000038000132,1000038000133,-1,20,1.2049193,1.2049193,1.2049193,6282,16.55604,32.683357,21.196497,86278,1,3,2,-154.8398,-62.823513,279.6607,24.456306,46.28345,0.15798315,-0.042722534,-0.08689965,3802302,1,1869,0.019006893,997
1000038000134,37000100003826,1000038000142,1000038000000,37,1.3857181,1000038000135,-1,1000038000133,1000038000134,-1,20,1.549182,1.3770508,1.549182,6282,16.617792,32.705418,21.047377,86279,1,3,2,-142.49509,-85.89757,270.3896,26.930893,51.76043,0.20011328,-0.101257846,-0.022819333,3802244,1,3826,0.015975984,111
1000038000135,36000100003239,1000038000142,1000038000000,36,1.5036365,1000038000136,-1,1000038000134,1000038000135,-1,26,1.3770508,1.1188537,1.3770508,6282,16.685472,32.760025,20.901228,86279,1,3,2,-146.0245,-114.89052,268.47778,28.442389,48.89718,0.24901876,0.06366563,0.43781003,3802244,1,3239,0.0229996,738
1000038000136,35000100003203,1000038000142,1000038000000,35,1.6302707,1000038000137,-1,1000038000135,1000038000136,-1,20,1.2909851,1.2909851,1.4631164,6282,16.758095,32.821762,20.741318,86279,1,3,2,-131.06876,-140.84448,254.78462,24.694084,51.093044,0.13414118,-0.041032936,-0.035478268,3802290,1,3203,0.018466994,276
1000038000137,34000100002968,1000038000142,1000038000000,34,1.766336,1000038000138,-1,1000038000136,1000038000137,-1,20,1.9795104,1.7213135,1.9795104,6282,16.842203,32.9093,20.594688,86279,1,3,2,-133.44061,-165.09656,253.36409,23.656008,49.996853,0.11690075,-0.03624926,-0.067399025,3802290,1,2968,0.017990783,869
1000038000138,32000100002322,1000038000142,1000038000000,32,2.0700274,1000038000139,-1,1000038000137,1000038000138,-1,36,0.9467224,0.6885254,1.6352477,6282,17.024445,33.10202,20.31353,86275,1,3,2,-153.23924,-177.52365,248.95006,40.041435,60.838696,0.33704606,0.06927664,-0.07609692,3801419,1,2322,0.029863596,553
1000038000139,31000100002151,1000038000142,1000038000000,31,2.2394855,1000038000140,-1,1000038000138,1000038000139,-1,37,1.6352477,1.4631164,1.8934448,6283,17.102798,33.223633,20.182707,86289,1,3,2,-155.68398,-201.22893,238.62262,39.616806,60.21385,0.3474183,0.01229089,-0.06313269,3802244,1,2151,0.021679252,459
1000038000140,30000100001801,1000038000142,1000038000000,30,2.422044,1000038000141,-1,1000038000139,1000038000140,-1,44,2.4959044,2.4959044,2.4959044,6283,17.142685,33.39622,20.06573,86289,1,3,2,-149.89575,-171.74004,225.45197,47.40657,67.932915,0.4232927,0.118915394,-0.08569323,3797589,1,1801,0.018923422,421
1000038000141,29000100001743,1000038000142,1000038000000,29,2.6188614,1000038000142,-1,1000038000140,1000038000141,-1,36,3.442627,3.3565612,3.7008238,6283,17.233568,33.516438,19.928156,86289,1,3,2,-141.98679,-201.74625,229.69304,47.406345,72.1086,0.45457453,-0.0042530154,-0.021749848,3802291,1,1743,0.015150239,269
1000038000142,28000100001880,1000038000142,1000038000000,28,2.8311827,-1,-1,1000038000141,1000038000142,-1,32,1.3770508,1.2049193,1.8934448,6283,17.301151,33.605736,19.76353,86289,1,3,2,-130.45726,-193.87312,222.15842,44.068752,66.05676,0.4393267,-0.028439205,-0.09394101,3802290,1,1880,0.018440021,532
1000038000143,39000100002477,1000038000147,1000038000000,39,1.173417,1000038000144,-1,1000038000023,1000038000143,-1,25,2.3237731,2.1516418,2.3237731,6282,16.279514,32.81272,21.329748,86278,1,3,2,-173.71877,153.2561,122.6695,26.931124,65.99807,0.01442781,0.14101839,0.07524165,3774574,1,2477,0.015393537,295
1000038000144,37000100003490,1000038000147,1000038000000,37,1.3857181,1000038000145,-1,1000038000143,1000038000144,-1,23,2.2377074,2.1516418,2.2377074,6282,16.437883,32.66913,21.239634,86278,1,3,2,-142.87532,85.479904,46.066795,38.63556,65.37432,2.2162142E-4,0.15151735,0.14528525,3774590,1,3490,0.011183235,701
1000038000145,36000100003727,1000038000147,1000038000000,36,1.5036365,1000038000146,-1,1000038000144,1000038000145,-1,23,2.1516418,2.1516418,2.1516418,6282,16.51865,32.6309,21.205986,86278,1,3,2,-124.62569,65.56899,33.194336,36.459347,64.22641,0.031440813,0.102502495,0.16795722,3774590,1,3727,0.011477599,74
1000038000146,35000100003997,1000038000147,1000038000000,35,1.6302707,1000038000147,-1,1000038000145,1000038000146,-1,23,1.549182,1.549182,1.549182,6282,16.61123,32.62086,21.193434,86279,1,3,2,-118.91641,43.47595,29.814138,34.89314,60.070652,0.03586282,0.18485007,0.16034053,3774605,1,3997,0.012655632,334
1000038000147,34000100003766,1000038000147,1000038000000,34,1.766336,-1,-1,1000038000146,1000038000147,-1,25,1.549182,1.549182,1.549182,6282,16.665579,32.5975,21.18022,86279,1,3,2,-112.86514,34.67497,29.568743,28.638287,55.471375,0.025871577,0.12702882,0.21979347,3774585,1,3766,0.018682862,299
1000038000148,43000100000284,1000038000173,1000038000000,43,0.8276991,1000038000149,1000038000174,1000038000019,1000038000020,-1,21,0.0,0.0,0.0,6281,16.084272,32.772472,21.922874,86306,1,3,2,-86.61063,-102.289955,458.5725,33.590767,68.88156,-0.15089552,0.053338118,1.81452E-4,3801165,1,284,0.011075944,290
1000038000149,42000100000278,1000038000173,1000038000000,42,0.9054624,1000038000150,-1,1000038000148,1000038000021,-1,23,0.0,0.0,0.0,6281,16.124023,32.81467,21.72675,86306,1,3,2,-67.52441,-66.80935,340.43054,31.54369,65.71048,-0.1658518,0.090080865,-0.03393459,3801160,1,278,0.012581815,515
1000038000150,41000100000296,1000038000173,1000038000000,41,0.98870814,1000038000151,-1,1000038000149,1000038000022,-1,32,0.0,0.0,0.0,6281,16.146317,32.841084,21.587765,86306,1,3,2,-19.185717,-48.869377,249.66408,34.534405,72.126915,-0.1663855,0.08023499,-0.0464175,3801640,1,296,0.015106066,725
1000038000151,40000100000257,1000038000173,1000038000000,40,1.0778745,1000038000152,-1,1000038000150,1000038000023,-1,41,0.0,0.0,0.0,6281,16.153456,32.86236,21.48651,86306,1,3,2,16.000086,-48.60769,156.37312,39.42868,71.80938,-0.054129165,-0.05950353,-0.06654863,3801171,1,257,0.016799442,80
1000038000152,39000100000285,1000038000173,1000038000000,39,1.173417,1000038000153,-1,1000038000151,1000038000024,-1,30,0.0,0.0,0.0,6282,16.137817,32.91255,21.428656,86278,1,3,2,27.393791,-73.51772,22.530668,50.59073,86.1129,0.0070890035,-0.052289873,-0.043698758,3801171,1,285,0.009970022,728
1000038000153,38000100000231,1000038000173,1000038000000,38,1.2758462,1000038000154,-1,1000038000152,1000038000025,-1,42,0.0,0.0,0.0,6282,16.126053,32.980396,21.473806,86278,1,3,2,18.46528,-221.6956,-129.73727,57.26114,90.09152,0.10190526,-0.014168126,-0.019437183,3801640,1,231,0.011747435,156
1000038000154,37000100000224,1000038000173,1000038000000,37,1.3857181,1000038000155,-1,1000038000153,1000038000026,1000038000113,49,0.0,0.0,0.0,6281,16.120869,33.192596,21.520254,86306,1,3,2,-29.62145,-476.53717,6.0253315,64.01216,106.3287,-0.03396872,0.027337736,-0.0129707595,3801165,1,224,0.009095115,57
1000038000155,36000100000206,1000038000173,1000038000000,36,1.5036365,1000038000156,-1,1000038000154,1000038000027,1000038000096,74,0.0,0.0,0.0,6283,16.165865,33.4385,21.471764,86292,1,3,2,-66.521484,-438.09827,158.8628,51.970608,99.56248,0.023369802,0.010581829,0.19512711,3801126,1,206,0.015709087,329
1000038000156,35000100000212,1000038000173,1000038000000,35,1.6302707,1000038000157,-1,1000038000155,1000038000028,1000038000115,85,0.0,0.0,0.0,6283,16.197302,33.67394,21.351677,86292,1,3,2,-75.55438,-374.36847,224.77559,57.483368,106.53934,0.024711423,0.055521417,0.1651804,3801121,1,212,0.016090527,486
1000038000157,34000100001176,1000038000173,1000038000000,34,1.766336,1000038000158,-1,1000038000156,1000038000157,-1,103,8.9508295,8.348371,8.9508295,6283,16.241829,33.881134,21.199255,86292,1,3,2,-85.82644,-341.30087,256.03815,59.648483,108.47273,0.05350686,0.02063275,0.21623947,3801126,1,1176,0.019229744,699
1000038000158,33000100001095,1000038000173,1000038000000,33,1.9126327,1000038000159,-1,1000038000157,1000038000158,-1,98,9.553289,9.381158,9.639355,6283,16.306316,34.0598,21.045883,86292,1,3,2,-90.43048,-313.50024,278.3256,57.66415,106.65953,0.1418254,-0.00698004,0.14179705,3801126,1,1095,0.01737903,527
1000038000159,32000100000768,1000038000173,1000038000000,32,2.0700274,1000038000160,-1,1000038000158,1000038000159,1000038000099,103,9.209027,8.434436,9.983618,6283,16.356363,34.22947,20.872107,86294,1,3,2,-96.4757,-290.98355,291.7176,58.47321,106.52076,0.13241306,-0.018128695,0.15680358,3802369,1,768,0.017262232,449
1000038000160,31000100001275,1000038000173,1000038000000,31,2.2394855,1000038000161,-1,1000038000159,1000038000160,-1,79,7.573779,7.3155823,7.659845,6283,16.394413,34.384968,20.721142,86294,1,3,2,-89.407326,-270.18533,280.59406,65.220085,119.238716,-0.0018457305,0.007830644,0.005265998,3801175,1,1275,0.01167847,708
1000038000161,30000100000995,1000038000173,1000038000000,30,2.422044,1000038000162,-1,1000038000160,1000038000161,-1,104,7.3155823,7.1434507,7.3155823,6283,16.43963,34.529903,20.573015,86294,1,3,2,-79.11634,-252.9598,275.0645,60.805244,116.65028,0.19153899,-0.10564288,0.09877088,3801158,1,995,0.016655454,811
1000038000162,29000100001043,1000038000173,1000038000000,29,2.6188614,1000038000163,-1,1000038000161,1000038000162,-1,92,6.36886,6.282794,6.6270566,6283,16.485186,34.662468,20.431875,86290,1,3,2,-76.57493,-246.50096,261.6333,54.79676,102.0689,0.021657916,0.057379585,0.19852279,3801158,1,1043,0.016698632,927
1000038000163,28000100000929,1000038000173,1000038000000,28,2.8311827,1000038000164,-1,1000038000162,1000038000163,-1,100,6.799188,6.7131224,7.1434507,6283,16.541504,34.834614,20.260553,86290,1,3,2,-68.02528,-228.72624,244.60014,57.215816,105.586075,0.083922125,0.12681243,-0.062336043,3801112,1,929,0.01905447,980
1000038000164,27000100001006,1000038000173,1000038000000,27,3.060419,1000038000165,-1,1000038000163,1000038000164,-1,85,6.971319,6.971319,7.4016476,6283,16.573921,34.952873,20.114714,86290,1,3,2,-60.92167,-221.96992,235.04024,68.19255,115.79848,0.14219792,0.024839416,0.028109627,3804053,1,1006,0.012108729,98
1000038000165,26000100000871,1000038000173,1000038000000,26,3.3080978,1000038000166,-1,1000038000164,1000038000165,-1,91,7.4877133,7.4877133,7.4877133,6283,16.603605,35.06728,19.999798,86291,1,3,2,-63.457245,-209.15169,222.62938,76.72786,133.70096,0.14544156,0.1484118,0.013236918,3801112,1,871,0.010814612,907
1000038000166,25000100000747,1000038000173,1000038000000,25,3.575905,1000038000167,-1,1000038000165,1000038000166,-1,87,7.057385,6.971319,7.1434507,6278,16.625877,35.17247,19.871222,86401,1,3,2,-59.308537,-203.70914,210.3332,69.668884,114.52016,0.12594207,0.20204824,0.018176446,3801167,1,747,0.014403301,79
1000038000167,24000100000847,1000038000173,1000038000000,24,3.8656828,1000038000168,-1,1000038000166,1000038000167,-1,67,4.6475463,4.6475463,4.991809,6278,16.66266,35.26248,19.75221,86401,1,3,2,-46.386288,-196.36847,204.96524,60.78525,106.6757,0.035688844,0.21031287,-0.14211045,3801161,1,847,0.012087767,649
1000038000168,23000100000865,1000038000173,1000038000000,23,4.1794686,1000038000169,-1,1000038000167,1000038000168,-1,59,4.3032837,4.217218,4.3032837,6278,16.702868,35.37828,19.65349,86401,1,3,2,-48.532234,-188.41437,203.03508,69.26342,117.61554,0.018641697,0.10100533,0.032716684,3804053,1,865,0.009274092,435
1000038000169,22000100000893,1000038000173,1000038000000,22,4.5195556,1000038000170,-1,1000038000168,1000038000169,-1,50,4.217218,4.217218,4.3032837,6278,16.70758,35.4706,19.554337,86401,1,3,2,-48.641685,-172.61153,186.54092,66.569336,111.74238,-0.026715623,0.10990498,0.042525325,3804053,1,893,0.0077073914,194
1000038000170,21000100000830,1000038000173,1000038000000,21,4.888449,1000038000171,-1,1000038000169,1000038000170,-1,44,3.0122986,3.0122986,3.0122986,6329,16.724047,35.55639,19.455065,86181,1,3,2,-43.235382,-174.31268,180.84695,58.173386,103.327255,0.0101746945,0.04856752,0.046406515,3804053,1,830,0.00822807,206
1000038000171,20000100000796,1000038000173,1000038000000,20,5.2888336,1000038000172,-1,1000038000170,1000038000171,-1,38,3.18443,3.18443,3.18443,6329,16.758688,35.649483,19.357191,86181,1,3,2,-34.451187,-159.99927,169.0728,62.60903,104.154335,-0.03134526,-0.013967428,0.010700378,3801108,1,796,0.00769467,461
1000038000172,19000100000725,1000038000173,1000038000000,19,5.7238646,1000038000173,-1,1000038000171,1000038000172,-1,33,2.4959044,2.4098387,2.5819702,6329,16.791039,35.7548,19.275036,86181,1,4,2,-35.34813,-156.34814,160.9408,66.263504,106.24592,0.018875137,0.033944707,0.010154421,3801167,1,725,0.0057967496,525
1000038000173,18000100000791,1000038000173,1000038000000,18,6.1968336,-1,-1,1000038000172,1000038000173,-1,25,1.032788,1.032788,1.2049193,6329,16.812801,35.862137,19.184786,86181,1,4,2,-36.470566,-149.7723,151.41312,58.04001,86.76408,-0.02083372,0.05289713,0.017826071,3801110,1,791,0.008161837,625
1000038000174,43000100000283,1000038000192,1000038000000,43,0.8276991,1000038000175,-1,1000038000019,1000038000020,1000038000148,23,0.0,0.0,0.0,6281,15.996208,32.947044,22.293419,86306,1,3,2,134.99379,-116.67462,-11.094795,31.220518,53.397358,0.044077948,0.102120794,-0.09947365,3578736,1,283,0.01788941,624
1000038000175,42000100000277,1000038000192,1000038000000,42,0.9054624,1000038000176,-1,1000038000174,1000038000021,1000038000149,27,0.0,0.0,0.0,6281,15.9425,32.994167,22.295942,86306,1,3,2,115.88866,-74.51255,35.7647,34.24647,61.646996,-0.06768185,-0.1110013,-0.044849392,3578736,1,277,0.016773777,90
1000038000176,41000100001763,1000038000192,1000038000000,41,0.98870814,1000038000177,-1,1000038000175,1000038000176,-1,55,4.4754148,3.5286925,4.217218,6281,15.877096,33.02252,22.260895,86306,1,3,2,95.923775,-38.11242,89.98178,31.943472,60.392548,0.07951155,-0.095883034,-0.03585601,3579033,1,1763,0.029177327,321
1000038000177,40000100001926,1000038000192,1000038000000,40,1.0778745,1000038000178,-1,1000038000176,1000038000177,-1,54,3.7008238,3.3565612,3.5286925,6281,15.829762,33.04318,22.197765,86306,1,3,2,78.251686,-18.643772,129.74837,35.81825,68.27843,0.0031729676,-0.17394528,0.054410283,3579033,1,1926,0.023029966,729
1000038000178,39000100002524,1000038000192,1000038000000,39,1.173417,1000038000179,-1,1000038000177,1000038000178,-1,41,3.5286925,3.3565612,3.5286925,6281,15.796488,33.05567,22.116022,86306,1,3,2,66.962494,-6.067086,162.72588,43.130405,74.1755,-0.07441835,-0.15013705,-0.14110419,3578753,1,2524,0.015422072,554
1000038000179,38000100002142,1000038000192,1000038000000,38,1.2758462,1000038000180,-1,1000038000178,1000038000179,-1,51,3.6147583,3.6147583,3.6147583,6281,15.758604,33.06183,22.02098,86306,1,3,2,50.98071,9.3506975,196.20901,41.565155,71.61254,-0.095808245,-0.13031226,-0.038810037,3578753,1,2142,0.018995581,512
1000038000180,37000100001940,1000038000192,1000038000000,37,1.3857181,1000038000181,-1,1000038000179,1000038000180,-1,54,3.7008238,2.3237731,3.7008238,6281,15.711243,33.039383,21.903507,86306,1,3,2,41.9697,8.185145,216.212,37.30454,65.26606,-0.25452834,-0.15456563,0.03907157,3578753,1,1940,0.030696506,145
1000038000181,36000100002210,1000038000192,1000038000000,36,1.5036365,1000038000182,-1,1000038000180,1000038000181,-1,46,3.2704954,2.7541015,3.2704954,6281,15.698889,33.05824,21.766523,86306,1,3,2,38.984882,11.795846,243.58273,37.765404,63.58716,-0.11439303,-0.12241471,-0.05316812,3578808,1,2210,0.023931814,35
1000038000182,35000100002125,1000038000192,1000038000000,35,1.6302707,1000038000183,-1,1000038000181,1000038000182,-1,46,1.8934448,1.8073791,1.8934448,6281,15.700356,33.032288,21.620491,86306,1,3,2,29.752,10.429145,266.5074,35.25411,58.09062,-0.2225558,-0.050560925,-0.016963746,3578808,1,2125,0.02925561,60
1000038000183,34000100002654,1000038000192,1000038000000,34,1.766336,1000038000184,-1,1000038000182,1000038000183,-1,37,1.549182,1.2909851,1.7213135,6281,15.632157,33.102474,21.516985,86306,1,3,2,30.893719,6.925547,276.56757,35.462772,58.38728,-0.004156279,-0.08217057,-0.0046497956,3578808,1,2654,0.024402635,583
1000038000184,33000100002791,1000038000192,1000038000000,33,1.9126327,1000038000185,-1,1000038000183,1000038000184,-1,35,2.3237731,2.2377074,2.3237731,6282,15.628182,33.075737,21.336523,86278,1,3,2,23.74406,8.179404,298.4833,40.268284,64.570206,0.008390792,-0.22779655,-0.10657245,3578808,1,2791,0.016889121,957
1000038000185,32000100002625,1000038000192,1000038000000,32,2.0700274,1000038000186,-1,1000038000184,1000038000185,-1,37,3.0122986,2.6680357,3.0122986,6282,15.645727,33.073753,21.149525,86278,1,3,2,17.780077,6.8880634,310.6592,40.89859,70.57538,-0.07952954,-0.16233927,-0.16749826,3578740,1,2625,0.016957032,528
1000038000186,31000100002205,1000038000192,1000038000000,31,2.2394855,1000038000187,-1,1000038000185,1000038000186,-1,42,1.9795104,1.9795104,2.4098387,6005,15.619991,33.039837,20.946663,82767,1,3,2,14.592146,-6.8986487,316.02115,41.50074,69.23998,0.017057933,-0.10628375,-0.1303537,3578742,1,2205,0.017242264,348
1000038000187,30000100002546,1000038000192,1000038000000,30,2.422044,1000038000188,-1,1000038000186,1000038000187,-1,36,2.7541015,2.6680357,2.7541015,6005,15.618521,33.06143,20.767063,82767,1,3,2,19.575336,-16.608643,323.55243,45.195675,73.62605,-0.013191249,-0.08151212,-0.15418476,3578808,1,2546,0.015187752,831
1000038000188,29000100002662,1000038000192,1000038000000,29,2.6188614,1000038000189,-1,1000038000187,1000038000188,-1,32,1.8073791,1.8073791,2.065576,6005,15.6119995,33.096264,20.599318,82767,1,3,2,17.012844,-15.618143,329.43924,40.76701,68.95163,0.036996573,-0.1459251,-0.059538636,3578808,1,2662,0.014732242,752
1000038000189,28000100002474,1000038000192,1000038000000,28,2.8311827,1000038000190,-1,1000038000188,1000038000189,-1,27,1.7213135,1.7213135,1.7213135,6005,15.58923,33.062397,20.386145,82763,1,3,2,26.210035,-38.250626,310.83643,39.0291,60.904987,0.09066302,0.03306743,-0.037916396,3578803,1,2474,0.015631383,90
1000038000190,26000100002795,1000038000192,1000038000000,26,3.3080978,1000038000191,-1,1000038000189,1000038000190,-1,23,0.6885254,0.516394,1.2049193,6005,15.558185,33.134598,20.013172,82763,1,3,2,22.181656,-38.150753,322.94424,36.54817,59.404648,-0.052577168,-0.027380222,-0.024176972,3578803,1,2795,0.01351863,15
1000038000191,25000100002783,1000038000192,1000038000000,25,3.575905,1000038000192,-1,1000038000190,1000038000191,-1,22,0.774591,0.774591,1.032788,6005,15.540282,33.153324,19.856398,82763,1,3,2,34.604733,-54.645786,316.00522,35.26675,60.594933,0.12604055,-0.09397268,0.04062895,3578801,1,2783,0.012447317,386
1000038000192,24000100002334,1000038000192,1000038000000,24,3.8656828,-1,-1,1000038000191,1000038000192,-1,20,1.6352477,1.549182,1.7213135,6005,15.530587,33.197937,19.700369,82763,1,3,2,37.15391,-70.837524,312.54077,39.94074,68.349335,0.0865754,-0.06823619,-0.0446043,3578803,1,2334,0.008930697,18
1000038000193,48000100003247,1000038000193,1000038000000,48,0.5085914,-1,-1,1000038000014,1000038000193,-1,21,2.1516418,1.8073791,2.1516418,6281,16.294472,32.582203,22.654829,86310,1,3,2,-292.1027,-101.195206,308.7783,29.388466,58.051758,0.121745326,-0.27165633,0.0047785663,3799857,1,3247,0.014645357,159
1000038000194,50000100000320,1000038000224,1000038000000,50,0.40789944,1000038000195,-1,1000038000012,1000038000013,-1,20,0.0,0.0,0.0,6281,16.047834,32.176758,22.845547,86308,1,3,2,-99.027695,-125.99189,205.89401,24.80492,50.555866,-0.018899413,-0.08608511,-0.049457185,3804210,1,320,0.016261667,112
1000038000195,48000100000337,1000038000224,1000038000000,48,0.5085914,1000038000196,-1,1000038000194,1000038000015,-1,25,0.0,0.0,0.0,6281,16.047283,32.33928,22.680117,86310,1,3,2,118.76226,-277.78378,232.37067,42.379665,72.171455,0.082731485,-0.067793235,0.012038756,3801023,1,337,0.012472577,775
1000038000196,46000100000324,1000038000224,1000038000000,46,0.6235901,1000038000197,-1,1000038000195,1000038000017,1000038000235,38,0.0,0.0,0.0,6281,15.780468,32.530014,22.393076,86306,1,3,2,205.61162,-41.68435,322.40253,42.912617,79.8964,-0.049960896,-0.017859692,0.04977648,3801024,1,324,0.013911635,592
1000038000197,45000100000309,1000038000224,1000038000000,45,0.6871088,1000038000198,-1,1000038000196,1000038000018,1000038000236,55,0.0,0.0,0.0,6281,15.726197,32.553185,22.257874,86306,1,3,2,90.39247,-36.8165,281.84857,41.65046,83.079094,0.0063388376,0.039896626,-0.15634596,3801024,1,309,0.016920898,89
1000038000198,44000100000311,1000038000224,1000038000000,44,0.75503564,1000038000199,-1,1000038000197,1000038000019,1000038000237,53,0.0,0.0,0.0,6281,15.70207,32.571774,22.128496,86306,1,3,2,7.327551,-49.844,245.67426,41.156403,88.9406,0.02360686,0.16228245,-0.08801836,3801022,1,311,0.016031902,516
1000038000199,43000100000281,1000038000224,1000038000000,43,0.8276991,1000038000200,-1,1000038000198,1000038000020,1000038000238,64,0.0,0.0,0.0,6281,15.714883,32.60695,22.016094,86306,1,3,2,-70.57582,-69.881805,223.66444,41.097343,83.11538,0.008745075,0.15395626,-0.03623554,3804200,1,281,0.018766018,485
1000038000200,42000100000275,1000038000224,1000038000000,42,0.9054624,1000038000201,-1,1000038000199,1000038000021,1000038000239,68,0.0,0.0,0.0,6281,15.761553,32.649097,21.904305,86306,1,3,2,-151.44939,-95.699646,197.04883,44.672676,82.63135,0.027823731,0.0056204405,-0.13056904,3804200,1,275,0.019525627,603
1000038000201,41000100000294,1000038000224,1000038000000,41,0.98870814,1000038000202,-1,1000038000200,1000038000022,1000038000240,83,0.0,0.0,0.0,6281,15.869982,32.718727,21.819098,86306,1,3,2,-260.91367,-134.93057,165.9677,49.156273,87.79389,0.045612223,0.038492944,-0.12398572,3801023,1,294,0.022298988,377
1000038000202,40000100000256,1000038000224,1000038000000,40,1.0778745,1000038000203,-1,1000038000201,1000038000023,1000038000151,55,0.0,0.0,0.0,6281,16.02455,32.79556,21.73606,86306,1,3,2,-378.2031,-266.47205,128.07082,63.935978,103.55269,0.035722785,0.045799237,0.0360744,3801003,1,256,0.011939247,689
1000038000203,39000100000284,1000038000224,1000038000000,39,1.173417,1000038000204,-1,1000038000202,1000038000024,1000038000152,72,0.0,0.0,0.0,6281,16.237991,33.008987,21.646976,86306,1,3,2,-291.84494,-516.0838,166.6939,64.51661,109.23246,0.013318288,0.11181539,-0.06865929,3804206,1,284,0.011598244,421
1000038000204,38000100000230,1000038000224,1000038000000,38,1.2758462,1000038000205,-1,1000038000203,1000038000025,1000038000153,102,0.0,0.0,0.0,6280,16.344875,33.30021,21.564991,86320,1,3,2,-120.26237,-484.95575,175.03452,68.77442,120.83752,0.14103825,0.025681404,0.0858325,3801022,1,230,0.013966951,657
1000038000205,37000100000223,1000038000224,1000038000000,37,1.3857181,1000038000206,-1,1000038000204,1000038000026,1000038000154,124,0.0,0.0,0.0,6283,16.374132,33.5467,21.467087,86292,1,3,2,-49.536182,-414.92487,188.64711,62.369232,111.71612,0.15040037,0.111952044,-0.009668435,3804213,1,223,0.01932546,46
1000038000206,36000100000838,1000038000224,1000038000000,36,1.5036365,1000038000207,-1,1000038000205,1000038000206,-1,148,12.221325,11.102471,12.393456,6283,16.413599,33.763542,21.364613,86292,1,3,2,-20.530743,-380.42416,187.80206,63.44283,113.06261,0.18852252,-0.40208066,-0.0069686854,3801011,1,838,0.023063894,897
1000038000207,35000100000861,1000038000224,1000038000000,35,1.6302707,1000038000208,-1,1000038000206,1000038000207,-1,153,11.102471,10.672143,11.360668,6283,16.413828,33.977703,21.26241,86292,1,3,2,-2.4205685,-354.93365,183.62987,63.745346,113.1032,0.20029707,-0.5246019,0.28902453,3801011,1,861,0.024100164,413
1000038000208,34000100000951,1000038000224,1000038000000,34,1.766336,1000038000209,-1,1000038000207,1000038000208,-1,119,12.823785,12.307391,13.081982,6283,16.374193,34.15837,21.150242,86292,1,3,2,28.618042,-333.8735,174.51971,60.51592,106.128136,0.21504492,-0.41042745,0.1671212,3801019,1,951,0.020525776,594
1000038000209,33000100000918,1000038000224,1000038000000,33,1.9126327,1000038000210,-1,1000038000208,1000038000209,-1,140,10.327881,9.811486,10.500011,6283,16.356249,34.342358,21.050756,86294,1,3,2,24.664383,-317.6142,179.5663,65.64792,114.731384,0.30210617,-0.53679365,0.20419122,3801011,1,918,0.020073146,997
1000038000210,32000100000994,1000038000224,1000038000000,32,2.0700274,1000038000211,-1,1000038000209,1000038000210,-1,108,8.864764,8.864764,9.295093,6283,16.331825,34.50395,20.953814,86294,1,3,2,51.19441,-296.18936,158.33784,60.66923,111.16075,0.03546509,0.08965408,0.12732083,3804191,1,994,0.018810611,59
1000038000211,31000100000878,1000038000224,1000038000000,31,2.2394855,1000038000212,-1,1000038000210,1000038000211,-1,143,9.639355,9.381158,10.069683,6283,16.30821,34.68845,20.850344,86294,1,3,2,35.004223,-277.84445,169.30658,62.747055,108.40328,0.27880687,-0.57025105,0.120416015,3804204,1,878,0.023373516,439
1000038000212,30000100001025,1000038000222,1000038000000,30,2.422044,1000038000213,1000038000223,1000038000211,1000038000212,-1,105,8.9508295,8.864764,9.295093,6283,16.26514,34.83838,20.760084,86294,1,3,2,41.991543,-257.24463,156.23137,70.46232,119.345505,0.09954205,0.14161925,0.117956124,3804227,1,1025,0.014170162,571
1000038000213,29000100000938,1000038000222,1000038000000,29,2.6188614,1000038000214,-1,1000038000212,1000038000213,-1,110,8.9508295,8.9508295,9.122961,6283,16.253849,34.982376,20.675283,86294,1,3,2,40.738075,-251.07323,155.49045,69.27727,115.17579,0.12592039,0.21141581,0.05776317,3804018,1,938,0.016645014,578
1000038000214,28000100000909,1000038000222,1000038000000,28,2.8311827,1000038000215,-1,1000038000213,1000038000214,-1,103,8.176239,8.090173,8.778699,6283,16.242054,35.147194,20.577484,86294,1,3,2,28.743807,-235.8919,148.18492,60.401455,109.09796,0.088475764,0.067824535,0.07072205,3804227,1,909,0.018521693,744
1000038000215,27000100000806,1000038000222,1000038000000,27,3.060419,1000038000216,-1,1000038000214,1000038000215,-1,106,7.7459106,7.659845,7.9180417,6278,16.235233,35.27497,20.4915,86400,1,3,2,23.873255,-226.23708,145.47664,60.36508,112.09324,0.13525142,0.06506922,0.020391915,3801012,1,806,0.018185357,967
1000038000216,26000100000895,1000038000222,1000038000000,26,3.3080978,1000038000217,-1,1000038000215,1000038000216,-1,88,7.057385,7.057385,7.2295165,6278,16.221313,35.37674,20.400478,86400,1,3,2,20.192114,-209.96703,145.54202,65.49605,114.43081,0.06623013,0.072635494,0.019688157,3804208,1,895,0.01398635,773
1000038000217,25000100000851,1000038000222,1000038000000,25,3.575905,1000038000218,-1,1000038000216,1000038000217,-1,82,6.6270566,6.6270566,7.057385,6278,16.219612,35.535023,20.333103,86400,1,3,2,17.135921,-204.03288,141.33002,77.502754,125.73444,0.083431594,0.0048006754,0.09094638,3801020,1,851,0.010720153,237
1000038000218,24000100000773,1000038000222,1000038000000,24,3.8656828,1000038000219,-1,1000038000217,1000038000218,-1,78,6.36886,6.36886,6.540991,6278,16.182444,35.62821,20.249811,86400,1,3,2,11.881508,-202.83589,143.9237,68.22984,120.34273,0.14740063,0.05335472,0.084894456,3804227,1,773,0.011746054,910
1000038000219,23000100000726,1000038000222,1000038000000,23,4.1794686,1000038000220,-1,1000038000218,1000038000219,-1,70,4.217218,4.217218,4.3032837,6278,16.198835,35.724796,20.186659,86400,1,4,2,11.0891485,-196.09424,140.23329,58.048145,103.7803,0.1297736,0.04910504,0.16308089,3804198,1,726,0.013305202,230
1000038000220,22000100000621,1000038000222,1000038000000,22,4.5195556,1000038000221,-1,1000038000219,1000038000220,-1,67,2.5819702,2.5819702,2.5819702,6278,16.187181,35.823536,20.106304,86400,1,4,2,10.44162,-188.34724,135.94395,55.13643,97.35708,0.11420291,-0.0038375077,0.17554255,3804227,1,621,0.015110375,444
1000038000221,21000100001501,1000038000222,1000038000000,21,4.888449,1000038000222,-1,1000038000220,1000038000221,-1,26,1.8934448,1.8934448,2.065576,6278,16.184341,35.974464,20.027617,86400,1,4,2,-2.4717755,-186.48264,130.90068,50.759922,88.04552,-0.032969538,0.086494386,0.0805981,3804196,1,1501,0.006943204,172
1000038000222,20000100001457,1000038000222,1000038000000,20,5.2888336,-1,-1,1000038000221,1000038000222,-1,23,1.549182,1.549182,1.549182,6278,16.18202,36.05202,19.947737,86400,1,4,2,8.994625,-176.13222,126.827545,51.557007,84.98556,-0.029673543,0.10880951,0.100920536,3804196,1,1457,0.0066256546,555
1000038000223,29000100003767,1000038000224,1000038000000,29,2.6188614,1000038000224,-1,1000038000211,1000038000223,-1,22,1.2049193,1.2049193,1.2049193,6283,16.574038,35.05591,20.505383,86290,1,3,2,-8.166922,-261.69748,275.28644,31.113415,57.037346,-0.017555956,-0.13836937,-0.017063098,3804513,1,3767,0.014204558,165
1000038000224,28000100003352,1000038000224,1000038000000,28,2.8311827,-1,-1,1000038000223,1000038000224,-1,24,1.549182,1.1188537,1.549182,6278,16.546434,35.197437,20.35184,86400,1,3,2,8.4707985,-247.59393,275.7081,35.10669,61.360626,-0.013475304,-0.11230458,-0.15254185,3804556,1,3352,0.014113307,823
1000038000225,56000100000303,1000038000261,1000038000000,56,0.17489761,1000038000226,-1,1000038000006,1000038000007,-1,24,0.0,0.0,0.0,6281,15.865591,32.154602,23.239153,86308,1,3,2,-376.35327,-99.60603,163.46979,35.13211,73.37816,-0.04666323,0.048127223,0.019562194,3773760,1,303,0.011854501,844
1000038000226,55000100000303,1000038000261,1000038000000,55,0.20754863,1000038000227,-1,1000038000225,1000038000008,-1,24,0.0,0.0,0.0,6281,15.969497,32.17861,23.197266,86308,1,3,2,-286.55377,-80.83119,105.50251,34.83789,70.12105,-0.053538095,0.032026168,-5.6347915E-4,3773785,1,303,0.010614319,274
1000038000227,54000100000307,1000038000261,1000038000000,54,0.24246909,1000038000228,-1,1000038000226,1000038000009,-1,24,0.0,0.0,0.0,6281,16.042238,32.19719,23.166262,86308,1,3,2,-208.06584,-76.571144,84.7222,32.36716,71.202736,-0.053863496,0.022569021,-0.006014733,3773785,1,307,0.011029589,237
1000038000228,53000100000328,1000038000261,1000038000000,53,0.2798018,1000038000229,-1,1000038000227,1000038000010,-1,24,0.0,0.0,0.0,6281,16.103874,32.22374,23.1391,86308,1,3,2,-136.92975,-77.4772,80.61403,24.317987,60.62695,-0.054613616,0.017106593,0.006484801,3773760,1,328,0.014806564,504
1000038000229,52000100002235,1000038000261,1000038000000,52,0.31970343,1000038000230,-1,1000038000228,1000038000229,-1,24,2.3237731,2.1516418,2.3237731,6281,16.12668,32.25197,23.108345,86310,1,3,2,-75.07378,-80.08048,85.29231,26.206478,60.751606,-0.05818818,0.003913756,0.03250648,3773785,1,2235,0.015450585,924
1000038000230,51000100000321,1000038000261,1000038000000,51,0.36234027,1000038000231,-1,1000038000229,1000038000012,-1,25,0.0,0.0,0.0,6281,16.151648,32.285713,23.07811,86310,1,3,2,-14.9274645,-87.054436,95.96647,30.471275,64.85163,-0.077051885,0.0313832,-0.0011163901,3773785,1,321,0.011566175,265
1000038000231,50000100000319,1000038000261,1000038000000,50,0.40789944,1000038000232,-1,1000038000230,1000038000013,1000038000194,25,0.0,0.0,0.0,6281,16.143375,32.3217,23.031609,86310,1,3,2,44.46522,-95.27139,119.22636,30.961262,67.97615,-0.085901976,0.030135082,0.0154142445,3773785,1,319,0.010936644,753
1000038000232,49000100000335,1000038000261,1000038000000,49,0.45657724,1000038000233,-1,1000038000231,1000038000014,-1,26,0.0,0.0,0.0,6281,16.111773,32.369476,22.973211,86310,1,3,2,100.59802,-104.08911,150.20404,29.781261,65.95707,-0.039825156,0.0033522702,-0.009453743,3773764,1,335,0.013345656,12
1000038000233,48000100000336,1000038000261,1000038000000,48,0.5085914,1000038000234,-1,1000038000232,1000038000015,1000038000195,25,0.0,0.0,0.0,6281,16.062027,32.411514,22.90392,86310,1,3,2,147.98355,-115.582214,202.58931,33.68396,71.45653,-0.013452784,-0.012338383,0.014717596,3774172,1,336,0.009610356,884
1000038000234,47000100000323,1000038000261,1000038000000,47,0.5641766,1000038000235,-1,1000038000233,1000038000016,-1,25,0.0,0.0,0.0,6281,15.995033,32.458424,22.804167,86310,1,3,2,188.98885,-124.027145,276.06003,35.88457,72.61588,0.042483088,-0.005755467,0.0053084227,3774172,1,323,0.010315712,36
1000038000235,46000100000325,1000038000261,1000038000000,46,0.6235901,1000038000236,-1,1000038000234,1000038000017,-1,28,0.0,0.0,0.0,6281,15.904346,32.511272,22.650715,86310,1,3,2,210.4464,-127.12811,395.88687,36.864998,72.408554,0.043134704,0.060102623,0.058302734,3773750,1,325,0.01158717,418
1000038000236,45000100000310,1000038000261,1000038000000,45,0.6871088,1000038000237,-1,1000038000235,1000038000018,-1,26,0.0,0.0,0.0,6281,15.822367,32.565907,22.430603,86306,1,3,2,135.80646,-123.3341,536.6576,36.23303,71.76175,-0.04025933,0.08655952,0.029404676,3773750,1,310,0.011643262,397
1000038000237,44000100000312,1000038000261,1000038000000,44,0.75503564,1000038000238,-1,1000038000236,1000038000019,-1,27,0.0,0.0,0.0,6281,15.783661,32.6322,22.158941,86306,1,3,2,-7.855606,-116.07501,575.4219,38.850636,76.71577,-0.054633956,0.119471006,-0.040143445,3773750,1,312,0.010536458,949
1000038000238,43000100000282,1000038000261,1000038000000,43,0.8276991,1000038000239,-1,1000038000237,1000038000020,1000038000174,30,0.0,0.0,0.0,6281,15.8136215,32.68221,21.893772,86306,1,3,2,-93.233116,-106.228745,518.48346,38.01592,78.30951,-0.05919961,0.10786376,0.032676186,3773750,1,282,0.009657415,443
1000038000239,42000100000276,1000038000261,1000038000000,42,0.9054624,1000038000240,-1,1000038000238,1000038000021,1000038000175,38,0.0,0.0,0.0,6281,15.878501,32.736412,21.641829,86306,1,3,2,-146.55574,-110.53026,469.16507,36.932755,78.26915,0.06852437,0.2740453,-0.06715863,3773725,1,276,0.015205517,989
1000038000240,41000100000295,1000038000261,1000038000000,41,0.98870814,1000038000241,-1,1000038000239,1000038000022,1000038000150,37,0.0,0.0,0.0,6282,15.973035,32.791245,21.40322,86278,1,3,2,-172.37776,-108.39812,408.48178,37.806347,70.85203,0.027653998,0.2040729,0.006885174,3773725,1,295,0.015180268,454
1000038000241,40000100002471,1000038000261,1000038000000,40,1.0778745,1000038000242,-1,1000038000240,1000038000241,-1,41,3.5286925,3.2704954,3.5286925,6282,16.067331,32.85833,21.2127,86278,1,3,2,-192.39597,-116.15183,349.59955,34.297905,71.39238,-0.0139757,0.2233815,0.011479486,3797683,1,2471,0.01620951,471
1000038000242,39000100002381,1000038000261,1000038000000,39,1.173417,1000038000243,-1,1000038000241,1000038000242,-1,42,3.8729553,3.0122986,3.7868896,6282,16.185661,32.91734,21.05105,86278,1,3,2,-202.38914,-119.57879,300.24,38.08366,79.4904,-0.094009385,0.22215542,0.012160814,3773795,1,2381,0.015535435,572
1000038000243,38000100002349,1000038000261,1000038000000,38,1.2758462,1000038000244,-1,1000038000242,1000038000243,-1,45,3.6147583,3.5286925,3.6147583,6282,16.292645,32.98973,20.9072,86278,1,3,2,-209.89972,-124.656815,243.0173,36.844467,74.16865,-0.09784366,0.105087794,0.040770065,3773803,1,2349,0.016939063,536
1000038000244,37000100002225,1000038000261,1000038000000,37,1.3857181,1000038000245,-1,1000038000243,1000038000244,-1,47,4.0450864,4.0450864,4.0450864,6282,16.40995,33.05613,20.769718,86278,1,3,2,-215.25623,-128.23451,206.43903,44.401226,83.47057,-0.11711971,0.11126387,-0.010688468,3773803,1,2225,0.015034239,355
1000038000245,36000100002289,1000038000261,1000038000000,36,1.5036365,1000038000246,-1,1000038000244,1000038000245,-1,46,4.217218,4.217218,4.217218,6282,16.529417,33.133873,20.65106,86278,1,3,2,-216.07129,-126.88883,166.90079,52.757256,92.14035,-0.16411954,0.104384676,-0.018910911,3773796,1,2289,0.01192757,818
1000038000246,35000100002096,1000038000261,1000038000000,35,1.6302707,1000038000247,-1,1000038000245,1000038000246,-1,51,4.3032837,4.0450864,4.3032837,6283,16.656872,33.204514,20.575956,86293,1,3,2,-215.73778,-121.25891,126.023476,45.345173,83.5305,-0.09902913,0.12464979,-0.035282206,3773796,1,2096,0.01393825,713
1000038000247,34000100002262,1000038000261,1000038000000,34,1.766336,1000038000248,-1,1000038000246,1000038000247,-1,42,4.131152,3.7868896,4.131152,6283,16.775143,33.268284,20.504734,86289,1,3,2,-211.98705,-112.45938,101.62625,39.41558,78.53566,-0.1428185,0.110383965,-0.0029524579,3773796,1,2262,0.013738987,750
1000038000248,33000100002670,1000038000261,1000038000000,33,1.9126327,1000038000249,-1,1000038000247,1000038000248,-1,34,3.6147583,3.3565612,3.7008238,6283,16.887867,33.32478,20.451387,86289,1,3,2,-204.02602,-97.83166,76.72864,47.827793,87.07569,-0.038931526,0.108016886,0.07576632,3773741,1,2670,0.009774501,835
1000038000249,32000100002418,1000038000261,1000038000000,32,2.0700274,1000038000250,-1,1000038000248,1000038000249,-1,31,3.18443,3.0122986,3.18443,6283,17.009892,33.36472,20.421438,86289,1,3,2,-183.37242,-84.54862,59.804752,44.155308,84.05162,-0.05960873,0.057651516,-0.020023428,3773796,1,2418,0.008846055,638
1000038000250,31000100002481,1000038000261,1000038000000,31,2.2394855,1000038000251,-1,1000038000249,1000038000250,-1,39,2.840167,2.7541015,2.840167,6283,17.113756,33.409576,20.37592,86289,1,3,2,-172.18118,-73.211494,45.04781,45.079624,100.90547,-0.11345997,0.09995152,0.1312201,3773795,1,2481,0.013795301,173
1000038000251,30000100002449,1000038000261,1000038000000,30,2.422044,1000038000252,-1,1000038000250,1000038000251,-1,38,2.4959044,2.4959044,2.4959044,6283,17.193956,33.460102,20.342813,86289,1,3,2,-152.43066,-68.78989,43.72567,40.30916,81.22117,-0.07917869,0.0860894,0.074738935,3774172,1,2449,0.013340497,714
1000038000252,29000100003177,1000038000261,1000038000000,29,2.6188614,1000038000253,-1,1000038000251,1000038000252,-1,27,2.4098387,2.3237731,2.4098387,6283,17.282051,33.500256,20.33958,86289,1,3,2,-138.49461,-74.59832,43.444767,48.792522,91.919136,0.0032102936,0.042082276,0.031435397,3774172,1,3177,0.0061331852,164
1000038000253,28000100002936,1000038000261,1000038000000,28,2.8311827,1000038000254,-1,1000038000252,1000038000253,-1,28,2.1516418,2.1516418,2.2377074,6283,17.361338,33.541035,20.330843,86289,1,3,2,-127.16137,-73.44531,40.03722,46.64653,84.75363,0.00792533,0.0355439,0.021169182,3773796,1,2936,0.0086037805,139
1000038000254,27000100002522,1000038000261,1000038000000,27,3.060419,1000038000255,-1,1000038000253,1000038000254,-1,31,2.065576,2.065576,2.065576,6283,17.418554,33.578964,20.285088,86289,1,3,2,-119.616005,-68.079025,39.28274,38.572292,75.10721,-0.004009054,-0.005810886,-0.0021072465,3773796,1,2522,0.0114448285,526
1000038000255,26000100002804,1000038000261,1000038000000,26,3.3080978,1000038000256,-1,1000038000254,1000038000255,-1,26,1.8934448,1.8073791,2.065576,6283,17.502539,33.60527,20.2773,86289,1,3,2,-104.62103,-63.49504,29.971714,43.616615,84.74461,-0.06501451,0.03210975,0.017492192,3773794,1,2804,0.007523219,390
1000038000256,25000100002249,1000038000261,1000038000000,25,3.575905,1000038000257,-1,1000038000255,1000038000256,-1,30,2.2377074,2.2377074,2.3237731,6283,17.568033,33.642998,20.260256,86289,1,3,2,-96.80761,-64.729355,31.952633,45.263943,82.44328,-0.019818973,0.02106559,0.023850717,3773794,1,2249,0.010793077,933
1000038000257,24000100002091,1000038000261,1000038000000,24,3.8656828,1000038000258,-1,1000038000256,1000038000257,-1,29,1.8934448,1.8934448,1.8934448,6284,17.619427,33.671787,20.24151,86296,1,3,2,-95.81673,-64.89553,32.054863,47.389755,83.83712,-0.03059983,0.007177126,0.029124826,3773794,1,2091,0.008271404,656
1000038000258,23000100001725,1000038000261,1000038000000,23,4.1794686,1000038000259,-1,1000038000257,1000038000258,-1,32,1.2909851,1.2909851,1.3770508,6284,17.68875,33.706474,20.246475,86296,1,3,2,-88.0994,-62.270573,32.258186,43.341827,85.591255,-0.02976697,0.016859667,0.0049696835,3773794,1,1725,0.012750654,679
1000038000259,22000100001844,1000038000261,1000038000000,22,4.5195556,1000038000260,-1,1000038000258,1000038000259,-1,26,2.1516418,2.1516418,2.1516418,6284,17.738634,33.76716,20.218224,86296,1,3,2,-81.70258,-59.936104,25.201416,52.94413,91.00519,-0.0045110574,0.008993188,0.008758945,3773796,1,1844,0.007984225,1
1000038000260,21000100001649,1000038000261,1000038000000,21,4.888449,1000038000261,-1,1000038000259,1000038000260,-1,25,2.065576,2.065576,2.065576,6284,17.766598,33.792942,20.226652,86296,1,3,2,-79.14544,-60.273468,24.456606,55.01691,101.06264,-0.01811126,-0.005389802,0.013372418,3773800,1,1649,0.0059994925,601
1000038000261,20000100001521,1000038000261,1000038000000,20,5.2888336,-1,-1,1000038000260,1000038000261,-1,22,1.7213135,1.7213135,1.7213135,6284,17.788546,33.832382,20.203882,86296,1,3,2,-70.873665,-60.42427,24.539412,49.561306,89.06745,-0.052493326,-0.0255898,-8.597683E-4,3773797,1,1521,0.006472589,941
1000038000262,62000100000369,1000038000283,1000038000000,62,0.019932542,1000038000263,-1,1000038000000,1000038000001,-1,20,0.0,0.0,0.0,6025,15.557475,32.147396,23.665165,84553,1,3,2,-23.875359,-355.6715,461.46725,27.694931,52.047012,0.1304421,0.046869446,-0.098950066,3774584,1,369,0.020851996,741
1000038000263,61000100000369,1000038000283,1000038000000,61,0.041403063,1000038000264,-1,1000038000262,1000038000002,-1,22,0.0,0.0,0.0,6025,15.557478,32.209484,23.558113,84553,1,3,2,-59.315594,-303.74866,474.6836,28.276733,54.070858,0.106865905,0.026819022,-0.046585623,3774584,1,369,0.01964878,886
1000038000264,60000100000340,1000038000283,1000038000000,60,0.064493395,1000038000265,-1,1000038000263,1000038000003,-1,25,0.0,0.0,0.0,6025,15.579929,32.274876,23.454676,84555,1,3,2,-78.15449,-260.6256,475.09445,27.648252,50.3789,0.03445842,0.030678246,-0.067124605,3772679,1,340,0.02031793,407
1000038000265,59000100000297,1000038000283,1000038000000,59,0.08928783,1000038000266,-1,1000038000264,1000038000004,-1,21,0.0,0.0,0.0,6006,15.604469,32.33041,23.335014,82799,1,3,2,-92.95069,-229.40372,484.3034,29.138544,55.11945,0.13819785,0.026975065,-0.015701313,3772679,1,297,0.013643743,289
1000038000266,57000100000291,1000038000283,1000038000000,57,0.14438343,1000038000267,-1,1000038000265,1000038000006,-1,21,0.0,0.0,0.0,6281,15.659008,32.41496,23.091715,86310,1,3,2,-119.791336,-108.43898,448.12466,22.365345,47.472267,0.01665801,0.060135517,-0.07019922,3774579,1,291,0.01988936,485
1000038000267,56000100002061,1000038000283,1000038000000,56,0.17489761,1000038000268,-1,1000038000266,1000038000267,-1,33,3.18443,2.2377074,2.6680357,6281,15.701292,32.444077,22.955341,86310,1,3,2,-127.479126,-91.44428,423.7717,25.565813,55.97675,-0.05319867,0.054795656,-0.19610952,3774564,1,2061,0.020500183,187
1000038000268,55000100002488,1000038000283,1000038000000,55,0.20754863,1000038000269,-1,1000038000267,1000038000268,-1,33,2.840167,2.1516418,2.6680357,6281,15.741693,32.46511,22.833008,86310,1,3,2,-130.61089,-76.2642,399.56824,30.696402,73.99556,-0.038795702,0.062170044,-0.18620266,3774564,1,2488,0.02155915,459
1000038000269,54000100002643,1000038000283,1000038000000,54,0.24246909,1000038000270,-1,1000038000268,1000038000269,-1,31,2.840167,2.4098387,2.6680357,6281,15.781189,32.49842,22.711058,86310,1,3,2,-132.72661,-65.21185,385.5092,30.833096,65.78963,0.03570262,0.05528671,-0.1660621,3774575,1,2643,0.014064405,651
1000038000270,53000100002680,1000038000283,1000038000000,53,0.2798018,1000038000271,-1,1000038000269,1000038000270,-1,32,2.9262328,2.4098387,2.5819702,6281,15.817922,32.525307,22.58475,86310,1,3,2,-135.55745,-50.190113,366.4112,29.859007,57.65722,0.03930025,0.06909179,-0.2291446,3772679,1,2680,0.021688776,912
1000038000271,52000100002706,1000038000283,1000038000000,52,0.31970343,1000038000272,-1,1000038000270,1000038000271,-1,33,2.6680357,2.4098387,2.4959044,6281,15.873785,32.542484,22.458406,86306,1,3,2,-137.13162,-39.00168,349.4772,27.330778,53.341114,0.008507905,0.066797115,-0.24200797,3774580,1,2706,0.026602305,469
1000038000272,51000100002773,1000038000283,1000038000000,51,0.36234027,1000038000273,-1,1000038000271,1000038000272,-1,32,2.6680357,2.4959044,2.5819702,6281,15.911973,32.55131,22.323849,86306,1,3,2,-138.08835,-27.4229,333.59573,26.202835,51.262505,0.054759394,0.059201542,-0.24795458,3774575,1,2773,0.02954028,89
1000038000273,50000100002630,1000038000283,1000038000000,50,0.40789944,1000038000274,-1,1000038000272,1000038000273,-1,34,2.840167,2.5819702,2.840167,6281,15.96619,32.552387,22.192575,86306,1,3,2,-137.05098,-18.123077,318.61823,24.62363,51.1079,0.052445587,0.062399216,-0.19351713,3774575,1,2630,0.027966471,585
1000038000274,49000100002590,1000038000283,1000038000000,49,0.45657724,1000038000275,-1,1000038000273,1000038000274,-1,35,3.0122986,2.2377074,2.9262328,6281,16.036137,32.570015,22.08389,86306,1,3,2,-136.5239,-7.2635984,303.04248,25.600742,49.308598,0.051779266,0.08019263,-0.22246797,3774567,1,2590,0.03163862,869
1000038000275,48000100002704,1000038000283,1000038000000,48,0.5085914,1000038000276,-1,1000038000274,1000038000275,-1,34,2.840167,2.3237731,2.7541015,6281,16.085644,32.564255,21.954372,86306,1,3,2,-134.96132,3.3004272,286.40314,27.40294,53.20524,0.02926416,0.06713142,-0.20290114,3774580,1,2704,0.025954425,261
1000038000276,47000100002637,1000038000283,1000038000000,47,0.5641766,1000038000277,-1,1000038000275,1000038000276,-1,36,2.9262328,2.4959044,2.840167,6281,16.143152,32.549496,21.828033,86306,1,3,2,-134.1806,14.365193,267.86777,29.803349,55.52436,0.044715337,0.06388634,-0.18789466,3774580,1,2637,0.02525347,785
1000038000277,46000100002567,1000038000283,1000038000000,46,0.6235901,1000038000278,-1,1000038000276,1000038000277,-1,34,3.0122986,2.840167,2.9262328,6281,16.199614,32.554153,21.721115,86306,1,3,2,-131.87122,21.260225,241.98105,33.547733,63.33166,-0.049589586,0.0606182,-0.22744502,3774687,1,2567,0.021767696,906
1000038000278,45000100002746,1000038000283,1000038000000,45,0.6871088,1000038000279,-1,1000038000277,1000038000278,-1,35,2.9262328,2.6680357,2.9262328,6281,16.268606,32.523838,21.605595,86306,1,3,2,-130.58527,33.7548,221.78426,38.374847,68.57455,0.024219602,0.021286312,-0.15503387,3774580,1,2746,0.016336875,988
1000038000279,44000100002726,1000038000283,1000038000000,44,0.75503564,1000038000280,-1,1000038000278,1000038000279,-1,35,3.098364,2.9262328,2.9262328,6281,16.322214,32.525608,21.50237,86306,1,3,2,-126.05647,42.320137,195.95094,32.664444,63.970825,0.02042575,0.022610694,-0.1602631,3774580,1,2726,0.021506341,289
1000038000280,43000100001896,1000038000283,1000038000000,43,0.8276991,1000038000281,-1,1000038000279,1000038000280,-1,37,3.2704954,2.9262328,3.2704954,6282,16.393595,32.497826,21.412098,86278,1,3,2,-121.18017,50.964745,171.19064,28.329071,56.498665,-0.066573754,-0.04708573,-0.14977989,3774579,1,1896,0.027858503,287
1000038000281,42000100003036,1000038000283,1000038000000,42,0.9054624,1000038000282,-1,1000038000280,1000038000281,-1,28,1.7213135,1.549182,1.7213135,6282,16.467766,32.462376,21.32304,86278,1,3,2,-118.337875,53.81224,151.36513,27.506903,46.14741,0.009063288,0.015112719,-0.06272088,3774580,1,3036,0.02880322,11
1000038000282,41000100002962,1000038000283,1000038000000,41,0.98870814,1000038000283,-1,1000038000281,1000038000282,-1,30,1.2049193,1.1188537,1.2049193,6282,16.54002,32.4293,21.253181,86278,1,3,2,-116.798706,54.627247,134.58604,23.28518,43.69354,-0.16579102,0.015753714,-0.2223747,3774584,1,2962,0.033200216,112
1000038000283,40000100002593,1000038000283,1000038000000,40,1.0778745,-1,-1,1000038000282,1000038000283,-1,32,0.9467224,0.774591,0.9467224,6282,16.537045,32.43896,21.239521,86278,1,3,2,-112.657486,53.03939,112.599045,22.340218,44.28452,-0.12259281,0.015681295,-0.1375499,3774575,1,2593,0.043095086,341