haloID,subHaloID,lastProgenitorId,treeId,snapNum,redshift,firstProgenitorId,nextProgenitorId,descendantId,firstHaloInFOFgroupId,nextHaloInFOFgroupId,np,m_Mean200,m_Crit200,m_TopHat,phKey,x,y,z,zIndex,ix,iy,iz,velX,velY,velZ,velDisp,vMax,spinX,spinY,spinZ,mostBoundID,fileNr,subhaloIndex,halfmassRadius,random
2000057000000,63000200000533,2000057000251,2000057000000,63,0.0,2000057000001,-1,-1,2000057000000,2000057000990,4876,509.25058,389.96356,455.8038,9648,32.465622,60.415047,28.768606,126343,3,6,3,300.5663,-562.5483,-44.800636,163.99258,296.65475,2.2615473,-0.5985718,0.28982103,851121,2,533,0.11400112,103
2000057000001,62000200000528,2000057000251,2000057000000,62,0.019932542,2000057000002,-1,2000057000000,2000057000001,2000057000991,4753,503.57025,387.63977,453.3079,9648,32.405716,60.52877,28.772144,126343,3,6,3,294.11017,-556.0194,-44.25461,165.07928,294.9484,2.1435022,-0.6373766,0.24224144,851121,2,528,0.1086292,980
2000057000002,61000200000496,2000057000251,2000057000000,61,0.041403063,2000057000003,-1,2000057000001,2000057000002,2000057000992,4903,500.9022,386.69305,446.42264,9649,32.34564,60.644962,28.778471,126357,3,6,3,286.9398,-543.6415,-44.6276,165.26888,299.21896,2.2345746,-0.748133,0.09456882,856333,2,496,0.1129874,617
2000057000003,60000200000517,2000057000251,2000057000000,60,0.064493395,2000057000004,-1,2000057000002,2000057000003,2000057000993,4798,496.51285,381.78732,444.271,9649,32.27994,60.772728,28.781149,126357,3,6,3,280.06186,-534.2117,-45.854412,165.0789,292.63333,2.026474,-0.6744809,0.09868175,852699,2,517,0.109387,164
2000057000004,59000200000540,2000057000251,2000057000000,59,0.08928783,2000057000005,-1,2000057000003,2000057000004,2000057000994,4771,484.3776,379.54962,443.32428,9649,32.212143,60.90256,28.792578,126356,3,6,3,274.1066,-524.7344,-44.743202,163.58946,293.55978,1.859729,-0.5789223,-0.30205148,852699,2,540,0.10875543,604
2000057000005,58000200000540,2000057000251,2000057000000,58,0.11588337,2000057000006,-1,2000057000004,2000057000005,2000057000995,4769,477.062,371.11517,439.9677,9649,32.13799,61.034645,28.800459,126356,3,6,3,264.2037,-506.65936,-44.135757,164.19908,295.4139,1.9818296,-0.24799499,-0.18474345,856547,2,540,0.11105461,198
2000057000006,57000200000546,2000057000251,2000057000000,57,0.14438343,2000057000007,-1,2000057000005,2000057000006,2000057000996,4660,474.8243,364.5742,431.18903,9649,32.062183,61.173573,28.814003,126356,3,6,3,259.91318,-500.1984,-43.607456,162.33975,292.5572,1.6802943,0.094755,-0.378035,852699,2,546,0.108265914,863
2000057000007,56000200000541,2000057000244,2000057000000,56,0.17489761,2000057000008,2000057000245,2000057000006,2000057000007,2000057000997,4553,466.3038,342.36923,423.78735,9649,31.98292,61.315247,28.821192,126356,3,6,3,256.25665,-492.87317,-45.091694,162.73132,294.8247,1.7558037,0.5323055,-0.12207835,874903,2,541,0.10422795,991
2000057000008,55000200000531,2000057000244,2000057000000,55,0.20754863,2000057000009,-1,2000057000007,2000057000008,2000057000998,4460,457.2669,337.54956,395.47177,9649,31.904167,61.471294,28.830126,126356,3,6,3,245.4844,-477.75665,-40.81948,161.18675,292.94287,1.7694551,0.89997894,0.114437886,874903,2,531,0.10321011,135
2000057000009,54000200000536,2000057000244,2000057000000,54,0.24246909,2000057000010,-1,2000057000008,2000057000009,2000057000999,4328,425.2505,333.6766,379.46353,9649,31.82407,61.62071,28.843468,126358,3,6,3,242.40707,-472.30707,-36.849354,161.76602,291.37784,1.8085488,1.2834703,-0.13125665,874903,2,536,0.09978103,266
2000057000010,53000200000538,2000057000240,2000057000000,53,0.2798018,2000057000011,2000057000241,2000057000009,2000057000010,2000057001000,4140,403.3898,328.85693,372.66437,9649,31.746206,61.777214,28.852365,126358,3,6,3,233.81169,-459.67035,-31.124315,160.56943,288.57236,1.4234926,1.122708,-0.4624873,874903,2,538,0.0956264,168
2000057000011,52000200000512,2000057000240,2000057000000,52,0.31970343,2000057000012,-1,2000057000010,2000057000011,2000057001001,4000,392.02914,320.76675,362.59467,9649,31.662409,61.938934,28.864868,126358,3,6,3,222.35341,-446.8611,-20.024216,165.07437,296.5003,1.5212669,1.1482064,-0.6653472,874903,2,512,0.09094186,822
2000057000012,51000200000498,2000057000240,2000057000000,51,0.36234027,2000057000013,-1,2000057000011,2000057000012,2000057000242,3865,389.7914,315.1725,356.57007,9649,31.584425,62.1021,28.866669,126358,3,6,3,218.24269,-432.86407,-13.298248,165.97472,294.8709,1.4924296,1.6276959,-0.5673744,874903,2,498,0.08381729,677
2000057000013,50000100000321,2000057000240,2000057000000,50,0.40789944,2000057000014,-1,2000057000012,2000057000013,2000057000265,3893,388.3283,319.30365,362.42255,9649,31.501097,62.268063,28.870354,126358,3,6,3,213.94226,-420.76663,-4.8102765,168.48575,299.51953,1.2024767,1.6608546,-0.65355074,856547,1,321,0.08536676,734
2000057000014,49000000000258,2000057000233,2000057000000,49,0.45657724,2000057000015,2000057000234,2000057000013,2000057000014,2000057000266,3859,382.90616,329.1151,360.44302,9649,31.41306,62.43298,28.871084,126358,3,6,3,213.66273,-405.24316,4.478987,165.14386,291.46072,1.3882924,1.2332023,-0.124469034,856333,0,258,0.08568693,698
2000057000015,48000000000239,2000057000233,2000057000000,48,0.5085914,2000057000016,-1,2000057000014,2000057000015,2000057000267,3732,377.13977,326.1889,358.37744,14922,31.320766,0.10424312,28.867458,51460,3,0,3,208.83168,-394.9001,13.648591,168.40164,294.73135,1.5444621,1.5661069,-0.15607059,856333,0,239,0.08269115,133
2000057000016,47000000000247,2000057000233,2000057000000,47,0.5641766,2000057000017,-1,2000057000015,2000057000016,2000057000268,3694,368.10287,320.33643,352.18073,1463,31.241104,0.27552035,28.85032,23373,3,0,3,204.41318,-386.76804,18.959177,169.92632,297.89908,1.8091842,1.8261794,0.048060462,856333,0,247,0.08155801,752
2000057000017,46000000000234,2000057000208,2000057000000,46,0.6235901,2000057000018,2000057000209,2000057000016,2000057000017,2000057000210,3550,345.38153,298.90607,330.92252,1463,31.153587,0.44382313,28.8381,23373,3,0,3,200.43971,-367.73853,25.088367,168.08684,295.42065,1.124021,1.6310699,-0.38827047,856229,0,234,0.078063995,973
2000057000018,45000000000242,2000057000208,2000057000000,45,0.6871088,2000057000019,-1,2000057000017,2000057000018,2000057000211,3489,332.38562,285.5659,320.50854,1463,31.05779,0.6051988,28.828615,23373,3,0,3,199.7285,-355.76767,23.196634,166.40532,291.17484,1.1026064,1.4156023,-0.5344737,852398,0,242,0.07716153,569
2000057000019,44000000000235,2000057000208,2000057000000,44,0.75503564,2000057000020,-1,2000057000018,2000057000019,2000057000212,3386,314.31183,275.41016,304.93066,1463,30.972803,0.77239555,28.809114,23373,3,0,3,198.29202,-337.78134,19.63938,169.3127,297.4259,1.1438831,1.4865707,-0.4692583,856229,0,235,0.074670464,218
2000057000020,43000000000232,2000057000201,2000057000000,43,0.8276991,2000057000021,2000057000202,2000057000019,2000057000020,-1,3399,310.0946,268.69702,301.14377,1463,30.87636,0.9352123,28.793737,23373,3,0,3,200.40598,-320.9725,17.93129,165.8436,288.20157,1.287817,1.5062479,-0.7670106,852398,0,232,0.07622471,200
2000057000021,42000000000205,2000057000201,2000057000000,42,0.9054624,2000057000022,-1,2000057000020,2000057000021,-1,3515,315.77493,273.68884,308.02902,1463,30.774841,1.0882639,28.799717,23375,3,0,3,200.6801,-312.29065,12.119298,166.74097,290.9687,1.5540088,1.8616881,-0.5418872,856229,0,205,0.07902967,389
2000057000022,41000000000188,2000057000201,2000057000000,41,0.98870814,2000057000023,-1,2000057000021,2000057000022,2000057000215,3586,319.30365,290.90198,315.68887,1463,30.664381,1.2200311,28.80531,23375,3,0,3,198.82562,-296.5363,9.511761,171.95676,298.16116,1.5799787,2.1850622,-0.55516285,875493,0,188,0.08289991,484
2000057000023,40000000000166,2000057000201,2000057000000,40,1.0778745,2000057000024,-1,2000057000022,2000057000023,-1,3501,320.59464,306.82413,319.6479,1463,30.564665,1.3765663,28.793194,23375,3,0,3,193.81377,-283.1631,5.839092,177.79305,294.65573,1.3720953,2.461151,-0.13767111,852398,0,166,0.07755966,293
2000057000024,39000000000175,2000057000150,2000057000000,39,1.173417,2000057000025,2000057000151,2000057000023,2000057000024,2000057000151,3125,305.361,291.50443,304.93066,1463,30.474415,1.5340466,28.777643,23375,3,0,3,188.11867,-271.67905,6.1892815,200.98183,307.95236,0.8522826,2.7167323,-0.054770086,852624,0,175,0.06289899,908
2000057000025,38000000000177,2000057000137,2000057000000,38,1.2758462,2000057000026,2000057000138,2000057000024,2000057000025,2000057000138,3001,285.8241,270.24622,285.8241,1463,30.329998,1.6744365,28.815918,23375,3,0,3,185.56078,-255.3898,6.7546206,205.23259,331.83838,0.7017149,2.5519273,-0.13443393,852658,0,177,0.051488142,87
2000057000026,37000000000165,2000057000137,2000057000000,37,1.3857181,2000057000027,-1,2000057000025,2000057000026,2000057000152,2475,224.63141,204.49203,226.52484,1463,30.14062,1.8005414,28.870527,23374,3,0,3,210.90366,-241.59956,-3.5651867,161.4665,263.2815,0.9038974,2.0014722,-0.3689465,852407,0,165,0.07098272,396
2000057000027,36000000000142,2000057000091,2000057000000,36,1.5036365,2000057000028,2000057000092,2000057000026,2000057000027,2000057000153,1726,145.45099,134.52065,146.22557,1463,29.9724,1.9342569,28.891209,23374,3,0,3,259.69998,-237.2428,-9.880311,142.45306,251.8509,0.68098605,0.7134512,-0.47100678,852556,0,142,0.051849056,953
2000057000028,35000000000233,2000057000087,2000057000000,35,1.6302707,2000057000029,2000057000088,2000057000027,2000057000028,2000057000093,1512,139.08212,131.93867,140.88951,1460,29.835726,2.0713966,28.881607,23388,3,0,3,245.67793,-230.54912,1.048151,145.2045,253.84451,0.2115007,-0.06660425,-0.5185049,852552,0,233,0.04450817,116
2000057000029,34000000000183,2000057000087,2000057000000,34,1.766336,2000057000030,-1,2000057000028,2000057000029,2000057000094,1547,138.47966,134.43459,141.92229,1460,29.717472,2.2090726,28.873,23388,3,0,3,233.1619,-223.76128,6.2134924,147.02843,246.83337,0.30149898,-0.45550233,-0.5909795,852552,0,183,0.047061715,503
2000057000030,33000000000158,2000057000087,2000057000000,33,1.9126327,2000057000031,-1,2000057000029,2000057000030,2000057000095,1553,140.97557,136.75835,142.69688,1460,29.600721,2.3279111,28.870502,23388,3,0,3,218.12303,-215.82213,10.758882,153.71971,254.54147,0.17839187,-0.61159736,-0.59080774,852623,0,158,0.046776224,476
2000057000031,32000000000149,2000057000066,2000057000000,32,2.0700274,2000057000032,2000057000067,2000057000030,2000057000031,2000057000067,1423,136.24196,132.54114,137.79114,1460,29.467173,2.4629698,28.844585,23388,3,0,3,212.19159,-203.91264,7.138262,159.47607,260.08337,0.14914933,-0.5300707,-0.6603369,852623,0,149,0.040211897,433
2000057000032,31000000000135,2000057000066,2000057000000,31,2.2394855,2000057000033,-1,2000057000031,2000057000032,2000057000097,1349,126.25834,123.418175,127.549324,1460,29.300634,2.5825653,28.852701,23388,3,0,3,202.66937,-190.75174,2.282343,165.35542,269.4559,0.0033238905,-0.93839544,-0.83087033,875540,0,135,0.035849787,520
2000057000033,30000000000109,2000057000066,2000057000000,30,2.422044,2000057000034,-1,2000057000032,2000057000033,2000057000068,1202,108.01242,106.20504,110.93865,1459,29.180048,2.6786952,28.874594,23381,3,0,3,181.98813,-172.61327,3.6507936,151.24663,243.81497,0.18095578,-0.69231135,-0.5597874,852623,0,109,0.03858739,667
2000057000034,29000000000094,2000057000066,2000057000000,29,2.6188614,2000057000035,-1,2000057000033,2000057000034,2000057000069,1010,75.13533,73.32795,78.06156,1459,29.1489,2.760498,28.853535,23381,3,0,3,163.29784,-174.4932,7.335849,141.45787,232.2216,0.31963772,0.2755736,0.016907483,852552,0,94,0.035893295,520
2000057000035,28000000000073,2000057000051,2000057000000,28,2.8311827,2000057000036,2000057000052,2000057000034,2000057000035,2000057000070,844,60.84843,59.901707,64.11893,1459,29.088789,2.8777854,28.861689,23381,3,0,3,139.17743,-179.90059,13.193007,127.912544,224.27477,0.5040792,0.14873008,0.14104185,852610,0,73,0.03255596,490
2000057000036,27000000000076,2000057000051,2000057000000,27,3.060419,2000057000037,-1,2000057000035,2000057000036,2000057000071,766,49.487762,49.143497,52.155796,1459,29.012222,2.9819567,28.85187,23383,3,0,3,133.89548,-164.39915,-1.1874543,130.16872,227.5333,0.46547478,0.30876568,0.13852295,852657,0,76,0.029099789,741
2000057000037,26000000000109,2000057000051,2000057000000,26,3.3080978,2000057000038,-1,2000057000036,2000057000037,-1,567,45.012344,44.409885,46.733658,1459,28.94801,3.0789697,28.84807,23383,3,0,3,121.69165,-157.11172,11.704257,129.24413,219.01653,0.36997008,0.3232083,-0.09373068,852596,0,109,0.023836127,745
2000057000038,25000000000079,2000057000051,2000057000000,25,3.575905,2000057000039,-1,2000057000037,2000057000038,-1,506,38.729553,38.12709,40.795128,1459,28.891632,3.1601539,28.83249,23383,3,0,3,120.99746,-142.47662,14.859297,122.90169,212.56691,0.25442496,0.29281205,0.0084169125,852562,0,79,0.022330042,926
2000057000039,24000000000094,2000057000051,2000057000000,24,3.8656828,2000057000040,-1,2000057000038,2000057000039,-1,394,34.684467,34.25414,36.061516,1459,28.822948,3.2397358,28.825243,23383,3,0,3,108.862,-136.12881,30.619453,120.873116,201.96341,0.013800476,0.09545863,-0.29478854,852562,0,94,0.01875875,609
2000057000040,23000000000048,2000057000051,2000057000000,23,4.1794686,2000057000041,-1,2000057000039,2000057000040,-1,445,34.77053,34.684467,36.663975,1459,28.724743,3.3178039,28.806921,23383,3,0,3,103.94227,-117.73154,17.980474,128.30757,210.47606,0.17931865,0.1628139,-0.3937295,852607,0,48,0.020309692,675
2000057000041,22000000000028,2000057000051,2000057000000,22,4.5195556,2000057000042,-1,2000057000040,2000057000041,-1,400,35.114796,35.114796,36.233646,1459,28.679321,3.3908327,28.783243,23383,3,0,3,101.6727,-100.964714,14.5777445,135.79672,215.20004,0.014723149,-0.028693026,-0.29694247,852587,0,28,0.017156284,403
2000057000042,21000000000030,2000057000051,2000057000000,21,4.888449,2000057000043,-1,2000057000041,2000057000042,-1,393,31.758232,31.758232,32.61889,1459,28.620377,3.4683692,28.750582,23383,3,0,3,107.20957,-103.16181,19.11507,133.50305,218.72067,0.17812039,0.005507265,-0.25627077,852607,0,30,0.016897716,568
2000057000043,20000000000028,2000057000051,2000057000000,20,5.2888336,2000057000044,-1,2000057000042,2000057000043,-1,317,26.077898,26.077898,26.163963,1459,28.590248,3.5152252,28.723944,23383,3,0,3,102.72625,-100.71206,27.286522,141.6691,226.87225,0.074417956,0.00960189,-0.3388654,852607,0,28,0.013398502,431
2000057000044,19000000000019,2000057000051,2000057000000,19,5.7238646,2000057000045,-1,2000057000043,2000057000044,-1,242,20.397564,20.397564,20.741827,1459,28.55317,3.585546,28.726206,23383,3,0,3,100.45117,-97.88366,33.57348,134.6267,214.20872,0.07863629,0.050458524,-0.13939348,875543,0,19,0.01100991,871
2000057000045,18000000000019,2000057000051,2000057000000,18,6.1968336,2000057000046,-1,2000057000044,2000057000045,-1,202,10.327881,10.327881,11.016406,1459,28.450691,3.6392982,28.736647,23383,3,0,3,102.626686,-99.311325,30.378048,104.291626,166.84767,0.035050634,0.11489363,-0.13256402,875549,0,19,0.0145774605,389
2000057000046,17000000000061,2000057000047,2000057000000,17,6.7115865,2000057000047,2000057000048,2000057000045,2000057000046,2000057000051,39,3.5286925,3.5286925,3.7008238,1459,28.451204,3.66129,28.763866,23383,3,0,3,44.164738,-83.2906,-63.582382,70.31759,118.901276,0.120510325,0.024130572,-0.100883916,852607,0,61,0.0062576663,432
2000057000047,16000000000048,2000057000047,2000057000000,16,7.272188,-1,-1,2000057000046,2000057000047,-1,61,2.3237731,2.3237731,2.3237731,1459,28.433084,3.7154748,28.784435,23383,3,0,3,91.51611,-60.780865,-2.3187335,66.7781,105.033325,0.15036939,0.09455328,-0.19954795,852658,0,48,0.012237332,458
2000057000048,17000000000154,2000057000050,2000057000000,17,6.7115865,2000057000049,2000057000051,2000057000045,2000057000048,-1,46,1.3770508,1.3770508,1.4631164,1459,28.551708,3.7685564,28.548903,23383,3,0,3,60.555447,-133.84438,63.030403,60.33624,96.098885,0.11256786,-0.0761822,-0.024820784,852558,0,154,0.01144884,191
2000057000049,16000000000322,2000057000050,2000057000000,16,7.272188,2000057000050,-1,2000057000048,2000057000049,-1,22,1.2909851,1.2909851,1.2909851,1459,28.49602,3.8697426,28.485706,23383,3,0,3,54.956413,-125.57568,84.91975,53.067226,95.00954,0.057337187,0.018773325,-0.04805832,852556,0,322,0.005113854,984
2000057000050,15000000000224,2000057000050,2000057000000,15,7.8832035,-1,-1,2000057000049,2000057000050,-1,21,0.774591,0.774591,1.2049193,1420,28.465624,3.921001,28.489878,23493,3,0,3,58.47419,-107.66092,72.63447,58.66985,87.45943,0.004533272,0.029823286,-0.037590425,852558,0,224,0.0063148746,349
2000057000051,17000000000062,2000057000051,2000057000000,17,6.7115865,-1,-1,2000057000045,2000057000046,-1,22,0.0,0.0,0.0,1459,28.362572,3.6882336,28.720211,23383,3,0,3,163.95479,-51.81355,86.77022,62.08412,92.904884,-0.06688009,-0.039910797,0.028064603,852592,0,62,0.0068410058,311
2000057000052,28000000000077,2000057000064,2000057000000,28,2.8311827,2000057000053,2000057000065,2000057000034,2000057000035,-1,20,0.0,0.0,0.0,1459,28.931099,2.7737765,28.874128,23381,3,0,3,254.6013,13.086889,-28.116936,48.68159,89.20724,-0.06536279,0.048338413,0.01878281,855692,0,77,0.0057328804,21
2000057000053,27000000000080,2000057000064,2000057000000,27,3.060419,2000057000054,-1,2000057000052,2000057000036,-1,26,0.0,0.0,0.0,1459,28.80571,2.7753744,28.887945,23381,3,0,3,222.06769,-68.00168,-12.001083,43.267685,78.48788,-0.018729351,0.04830794,-0.08850442,855692,0,80,0.008624162,322
2000057000054,26000000000996,2000057000064,2000057000000,26,3.3080978,2000057000055,-1,2000057000053,2000057000054,-1,48,2.9262328,2.9262328,3.18443,1459,28.698118,2.8396685,28.889582,23381,3,0,3,200.63863,-121.83633,-37.56535,48.887753,78.95412,0.048674952,0.14764325,-0.037694454,852425,0,996,0.016310152,277
2000057000055,25000000000157,2000057000064,2000057000000,25,3.575905,2000057000056,-1,2000057000054,2000057000073,-1,56,0.0,0.0,0.0,1459,28.583231,2.9084156,28.872175,23381,3,0,3,202.2024,-189.82706,-54.51066,67.923256,101.546104,0.09531618,0.084547974,-0.094523095,855688,0,157,0.011839757,643
2000057000056,24000000000361,2000057000064,2000057000000,24,3.8656828,2000057000057,-1,2000057000055,2000057000056,-1,73,4.131152,4.131152,4.6475463,1459,28.474424,3.015531,28.891214,23383,3,0,3,215.3789,-244.73608,-77.68778,68.484245,114.68302,0.25337636,-0.022586796,-0.0276128,852425,0,361,0.014992112,972
2000057000057,23000000000291,2000057000064,2000057000000,23,4.1794686,2000057000058,-1,2000057000056,2000057000057,-1,67,7.057385,7.057385,7.4016476,1459,28.375923,3.1756494,28.951506,23383,3,0,3,208.65642,-272.85416,-83.59775,58.44342,94.88417,0.32379732,0.08301356,0.06623131,852425,0,291,0.015061923,214
2000057000058,22000000000257,2000057000063,2000057000000,22,4.5195556,2000057000059,2000057000064,2000057000057,2000057000058,-1,70,2.6680357,2.6680357,3.442627,1459,28.275894,3.3325143,29.015701,23382,3,0,3,161.90585,-197.85469,-90.24408,73.21639,92.75943,0.4849132,-0.10005109,0.23130934,855690,0,257,0.021580061,717
2000057000059,21000000001373,2000057000063,2000057000000,21,4.888449,2000057000060,-1,2000057000058,2000057000059,-1,26,1.9795104,1.9795104,1.9795104,1459,28.201372,3.4725678,29.043789,23382,3,0,3,148.88902,-269.41138,-72.62278,50.25063,94.46821,-0.002045674,0.052655574,-0.033306185,855690,0,1373,0.00763464,436
2000057000060,20000000001324,2000057000063,2000057000000,20,5.2888336,2000057000061,-1,2000057000059,2000057000060,-1,23,1.7213135,1.7213135,1.8073791,1459,28.13454,3.6159961,29.062708,23382,3,0,3,128.34567,-248.15569,-59.49519,50.80468,90.92068,0.010875716,0.043901768,-0.021510635,855691,0,1324,0.006290288,600
2000057000061,19000000000888,2000057000063,2000057000000,19,5.7238646,2000057000062,-1,2000057000060,2000057000061,-1,27,1.1188537,1.1188537,1.1188537,1459,28.068375,3.7418413,29.09198,23382,3,0,3,119.76855,-225.45053,-44.72369,42.837223,78.39082,0.054320876,0.068108454,-0.027304744,853265,0,888,0.009613177,586
2000057000062,18000000000807,2000057000063,2000057000000,18,6.1968336,2000057000063,-1,2000057000061,2000057000062,-1,22,0.0,0.0,0.6885254,1459,28.018381,3.84994,29.100424,23382,3,0,3,111.12534,-204.33311,-38.495747,43.568855,81.43229,-0.031561647,0.0114636775,-0.009723413,855690,0,807,0.00953968,377
2000057000063,17000000000547,2000057000063,2000057000000,17,6.7115865,-1,-1,2000057000062,2000057000063,-1,22,0.86065674,0.86065674,0.86065674,1420,27.952854,3.927531,29.121666,23492,3,0,3,108.97474,-201.05458,-40.509,42.83816,83.27804,-0.027787589,0.008269279,0.0070882863,855688,0,547,0.008141059,595
2000057000064,21000000001588,2000057000064,2000057000000,21,4.888449,-1,-1,2000057000057,2000057000064,-1,21,1.8073791,1.549182,1.8073791,1459,28.077383,3.5351255,29.049276,23382,3,0,3,198.2494,-270.51605,-41.468834,53.472836,89.02054,-0.010600883,0.11295085,0.0064313253,855686,0,1588,0.006140193,358
2000057000065,28000000000076,2000057000066,2000057000000,28,2.8311827,2000057000066,-1,2000057000034,2000057000035,2000057000052,31,0.0,0.0,0.0,1459,28.766397,2.6367905,28.924597,23381,3,0,3,359.38437,-163.7154,0.3690743,43.392845,63.066612,0.01982428,0.054400183,0.069283254,855789,0,76,0.017017672,984
2000057000066,27000000000079,2000057000066,2000057000000,27,3.060419,-1,-1,2000057000065,2000057000036,2000057000053,33,0.0,0.0,0.0,1459,28.614845,2.747026,28.891949,23381,3,0,3,328.96643,-228.31996,-11.739996,50.249733,81.49654,0.018198064,0.071075745,0.021267781,855789,0,79,0.012166911,609
2000057000067,32000000000150,2000057000087,2000057000000,32,2.0700274,2000057000068,-1,2000057000030,2000057000031,2000057000096,40,0.0,0.0,0.0,1460,29.520157,2.3907847,28.8887,23388,3,0,3,166.7682,-161.27373,45.685165,64.50102,103.2323,-0.13390495,0.0945781,-0.16434635,871908,0,150,0.010395858,97
2000057000068,30000000000110,2000057000087,2000057000000,30,2.422044,2000057000069,-1,2000057000067,2000057000033,2000057000098,64,0.0,0.0,0.0,1459,29.125187,2.764766,28.826681,23381,3,0,3,447.4167,-242.30112,-46.408047,78.73759,125.28255,-0.044166364,-0.12561873,-0.083495475,856256,0,110,0.009265198,596
2000057000069,29000000000095,2000057000087,2000057000000,29,2.6188614,2000057000070,-1,2000057000068,2000057000034,2000057000099,132,0.0,0.0,0.0,1459,28.893343,2.859892,28.882217,23381,3,0,3,350.47504,-130.1612,-95.45906,86.67449,149.29094,-0.23598121,-0.16212294,-0.066235505,871932,0,95,0.012073936,392
2000057000070,28000000000074,2000057000087,2000057000000,28,2.8311827,2000057000071,-1,2000057000069,2000057000035,2000057000100,173,0.0,0.0,0.0,1459,28.719732,2.9154823,28.938683,23381,3,0,3,276.771,-79.7081,-87.15433,89.03858,152.41621,-0.3616323,-0.1725422,-0.10921762,871902,0,74,0.014585629,169
2000057000071,27000000000077,2000057000087,2000057000000,27,3.060419,2000057000072,-1,2000057000070,2000057000036,2000057000101,161,0.0,0.0,0.0,1459,28.566961,2.9545121,28.993977,23383,3,0,3,231.87715,-44.834446,-77.124886,82.723145,147.08107,-0.4082282,-0.15392339,-0.11657532,871917,0,77,0.015210113,228
2000057000072,26000000000261,2000057000087,2000057000000,26,3.3080978,2000057000073,-1,2000057000071,2000057000072,-1,184,18.934448,17.729528,19.709038,1459,28.468159,2.9513319,29.03217,23383,3,0,3,203.79604,-10.562646,-58.376266,78.98958,141.85976,-0.49676317,-0.2424677,0.089779064,871902,0,261,0.018875167,994
2000057000073,25000000000156,2000057000087,2000057000000,25,3.575905,2000057000074,-1,2000057000072,2000057000073,2000057000055,189,12.823785,12.823785,13.598376,1459,28.34539,2.927782,29.057642,23381,3,0,3,198.3628,0.8920317,-33.33018,78.116585,135.0866,-0.472602,-0.18239333,-0.043898202,871885,0,156,0.020007644,706
2000057000074,24000000000230,2000057000087,2000057000000,24,3.8656828,2000057000075,-1,2000057000073,2000057000074,-1,194,15.405755,15.061493,16.524609,1459,28.232386,2.938543,29.052557,23382,3,0,3,183.257,-3.2647905,-19.800442,97.15096,149.47458,-0.48092708,-0.19243985,-0.30722138,871932,0,230,0.017909825,88
2000057000075,23000000000201,2000057000087,2000057000000,23,4.1794686,2000057000076,-1,2000057000074,2000057000075,-1,185,16.868872,16.868872,17.041002,1459,28.142393,2.9781568,29.072315,23382,3,0,3,174.63036,-21.220839,-13.206706,104.29009,167.25835,-0.44688,-0.17105097,-0.27104002,871915,0,201,0.013900599,8
2000057000076,22000000000176,2000057000085,2000057000000,22,4.5195556,2000057000077,2000057000086,2000057000075,2000057000076,-1,151,13.254113,13.254113,13.426245,1459,28.062471,3.0400398,29.082993,23382,3,0,3,161.19576,-43.30057,-14.908386,97.37312,162.19174,-0.2813442,-0.11789944,-0.049628526,871885,0,176,0.013653287,334
2000057000077,21000000000187,2000057000085,2000057000000,21,4.888449,2000057000078,-1,2000057000076,2000057000077,-1,121,8.004107,8.004107,8.606567,1459,27.967922,3.0791512,29.087273,23382,3,0,3,145.96739,-36.07251,-13.740069,95.04514,152.10895,-0.32190174,-0.1443974,-0.092619754,856289,0,187,0.010959994,866
2000057000078,20000000000208,2000057000082,2000057000000,20,5.2888336,2000057000079,2000057000083,2000057000077,2000057000078,-1,83,5.3360715,5.3360715,5.680334,1459,27.86765,3.0927405,29.114859,23382,3,0,3,157.30023,-62.693295,-38.93619,75.17045,125.409615,-0.09218539,0.054615196,0.038807433,871890,0,208,0.010463807,597
2000057000079,19000000000151,2000057000082,2000057000000,19,5.7238646,2000057000080,-1,2000057000078,2000057000079,-1,80,3.098364,3.098364,3.442627,1459,27.816082,3.1324074,29.111513,23382,3,0,3,142.06883,-63.14608,-29.542898,64.999725,113.01361,-0.06698497,-0.05725383,-0.023435343,871938,0,151,0.013438949,523
2000057000080,18000000000184,2000057000082,2000057000000,18,6.1968336,2000057000081,-1,2000057000079,2000057000080,-1,56,2.4959044,2.4959044,2.4959044,1459,27.750404,3.1750689,29.137083,23382,3,0,3,113.63526,-61.51625,-22.402555,62.256374,102.21411,-0.118067205,-0.14905909,-0.010266141,871938,0,184,0.010274156,648
2000057000081,17000000000387,2000057000082,2000057000000,17,6.7115865,2000057000082,-1,2000057000080,2000057000081,-1,28,2.065576,2.065576,2.1516418,1459,27.670036,3.176156,29.136137,23382,3,0,3,125.033966,-65.08611,-34.81301,61.697166,98.78974,-0.02312583,-0.05959018,-0.007338921,871938,0,387,0.00653096,854
2000057000082,16000000000349,2000057000082,2000057000000,16,7.272188,-1,-1,2000057000081,2000057000082,-1,22,1.8934448,1.8934448,1.8934448,1459,27.622007,3.241996,29.151505,23382,3,0,3,122.62756,-82.0442,-41.289883,64.65518,106.73117,-0.038561665,-0.07893295,0.021959625,856260,0,349,0.0039710905,946
2000057000083,20000000001259,2000057000085,2000057000000,20,5.2888336,2000057000084,-1,2000057000077,2000057000083,-1,22,1.1188537,1.1188537,1.1188537,1459,27.955381,2.88598,29.04067,23380,3,0,3,79.003784,23.312975,21.838713,45.913876,87.23254,0.13144101,-0.07928694,0.064716935,871642,0,1259,0.0065880576,9
2000057000084,18000000000730,2000057000085,2000057000000,18,6.1968336,2000057000085,-1,2000057000083,2000057000084,-1,24,1.2049193,1.2049193,1.3770508,1459,27.863586,2.883659,29.043705,23380,3,0,3,87.83431,11.987079,20.115648,56.33802,82.348785,-0.07974763,-0.008641421,-0.012394951,871642,0,730,0.007982642,858
2000057000085,17000000000458,2000057000085,2000057000000,17,6.7115865,-1,-1,2000057000084,2000057000085,-1,25,1.3770508,1.3770508,1.3770508,1459,27.853214,2.873015,29.030964,23380,3,0,3,85.62401,5.9652867,17.20508,51.203224,91.06737,-0.095843926,-0.043162934,-0.015884323,871642,0,458,0.006380185,537
2000057000086,22000000001673,2000057000087,2000057000000,22,4.5195556,2000057000087,-1,2000057000075,2000057000086,-1,22,1.2909851,1.2909851,1.2909851,1459,28.076303,2.8444762,29.093132,23380,3,0,3,78.65066,92.967735,3.5716245,42.898716,71.52704,0.11936409,-0.08569277,-0.023705928,871648,0,1673,0.010017153,700
2000057000087,20000000001152,2000057000087,2000057000000,20,5.2888336,-1,-1,2000057000086,2000057000087,-1,26,1.2049193,1.2049193,1.3770508,1459,28.026384,2.753975,29.086086,23380,3,0,3,91.56581,43.58912,9.826414,48.854317,74.46225,0.042100605,0.0349446,0.0035434335,871646,0,1152,0.009963675,601
2000057000088,35000000002367,2000057000091,2000057000000,35,1.6302707,2000057000089,-1,2000057000027,2000057000088,-1,22,0.9467224,0.6885254,0.9467224,1463,30.137709,1.9473925,28.503984,23374,3,0,3,134.38034,-98.32144,-102.56886,24.71096,43.8519,-0.027000718,0.18655959,0.18376952,853110,0,2367,0.027630176,282
2000057000089,34000000003860,2000057000091,2000057000000,34,1.766336,2000057000090,-1,2000057000088,2000057000089,-1,21,1.6352477,1.549182,1.8073791,1460,30.006878,2.016147,28.618227,23388,3,0,3,108.679955,-134.78542,-168.52034,33.66618,56.058586,-0.043504592,0.13197902,0.20131135,853114,0,3860,0.013380485,635
2000057000090,33000000003914,2000057000091,2000057000000,33,1.9126327,2000057000091,-1,2000057000089,2000057000090,-1,23,1.3770508,1.3770508,1.7213135,1460,29.927322,2.1192887,28.726786,23388,3,0,3,93.665596,-179.37418,-218.32605,32.617268,53.547337,-0.08014422,0.15648241,0.27983466,853074,0,3914,0.017407238,179
2000057000091,32000000003973,2000057000091,2000057000000,32,2.0700274,-1,-1,2000057000090,2000057000091,-1,23,1.6352477,1.6352477,1.7213135,1460,29.897818,2.2303073,28.847218,23388,3,0,3,90.98558,-220.25485,-247.3108,30.058832,56.96039,-0.07700237,0.06765774,0.19962263,853071,0,3973,0.016683191,470
2000057000092,36000000000147,2000057000113,2000057000000,36,1.5036365,2000057000093,2000057000114,2000057000026,2000057000027,-1,26,0.0,0.0,0.0,1460,29.975693,2.0854971,28.78417,23388,3,0,3,393.1689,-344.58698,103.125435,42.494606,81.516174,-0.009212096,0.039625764,0.018382037,852536,0,147,0.00824347,349
2000057000093,35000000000234,2000057000113,2000057000000,35,1.6302707,2000057000094,-1,2000057000092,2000057000028,-1,43,0.0,0.0,0.0,1460,29.765217,2.2311714,28.745016,23388,3,0,3,356.07028,-202.50278,27.355507,47.281277,84.05123,-0.030756563,-0.014357858,0.1447068,847935,0,234,0.0119180875,328
2000057000094,34000000000184,2000057000113,2000057000000,34,1.766336,2000057000095,-1,2000057000093,2000057000029,-1,44,0.0,0.0,0.0,1460,29.571749,2.3274906,28.741922,23388,3,0,3,308.15872,-109.31261,-82.298775,57.714325,96.599174,-0.0016947351,0.0641047,0.08223736,852467,0,184,0.010927248,696
2000057000095,33000000000159,2000057000113,2000057000000,33,1.9126327,2000057000096,-1,2000057000094,2000057000030,-1,34,0.0,0.0,0.0,1460,29.41825,2.3531299,28.835464,23388,3,0,3,184.58058,-22.854488,-201.71194,48.783768,91.27782,-0.03232534,0.12005222,0.1084026,847927,0,159,0.008918743,780
2000057000096,32000000000151,2000057000113,2000057000000,32,2.0700274,2000057000097,-1,2000057000095,2000057000031,-1,38,0.0,0.0,0.0,1460,29.373016,2.3781877,28.96592,23388,3,0,3,-37.661865,-82.01759,-178.92001,60.48806,93.057365,-0.010869903,0.12495645,0.06346477,852536,0,151,0.010112628,401
2000057000097,31000000000136,2000057000113,2000057000000,31,2.2394855,2000057000098,-1,2000057000096,2000057000032,-1,37,0.0,0.0,0.0,1460,29.39542,2.4359357,29.007889,23388,3,0,3,-72.086426,-178.87744,-18.390606,48.673683,89.00894,0.053421147,0.019878037,0.079653025,847928,0,136,0.01160249,782
2000057000098,30000000000111,2000057000113,2000057000000,30,2.422044,2000057000099,-1,2000057000097,2000057000033,-1,62,0.0,0.0,0.0,1460,29.407822,2.550846,28.98109,23388,3,0,3,-20.399702,-252.7234,76.566505,51.576015,83.702805,-0.024240034,0.09614668,0.17027237,852536,0,111,0.018512728,724
2000057000099,29000000000096,2000057000113,2000057000000,29,2.6188614,2000057000100,-1,2000057000098,2000057000034,-1,83,0.0,0.0,0.0,1460,29.436352,2.7476263,28.907663,23388,3,0,3,33.204018,-280.3238,141.4934,68.88867,114.94848,0.09325585,0.1588898,0.36130717,852464,0,96,0.014370957,600
2000057000100,28000000000075,2000057000113,2000057000000,28,2.8311827,2000057000101,-1,2000057000099,2000057000035,2000057000065,85,0.0,0.0,0.0,1460,29.400763,2.9028294,28.829233,23388,3,0,3,83.84826,-280.49396,183.84772,73.92028,124.86501,0.12824905,0.10875824,0.281329,852467,0,75,0.010220609,948
2000057000101,27000000000078,2000057000113,2000057000000,27,3.060419,2000057000102,-1,2000057000100,2000057000036,2000057000066,83,0.0,0.0,0.0,1460,29.371107,3.0433693,28.695892,23390,3,0,3,122.71211,-269.1154,190.13626,57.093563,101.86288,0.033400245,0.1936984,0.23626953,856442,0,78,0.018310087,552
2000057000102,26000000000696,2000057000113,2000057000000,26,3.3080978,2000057000103,-1,2000057000101,2000057000102,-1,101,3.8729553,3.442627,4.4754148,1460,29.30019,3.1851969,28.571045,23390,3,0,3,146.78865,-236.15622,187.33261,57.466846,96.62406,-0.22676867,0.11776142,0.1000672,852536,0,696,0.02321034,483
2000057000103,25000000000562,2000057000113,2000057000000,25,3.575905,2000057000104,-1,2000057000102,2000057000103,-1,98,4.6475463,4.4754148,4.8196774,1459,29.206352,3.341884,28.486164,23383,3,0,3,165.77138,-219.88008,174.28563,62.414906,100.093506,-0.14361227,0.3628884,0.2348863,847928,0,562,0.02016908,84
2000057000104,24000000000548,2000057000108,2000057000000,24,3.8656828,2000057000105,2000057000109,2000057000103,2000057000104,2000057000109,36,3.098364,3.0122986,3.9590209,1459,29.121767,3.501035,28.398527,23383,3,0,3,127.122116,-210.65442,148.66618,54.84405,80.394554,-0.13241054,0.044618633,0.03910654,847928,0,548,0.013546557,694
2000057000105,22000000001164,2000057000108,2000057000000,22,4.5195556,2000057000106,-1,2000057000104,2000057000105,-1,35,1.549182,1.549182,1.6352477,1459,28.958838,3.7249413,28.238026,23379,3,0,3,123.96239,-192.57251,112.40685,51.226154,107.01408,-0.04534269,0.20626035,-0.103757866,852536,0,1164,0.011406893,285
2000057000106,21000000000985,2000057000108,2000057000000,21,4.888449,2000057000107,-1,2000057000105,2000057000106,-1,34,0.60245967,0.60245967,0.6885254,1459,28.89892,3.825942,28.156727,23379,3,0,3,128.92738,-178.9749,110.00342,50.691673,83.62088,-0.054858804,0.17129391,-0.080031864,852536,0,985,0.013149674,334
2000057000107,20000000000913,2000057000108,2000057000000,20,5.2888336,2000057000108,-1,2000057000106,2000057000107,-1,29,1.2909851,1.2909851,1.2909851,1420,28.844429,3.9086359,28.105398,23489,3,0,3,139.10178,-181.2084,115.82157,53.65828,79.34631,-0.11546773,0.03681538,-0.06820113,852495,0,913,0.009033131,995
2000057000108,19000000001195,2000057000108,2000057000000,19,5.7238646,-1,-1,2000057000107,2000057000108,-1,21,1.032788,1.032788,1.032788,1420,28.773075,3.9845657,28.039553,23489,3,0,3,119.262024,-176.51128,94.1724,51.725437,74.5696,-0.28927758,-0.101250835,-0.09456914,852497,0,1195,0.007773528,396
2000057000109,24000000000547,2000057000113,2000057000000,24,3.8656828,2000057000110,-1,2000057000103,2000057000104,-1,48,0.0,0.0,0.0,1459,29.041813,3.3899899,28.48672,23383,3,0,3,207.65036,-196.58,162.64203,55.785095,96.328766,-0.03760105,-0.094234645,0.14892462,852511,0,547,0.014236788,171
2000057000110,23000000001679,2000057000113,2000057000000,23,4.1794686,2000057000111,-1,2000057000109,2000057000110,-1,31,1.9795104,1.8073791,2.065576,1459,28.930544,3.4892795,28.399933,23383,3,0,3,230.03992,-186.93199,152.53645,54.912163,109.001884,0.052608863,-0.099992074,-0.002717221,852451,0,1679,0.008722913,587
2000057000111,22000000001816,2000057000113,2000057000000,22,4.5195556,2000057000112,-1,2000057000110,2000057000111,-1,25,1.3770508,1.3770508,1.3770508,1459,28.83648,3.5720115,28.339125,23383,3,0,3,221.86641,-175.61613,123.863884,43.49596,72.69872,0.10775898,-0.038195517,-0.02400875,856442,0,1816,0.010589533,648
2000057000112,21000000001371,2000057000113,2000057000000,21,4.888449,2000057000113,-1,2000057000111,2000057000112,-1,27,0.0,0.0,0.0,1459,28.65196,3.6905353,28.286604,23379,3,0,3,198.21649,-179.48904,113.795235,36.690834,60.764698,0.0876027,-0.07301905,-0.10558009,852511,0,1371,0.015560958,649
2000057000113,20000000001447,2000057000113,2000057000000,20,5.2888336,-1,-1,2000057000112,2000057000113,-1,22,0.516394,0.516394,0.516394,1459,28.549417,3.7549784,28.23194,23379,3,0,3,190.05063,-173.31201,89.9373,32.737213,60.699192,-0.01927453,-0.046676077,-0.16074705,856451,0,1447,0.0150142135,168
2000057000114,36000000000146,2000057000125,2000057000000,36,1.5036365,2000057000115,2000057000126,2000057000026,2000057000027,2000057000092,29,0.0,0.0,0.0,1463,30.33514,1.7665981,28.833405,23375,3,0,3,-122.51801,-290.5913,-31.124348,38.221077,67.8533,0.07510888,-0.1321972,-0.1870912,852241,0,146,0.015599395,920
2000057000115,35000000000321,2000057000125,2000057000000,35,1.6302707,2000057000116,-1,2000057000114,2000057000154,-1,20,0.0,0.0,0.0,1463,30.391253,1.9454306,28.846437,23375,3,0,3,-102.99452,-354.11615,46.49402,38.27247,64.11126,-0.0044505117,-0.13646615,-0.12534244,852494,0,321,0.011075896,394
2000057000116,34000000000301,2000057000125,2000057000000,34,1.766336,2000057000117,-1,2000057000115,2000057000155,-1,21,0.0,0.0,0.0,1460,30.446798,2.1616766,28.77962,23389,3,0,3,-20.334255,-402.43292,131.04391,37.09934,67.681656,0.0041133994,-0.1405228,-0.087549865,852494,0,301,0.011541259,869
2000057000117,33000000000294,2000057000125,2000057000000,33,1.9126327,2000057000118,-1,2000057000116,2000057000156,-1,25,0.0,0.0,0.0,1460,30.413446,2.4007697,28.683308,23389,3,0,3,88.853806,-386.0112,183.74196,44.030502,80.94737,-0.019260202,-0.04751939,-0.020095494,852494,0,294,0.008901849,541
2000057000118,32000000001667,2000057000125,2000057000000,32,2.0700274,2000057000119,-1,2000057000117,2000057000118,-1,40,3.9590209,3.9590209,4.3893495,1460,30.336054,2.5990632,28.583895,23389,3,0,3,131.65451,-318.07312,173.71147,43.539074,77.25085,-0.11080129,-0.0041948627,-0.07723403,852242,0,1667,0.01302515,79
2000057000119,31000000002351,2000057000125,2000057000000,31,2.2394855,2000057000120,-1,2000057000118,2000057000119,-1,42,2.9262328,2.6680357,3.18443,1460,30.273554,2.779771,28.505917,23389,3,0,3,143.1358,-274.86813,158.62474,43.466938,72.744156,-0.0149447005,-0.072512254,-0.14632118,852238,0,2351,0.016840728,42
2000057000120,30000000002021,2000057000125,2000057000000,30,2.422044,2000057000121,-1,2000057000119,2000057000120,-1,32,3.098364,3.098364,3.18443,1460,30.18717,2.934836,28.403675,23390,3,0,3,147.43037,-254.64835,148.94508,51.669857,83.13596,-0.006724489,-0.04037547,0.03360156,847926,0,2021,0.010690858,221
2000057000121,29000000001076,2000057000125,2000057000000,29,2.6188614,2000057000122,-1,2000057000120,2000057000197,-1,29,0.0,0.0,0.0,1460,30.091383,3.0779033,28.290085,23386,3,0,3,160.93736,-242.27174,145.58424,42.5233,75.41317,-0.03367274,-0.0749232,-0.0144361835,852233,0,1076,0.012390199,232
2000057000122,28000000001883,2000057000125,2000057000000,28,2.8311827,2000057000123,-1,2000057000121,2000057000122,-1,32,2.3237731,2.2377074,2.6680357,1460,29.965559,3.2073414,28.213005,23386,3,0,3,165.22354,-220.85126,127.70635,41.12,81.69978,0.09399157,-0.09045292,-0.05376937,852470,0,1883,0.014165457,206
2000057000123,27000000002237,2000057000125,2000057000000,27,3.060419,2000057000124,-1,2000057000122,2000057000123,-1,25,1.3770508,1.2909851,1.4631164,1460,29.841305,3.333237,28.151524,23386,3,0,3,166.61023,-211.98303,117.054,33.189285,62.377583,0.052123763,-0.02837185,0.039548945,852240,0,2237,0.013664306,98
2000057000124,26000000002771,2000057000125,2000057000000,26,3.3080978,2000057000125,-1,2000057000123,2000057000124,-1,26,1.032788,1.032788,1.2049193,1460,29.831327,3.4478986,28.099188,23386,3,0,3,156.20056,-201.34013,104.33376,34.331154,63.472946,0.09529632,-0.0068894764,0.03581466,852469,0,2771,0.013782496,169
2000057000125,25000000002648,2000057000125,2000057000000,25,3.575905,-1,-1,2000057000124,2000057000125,-1,25,1.3770508,1.3770508,1.4631164,1460,29.731579,3.5583408,28.023264,23386,3,0,3,146.95567,-197.27844,94.41621,35.59469,69.42707,0.08959266,-0.042283777,0.019094909,852236,0,2648,0.010713956,957
2000057000126,36000000000145,2000057000137,2000057000000,36,1.5036365,2000057000127,-1,2000057000026,2000057000027,2000057000114,34,0.0,0.0,0.0,1463,30.60266,1.9000682,28.742882,23375,3,0,3,-58.16978,-118.952545,-171.74998,38.55262,62.22306,0.006249854,-0.2337985,-0.5780886,852890,0,145,0.020242952,407
2000057000127,35000000001780,2000057000137,2000057000000,35,1.6302707,2000057000128,-1,2000057000126,2000057000127,-1,54,3.442627,3.3565612,3.442627,1460,30.656216,1.9811691,28.811083,23389,3,0,3,4.703003,-116.837616,-171.82123,38.631615,65.9446,0.05017586,-0.118779995,-0.5204747,875204,0,1780,0.025423985,802
2000057000128,34000000001987,2000057000137,2000057000000,34,1.766336,2000057000129,-1,2000057000127,2000057000128,-1,52,4.131152,3.7868896,4.131152,1460,30.621569,2.0042686,28.931063,23389,3,0,3,41.67485,-119.39301,-161.04535,42.043564,72.49349,0.010735291,-0.09559538,-0.6051932,876950,0,1987,0.025117503,744
2000057000129,33000000002122,2000057000137,2000057000000,33,1.9126327,2000057000130,-1,2000057000128,2000057000129,-1,50,4.217218,2.5819702,4.3032837,1460,30.616262,2.089953,29.011639,23389,3,0,3,64.903854,-116.8069,-143.1335,41.599888,73.2287,-0.018665697,-0.113113254,-0.50357264,852890,0,2122,0.023207597,864
2000057000130,32000000001977,2000057000137,2000057000000,32,2.0700274,2000057000131,-1,2000057000129,2000057000130,-1,52,2.6680357,2.5819702,2.6680357,1460,30.576092,2.1782072,29.078455,23389,3,0,3,76.2915,-115.72867,-131.24483,41.59081,70.64187,-0.00916646,-0.11802426,-0.41822523,852889,0,1977,0.023164848,448
2000057000131,31000000001877,2000057000137,2000057000000,31,2.2394855,2000057000132,-1,2000057000130,2000057000131,-1,50,2.5819702,2.5819702,2.5819702,1460,30.527859,2.227433,29.195547,23389,3,0,3,84.27878,-111.86016,-118.31778,40.50979,67.11557,-0.001287235,-0.16721371,-0.38459617,875203,0,1877,0.022548698,647
2000057000132,30000000002106,2000057000137,2000057000000,30,2.422044,2000057000133,-1,2000057000131,2000057000132,-1,42,3.2704954,3.18443,3.2704954,1460,30.4852,2.3105779,29.246336,23389,3,0,3,88.25748,-116.45941,-101.49902,44.532803,75.13155,-0.100918144,0.02582199,-0.12060794,875267,0,2106,0.015873283,86
2000057000133,29000000002321,2000057000137,2000057000000,29,2.6188614,2000057000134,-1,2000057000132,2000057000133,-1,38,2.840167,2.840167,2.840167,1460,30.452255,2.3734622,29.29377,23389,3,0,3,90.93794,-118.781784,-94.70071,47.35478,76.81291,-0.1445574,-0.004377193,0.02084946,875204,0,2321,0.01451694,912
2000057000134,28000000002585,2000057000137,2000057000000,28,2.8311827,2000057000135,-1,2000057000133,2000057000134,-1,31,2.4098387,2.3237731,2.4959044,1461,30.390078,2.4268694,29.354883,23417,3,0,3,100.74659,-111.79712,-84.64282,46.56173,72.55096,-0.14515667,-0.06547258,-0.0760821,875267,0,2585,0.012848805,885
2000057000135,27000000001377,2000057000137,2000057000000,27,3.060419,2000057000136,-1,2000057000134,2000057000135,-1,49,1.4631164,1.2909851,1.9795104,1461,30.311996,2.4985845,29.3784,23417,3,0,3,99.45292,-103.77685,-89.661354,40.666245,67.4997,0.07601005,-0.1844422,-0.5381282,852890,0,1377,0.023001345,329
2000057000136,26000000001818,2000057000137,2000057000000,26,3.3080978,2000057000137,-1,2000057000135,2000057000136,-1,26,0.60245967,0.60245967,0.60245967,1461,30.219698,2.5620213,29.387583,23416,3,0,3,97.87689,-87.485405,-78.050766,39.929955,51.728218,0.2677278,-0.53431505,-0.41061825,875269,0,1818,0.032377068,377
2000057000137,25000000001612,2000057000137,2000057000000,25,3.575905,-1,-1,2000057000136,2000057000137,-1,29,0.9467224,0.86065674,1.032788,1461,30.163149,2.494742,29.572508,23416,3,0,3,90.27144,-81.62823,-79.35239,42.81373,57.162334,0.18527551,-0.5518581,-0.39061865,852881,0,1612,0.023094293,575
2000057000138,38000000000178,2000057000150,2000057000000,38,1.2758462,2000057000139,-1,2000057000024,2000057000025,-1,32,0.0,0.0,0.0,1463,30.48437,1.7247198,28.618895,23375,3,0,3,-221.07022,-330.03122,135.73453,33.854282,62.726772,0.0060014934,0.08359216,-0.05708698,851469,0,178,0.016466085,42
2000057000139,37000000000167,2000057000150,2000057000000,37,1.3857181,2000057000140,-1,2000057000138,2000057000026,-1,22,0.0,0.0,0.0,1463,30.574244,1.9041336,28.571663,23375,3,0,3,-150.13818,-281.17502,48.809772,38.03159,58.13033,-0.022140736,-0.008008142,-0.09024403,876619,0,167,0.013218361,4
2000057000140,36000000000144,2000057000150,2000057000000,36,1.5036365,2000057000141,-1,2000057000139,2000057000027,2000057000126,35,0.0,0.0,0.0,1460,30.668732,2.0598707,28.556139,23389,3,0,3,-110.865,-237.87405,-2.4852698,37.48346,73.55756,0.042330265,-0.037478242,-0.1894002,876661,0,144,0.014942011,646
2000057000141,35000000002157,2000057000150,2000057000000,35,1.6302707,2000057000142,-1,2000057000140,2000057000141,-1,35,1.9795104,1.9795104,1.9795104,1460,30.721487,2.1957085,28.559156,23389,3,0,3,-73.675865,-212.72969,-27.744165,32.726265,66.395615,-0.05960421,-0.105740234,-0.11417723,851481,0,2157,0.015513209,99
2000057000142,34000000003024,2000057000150,2000057000000,34,1.766336,2000057000143,-1,2000057000141,2000057000142,-1,34,2.6680357,2.5819702,2.6680357,1460,30.745926,2.3061159,28.594671,23389,3,0,3,-49.32009,-199.33083,-37.637894,30.219534,64.02244,-0.040679786,0.0062313927,-0.12625867,851523,0,3024,0.019031186,858
2000057000143,33000000003052,2000057000150,2000057000000,33,1.9126327,2000057000144,-1,2000057000142,2000057000143,-1,33,2.065576,2.065576,2.4098387,1460,30.776718,2.3850465,28.624317,23389,3,0,3,-30.521599,-184.60912,-50.820953,36.998783,63.38659,-0.054845355,0.035541534,-0.04877291,876668,0,3052,0.020108562,143
2000057000144,32000000002862,2000057000150,2000057000000,32,2.0700274,2000057000145,-1,2000057000143,2000057000144,-1,36,1.9795104,1.9795104,2.065576,1460,30.760815,2.5385149,28.639837,23389,3,0,3,-16.184498,-169.288,-49.888557,37.97111,63.307537,-0.11046706,-0.029836439,-0.10664366,876616,0,2862,0.019361736,603
2000057000145,31000000002509,2000057000150,2000057000000,31,2.2394855,2000057000146,-1,2000057000144,2000057000145,-1,40,2.7541015,2.7541015,2.7541015,1460,30.786612,2.5877056,28.660244,23389,3,0,3,-4.8832703,-159.26782,-42.693855,41.003418,72.26704,-0.035502423,-0.12595451,-0.1252134,851477,0,2509,0.018563015,829
2000057000146,30000000002287,2000057000150,2000057000000,30,2.422044,2000057000147,-1,2000057000145,2000057000146,-1,42,2.840167,2.840167,2.840167,1460,30.772928,2.6925502,28.68679,23389,3,0,3,3.4368422,-151.34279,-43.05892,41.710133,71.96262,0.054989338,-0.120202005,-0.109211534,876661,0,2287,0.019375172,498
2000057000147,29000000002270,2000057000150,2000057000000,29,2.6188614,2000057000148,-1,2000057000146,2000057000147,-1,40,2.4959044,2.1516418,2.840167,1460,30.773743,2.8035996,28.72399,23389,3,0,3,7.5411477,-141.7579,-43.223495,41.521713,74.08586,0.082782276,-0.12792206,-0.0847802,876661,0,2270,0.016775727,54
2000057000148,28000000002153,2000057000150,2000057000000,28,2.8311827,2000057000149,-1,2000057000147,2000057000148,-1,39,2.4098387,2.4098387,2.4959044,1460,30.798147,2.8601477,28.721104,23389,3,0,3,11.102623,-130.42398,-39.971386,43.697727,73.7113,0.06549838,-0.12102952,-0.06912762,876667,0,2153,0.017217925,840
2000057000149,27000000002368,2000057000150,2000057000000,27,3.060419,2000057000150,-1,2000057000148,2000057000149,-1,33,2.065576,1.9795104,2.065576,1460,30.760567,2.9303443,28.7909,23391,3,0,3,14.396136,-120.905014,-40.657616,43.41047,73.7679,-0.026958946,-0.15367883,-0.08679055,851477,0,2368,0.012094641,840
2000057000150,26000000001910,2000057000150,2000057000000,26,3.3080978,-1,-1,2000057000149,2000057000150,-1,34,1.4631164,1.3770508,1.4631164,1460,30.771557,2.9935157,28.810404,23391,3,0,3,16.606693,-108.07393,-32.296688,39.18617,73.60019,-0.012144705,-0.16049875,-0.09574425,876668,0,1910,0.0156053025,613
2000057000151,39000000000176,2000057000201,2000057000000,39,1.173417,2000057000152,-1,2000057000023,2000057000024,-1,89,0.0,0.0,0.0,1463,30.404675,1.497987,28.897474,23375,3,0,3,262.2399,-333.2528,6.3370643,85.10603,126.43759,-0.2065539,-0.033225,0.034159437,852066,0,176,0.011525039,431
2000057000152,37000000000166,2000057000201,2000057000000,37,1.3857181,2000057000153,-1,2000057000151,2000057000026,2000057000139,340,0.0,0.0,0.0,1463,30.349857,1.8434885,28.7275,23375,3,0,3,-13.085919,-260.94885,64.66283,113.74748,190.03618,-0.25816524,-0.15995023,0.021638725,876926,0,166,0.018021764,308
2000057000153,36000000000143,2000057000201,2000057000000,36,1.5036365,2000057000154,-1,2000057000152,2000057000027,2000057000140,721,0.0,0.0,0.0,1460,30.344963,1.984068,28.69247,23389,3,0,3,30.668512,-235.90845,42.215534,115.707245,196.56001,-0.32634246,0.11197784,0.7489402,876926,0,143,0.03531043,21
2000057000154,35000000000320,2000057000201,2000057000000,35,1.6302707,2000057000155,-1,2000057000153,2000057000154,2000057000115,883,82.27878,77.37304,83.65583,1460,30.325636,2.10812,28.670517,23389,3,0,3,41.503407,-216.5506,10.9915,127.22465,203.24344,0.05503123,-0.26593328,0.27927896,876097,0,320,0.040330723,88
2000057000155,34000000000300,2000057000201,2000057000000,34,1.766336,2000057000156,-1,2000057000154,2000057000155,2000057000116,834,78.664024,75.56566,79.95501,1460,30.303999,2.1820765,28.657803,23389,3,0,3,50.798492,-209.88603,-4.4394236,130.85858,215.18205,0.23109879,-0.1693258,0.25479406,876922,0,300,0.033960152,178
2000057000156,33000000000293,2000057000201,2000057000000,33,1.9126327,2000057000157,-1,2000057000155,2000057000156,2000057000117,687,66.95909,63.60253,69.62713,1460,30.265844,2.2702065,28.674335,23388,3,0,3,50.41229,-188.18172,-33.174427,121.17685,197.16417,-0.19188248,-0.27762607,0.43605924,876972,0,293,0.033498764,593
2000057000157,32000000000318,2000057000193,2000057000000,32,2.0700274,2000057000158,2000057000194,2000057000156,2000057000157,-1,580,51.29514,48.54104,53.27465,1460,30.240276,2.3599458,28.707312,23388,3,0,3,42.565548,-167.11374,-60.310535,114.59241,196.87306,-0.84811574,-0.51773185,0.57458985,876972,0,318,0.028250633,917
2000057000158,31000000000301,2000057000193,2000057000000,31,2.2394855,2000057000159,-1,2000057000157,2000057000158,-1,527,46.389397,44.323822,47.68038,1460,30.227142,2.4764504,28.76551,23388,3,0,3,49.60078,-165.27959,-62.5095,107.7871,188.90416,-0.91911054,-0.4019013,0.6506769,876926,0,301,0.02789356,959
2000057000159,30000000000262,2000057000193,2000057000000,30,2.422044,2000057000160,-1,2000057000158,2000057000159,-1,533,42.860703,40.278732,44.75415,1460,30.207323,2.5957782,28.815578,23388,3,0,3,52.523453,-164.10033,-70.277,103.54192,181.71394,-0.7382545,-0.4508625,0.59423655,876926,0,262,0.030826341,917
2000057000160,29000000000244,2000057000193,2000057000000,29,2.6188614,2000057000161,-1,2000057000159,2000057000160,-1,532,42.688572,41.827915,43.807426,1460,30.183067,2.6964595,28.874315,23388,3,0,3,52.430378,-162.65935,-70.18264,109.941246,186.31697,-0.90101963,-0.46846816,0.57889664,851229,0,244,0.030259842,337
2000057000161,28000000000204,2000057000193,2000057000000,28,2.8311827,2000057000162,-1,2000057000160,2000057000161,-1,529,42.688572,42.51644,43.54923,1460,30.141403,2.7453008,28.9139,23388,3,0,3,52.507412,-159.03914,-68.83395,120.822784,199.27902,-1.1089536,-0.46564648,0.615488,876972,0,204,0.026396818,384
2000057000162,27000000000195,2000057000191,2000057000000,27,3.060419,2000057000163,2000057000192,2000057000161,2000057000162,-1,458,40.881195,40.622997,41.569717,1460,30.103033,2.8482115,28.93968,23388,3,0,3,46.539352,-142.25311,-68.86954,126.799164,205.55951,-0.5066236,-0.24091788,0.27126762,876918,0,195,0.021417601,771
2000057000163,26000000000170,2000057000191,2000057000000,26,3.3080978,2000057000164,-1,2000057000162,2000057000163,-1,413,33.049217,32.79102,33.651676,1460,30.105972,2.9785645,28.98213,23390,3,0,3,49.592705,-135.90778,-59.572636,113.51919,185.8228,-0.32724896,-0.54315144,0.19440009,876931,0,170,0.02447585,479
2000057000164,25000000000147,2000057000181,2000057000000,25,3.575905,2000057000165,2000057000182,2000057000163,2000057000164,2000057000182,277,16.868872,16.782806,18.073792,1460,30.101398,3.0301094,29.065014,23390,3,0,3,13.825365,-118.10064,-65.04551,94.94672,161.11467,-0.4377626,-0.18125504,-0.016801342,876079,0,147,0.020759277,5
2000057000165,24000000000146,2000057000180,2000057000000,24,3.8656828,2000057000166,2000057000181,2000057000164,2000057000165,2000057000183,209,14.200836,14.028705,14.889361,1460,30.103401,3.0862803,29.12492,23390,3,0,3,14.449562,-101.3153,-50.847157,89.456436,147.27032,-0.6906558,0.09854103,-0.0796091,876933,0,146,0.018015528,991
2000057000166,23000000000159,2000057000180,2000057000000,23,4.1794686,2000057000167,-1,2000057000165,2000057000166,2000057000188,187,11.274603,11.188538,12.823785,1460,30.09066,3.1352434,29.159426,23390,3,0,3,25.18118,-85.68287,-48.218964,86.57804,143.4808,-0.42816058,-0.22318974,0.0062758178,876920,0,159,0.017582633,692
2000057000167,22000000000216,2000057000177,2000057000000,22,4.5195556,2000057000168,2000057000178,2000057000166,2000057000167,-1,129,10.8442745,10.8442745,11.188538,1460,30.1011,3.1481936,29.218292,23390,3,0,3,21.1129,-64.943245,-43.822563,87.82538,147.1871,0.06253476,0.09520586,-0.09867222,851216,0,216,0.012584404,821
2000057000168,21000000000186,2000057000177,2000057000000,21,4.888449,2000057000169,-1,2000057000167,2000057000168,-1,121,9.553289,9.553289,9.725421,1460,30.068184,3.175895,29.219473,23390,3,0,3,30.886322,-64.56562,-34.622013,88.43911,147.75452,0.1593896,0.07925455,-0.04715886,876927,0,186,0.011159205,238
2000057000169,20000000000195,2000057000177,2000057000000,20,5.2888336,2000057000170,-1,2000057000168,2000057000169,-1,90,7.831976,7.831976,8.090173,1460,30.057825,3.1963632,29.25658,23390,3,0,3,28.055876,-67.802,-36.52479,88.291115,142.05615,0.04161949,-0.018753733,-0.044751048,876927,0,195,0.008600502,818
2000057000170,19000000000150,2000057000177,2000057000000,19,5.7238646,2000057000171,-1,2000057000169,2000057000170,-1,80,5.4221373,5.3360715,5.7664,1460,30.04894,3.2335312,29.278465,23390,3,0,3,38.90216,-67.51121,-30.495209,80.65863,136.99374,0.078755826,-0.062323663,-0.07275188,876927,0,150,0.0085409945,42
2000057000171,18000000000160,2000057000177,2000057000000,18,6.1968336,2000057000172,-1,2000057000170,2000057000171,-1,60,3.9590209,3.9590209,3.9590209,1461,30.019966,3.2721028,29.320173,23418,3,0,3,30.825243,-67.0823,-35.403225,70.04886,118.92273,-0.034857564,-0.02359622,0.012126875,876927,0,160,0.008810592,631
2000057000172,17000000000177,2000057000177,2000057000000,17,6.7115865,2000057000173,-1,2000057000171,2000057000172,-1,42,3.5286925,3.5286925,3.7868896,1461,30.000036,3.3008823,29.326393,23418,3,0,3,31.845873,-60.076183,-41.931805,62.300472,111.70437,-0.031353958,0.032559074,0.0065032323,876927,0,177,0.007097248,494
2000057000173,16000000000077,2000057000177,2000057000000,16,7.272188,2000057000174,-1,2000057000172,2000057000173,-1,50,3.2704954,3.2704954,3.8729553,1461,30.01081,3.3526165,29.32571,23418,3,0,3,32.74141,-61.437943,-38.87824,75.83694,125.784775,0.023158902,0.0757257,-0.034568843,876927,0,77,0.006713042,999
2000057000174,15000000000056,2000057000177,2000057000000,15,7.8832035,2000057000175,-1,2000057000173,2000057000174,-1,46,3.6147583,3.6147583,3.7008238,1461,29.980196,3.3748727,29.341253,23418,3,0,3,35.616604,-57.541603,-30.256077,81.87243,136.10258,0.0076756836,0.07099646,-0.06426835,851225,0,56,0.005481252,885
2000057000175,14000000000048,2000057000177,2000057000000,14,8.549912,2000057000176,-1,2000057000174,2000057000175,-1,34,2.065576,2.065576,2.3237731,1461,29.988941,3.396228,29.376423,23418,3,0,3,44.529305,-57.42742,-20.667986,75.87497,120.43828,9.033149E-4,0.019104207,0.009263273,851218,0,48,0.004785538,226
2000057000176,13000000000024,2000057000177,2000057000000,13,9.277915,2000057000177,-1,2000057000175,2000057000176,-1,32,1.6352477,1.6352477,1.9795104,1461,29.899176,3.4076,29.393738,23418,3,0,3,37.689964,-54.696888,-21.246159,67.27014,108.630295,0.014456275,-0.0038463557,0.013540655,851225,0,24,0.0058786124,0
2000057000177,12000000000027,2000057000177,2000057000000,12,10.073462,-1,-1,2000057000176,2000057000177,-1,21,1.6352477,1.6352477,1.8073791,1461,29.8837,3.457057,29.38264,23418,3,0,3,54.965862,-62.095993,-11.057493,73.37876,123.03743,-0.03845879,0.019371921,0.0040743495,851217,0,27,0.0031266592,489
2000057000178,22000000001165,2000057000180,2000057000000,22,4.5195556,2000057000179,-1,2000057000166,2000057000178,-1,35,1.8073791,1.7213135,1.8934448,1460,30.130867,3.3034534,28.884007,23390,3,0,3,-3.413933,-209.0064,-42.916386,55.701256,88.35789,-0.18308444,0.096662074,-0.025515048,851134,0,1165,0.010532819,710
2000057000179,21000000001178,2000057000180,2000057000000,21,4.888449,2000057000180,-1,2000057000178,2000057000179,-1,30,2.3237731,2.3237731,2.3237731,1460,30.15672,3.4397907,28.926298,23390,3,0,3,0.99655586,-199.7629,-56.634075,61.233265,99.65634,-0.06531408,0.061590202,5.683036E-4,851135,0,1178,0.006189244,417
2000057000180,20000000001200,2000057000180,2000057000000,20,5.2888336,-1,-1,2000057000179,2000057000180,-1,23,1.8073791,1.8073791,1.8934448,1460,30.157284,3.5385199,28.975193,23390,3,0,3,-2.8323,-193.71883,-60.216152,60.2622,91.787926,-0.12834734,0.0856179,-0.034014992,851126,0,1200,0.006198461,766
2000057000181,24000000001244,2000057000181,2000057000000,24,3.8656828,-1,-1,2000057000164,2000057000181,-1,28,0.9467224,0.9467224,0.9467224,1460,30.045546,2.9062865,29.273815,23388,3,0,3,73.92556,-45.933533,-118.96675,45.545425,56.725807,-0.07157139,-0.11197636,-0.10268656,851205,0,1244,0.01848243,475
2000057000182,25000000000148,2000057000191,2000057000000,25,3.575905,2000057000183,-1,2000057000163,2000057000164,-1,64,0.0,0.0,0.0,1460,29.994747,2.9446452,28.958977,23390,3,0,3,152.62947,-162.83101,-18.947783,63.321365,92.88446,-0.41184223,-0.1453357,-0.38238987,851818,0,148,0.01494233,314
2000057000183,24000000000147,2000057000191,2000057000000,24,3.8656828,2000057000184,-1,2000057000182,2000057000165,-1,81,0.0,0.0,0.0,1460,29.85678,3.1575727,28.968473,23390,3,0,3,122.64494,-176.06128,-43.702076,64.291595,94.464264,-0.15070719,-0.11560288,-0.55375034,852962,0,147,0.017609876,480
2000057000184,23000000000929,2000057000187,2000057000000,23,4.1794686,2000057000185,2000057000188,2000057000183,2000057000184,-1,48,2.840167,2.840167,3.098364,1460,29.780539,3.2266045,28.987164,23390,3,0,3,149.11003,-140.6785,-81.77367,56.463394,87.88853,-0.05371684,-0.049034804,-0.025052562,852972,0,929,0.01324799,9
2000057000185,22000000000794,2000057000187,2000057000000,22,4.5195556,2000057000186,-1,2000057000184,2000057000185,-1,44,2.840167,2.840167,2.840167,1460,29.684214,3.273184,29.056479,23390,3,0,3,127.39674,-138.45677,-80.35067,57.064964,91.69423,0.033770874,0.040811136,0.037396654,852972,0,794,0.011756579,82
2000057000186,21000000000986,2000057000187,2000057000000,21,4.888449,2000057000187,-1,2000057000185,2000057000186,-1,33,1.3770508,1.3770508,1.3770508,1460,29.632719,3.3403385,29.098562,23390,3,0,3,117.2433,-154.69254,-76.23977,49.658024,77.769646,0.04411247,0.09853672,-0.15310252,852967,0,986,0.011775005,126
2000057000187,20000000001323,2000057000187,2000057000000,20,5.2888336,-1,-1,2000057000186,2000057000187,-1,22,0.60245967,0.60245967,0.60245967,1460,29.609686,3.4303033,29.138803,23390,3,0,3,104.28865,-140.7919,-86.44464,46.71017,72.40747,-0.05526052,0.017928043,-0.117581695,852965,0,1323,0.009815158,250
2000057000188,23000000000160,2000057000191,2000057000000,23,4.1794686,2000057000189,-1,2000057000183,2000057000166,-1,31,0.0,0.0,0.0,1460,29.881615,3.184583,28.99839,23390,3,0,3,72.92136,-224.02127,-22.21932,46.70991,84.17602,-0.08709244,0.052782502,-0.014072093,851149,0,160,0.0110847205,38
2000057000189,22000000000714,2000057000191,2000057000000,22,4.5195556,2000057000190,-1,2000057000188,2000057000189,-1,34,2.5819702,2.4098387,2.7541015,1460,29.848145,3.2887402,28.987843,23390,3,0,3,68.65969,-220.13902,-52.35525,54.57495,94.89345,-0.119262844,0.04668307,-0.01990225,852985,0,714,0.008020224,112
2000057000190,21000000000679,2000057000191,2000057000000,21,4.888449,2000057000191,-1,2000057000189,2000057000190,-1,37,2.065576,2.065576,2.065576,1460,29.825058,3.4148426,29.00104,23390,3,0,3,60.202133,-216.94395,-71.05242,55.92119,95.15329,-0.17050438,0.029353214,-0.08939555,852985,0,679,0.008826811,465
2000057000191,20000000001377,2000057000191,2000057000000,20,5.2888336,-1,-1,2000057000190,2000057000191,-1,23,1.549182,1.549182,1.549182,1460,29.786854,3.5616708,29.056963,23390,3,0,3,58.927853,-223.01721,-79.70663,47.455425,83.89998,0.07374044,0.07412978,-0.0030126157,851159,0,1377,0.0077657243,573
2000057000192,27000000001727,2000057000193,2000057000000,27,3.060419,2000057000193,-1,2000057000161,2000057000192,-1,32,0.60245967,0.60245967,0.60245967,1460,29.960737,2.8498945,28.666243,23388,3,0,3,83.50392,-284.9655,4.2954926,40.018463,58.73123,-0.21708833,0.21993236,0.25937292,853048,0,1727,0.020114325,682
2000057000193,26000000002657,2000057000193,2000057000000,26,3.3080978,-1,-1,2000057000192,2000057000193,-1,21,1.032788,1.032788,1.032788,1460,29.94003,2.9548912,28.738926,23390,3,0,3,106.86889,-278.32513,-31.287529,45.093098,61.016785,-0.04471983,0.08512949,0.08520872,853036,0,2657,0.011775836,76
2000057000194,32000000001500,2000057000201,2000057000000,32,2.0700274,2000057000195,-1,2000057000156,2000057000194,-1,62,3.5286925,3.442627,3.7868896,1460,30.139261,2.5913177,28.536152,23388,3,0,3,137.11366,-293.72556,124.37081,39.6034,73.17592,0.06984547,0.28917113,0.09572203,852328,0,1500,0.02319203,486
2000057000195,31000000001602,2000057000201,2000057000000,31,2.2394855,2000057000196,-1,2000057000194,2000057000195,-1,66,3.0122986,3.0122986,3.0122986,1460,30.049618,2.7618375,28.490028,23388,3,0,3,113.10664,-258.9369,94.021736,45.752113,79.31539,0.13845931,0.12943745,0.0010781633,852330,0,1602,0.02208078,303
2000057000196,30000000002288,2000057000201,2000057000000,30,2.422044,2000057000197,-1,2000057000195,2000057000196,-1,41,3.442627,3.18443,3.442627,1460,29.991976,2.890745,28.459215,23388,3,0,3,109.534256,-231.46867,70.38138,44.579338,78.31096,0.014095609,0.13624656,-0.16598618,852330,0,2288,0.015404639,339
2000057000197,29000000001075,2000057000201,2000057000000,29,2.6188614,2000057000198,-1,2000057000196,2000057000197,2000057000121,32,2.7541015,2.7541015,2.840167,1460,29.902338,3.0183368,28.403765,23390,3,0,3,99.93063,-216.10527,63.37577,46.737385,85.41766,-0.044316486,-0.02070158,0.0073240562,852105,0,1075,0.009584449,474
2000057000198,28000000002514,2000057000201,2000057000000,28,2.8311827,2000057000199,-1,2000057000197,2000057000198,-1,31,2.065576,1.8934448,2.4959044,1460,29.892605,3.1473558,28.367971,23390,3,0,3,89.7393,-200.0696,46.49086,44.584145,67.526474,-0.057406336,0.06304926,-0.06942256,852330,0,2514,0.013246529,268
2000057000199,27000000002121,2000057000201,2000057000000,27,3.060419,2000057000200,-1,2000057000198,2000057000199,-1,35,0.0,0.0,0.0,1460,29.865017,3.2738454,28.328775,23390,3,0,3,85.29478,-196.27444,39.242165,35.264862,59.160244,-0.057196088,0.042597085,-0.037687432,852221,0,2121,0.021005727,720
2000057000200,26000000003089,2000057000201,2000057000000,26,3.3080978,2000057000201,-1,2000057000199,2000057000200,-1,21,0.9467224,0.9467224,1.032788,1460,29.767584,3.3439949,28.330328,23390,3,0,3,73.5329,-186.14948,33.061214,28.758587,56.170692,-0.12058569,0.02632736,-0.08215511,852323,0,3089,0.014899376,659
2000057000201,25000000002377,2000057000201,2000057000000,25,3.575905,-1,-1,2000057000200,2000057000201,-1,25,0.86065674,0.86065674,0.86065674,1460,29.667477,3.4219959,28.32705,23390,3,0,3,76.28395,-176.55669,25.028296,31.19824,59.383404,-0.076054044,-0.06558433,0.010790475,852329,0,2377,0.015105363,544
2000057000202,43000000003375,2000057000208,2000057000000,43,0.8276991,2000057000203,-1,2000057000019,2000057000202,-1,24,2.3237731,1.3770508,1.9795104,1463,30.70377,1.0124694,29.184727,23375,3,0,3,188.7473,-486.15637,-296.9295,23.806936,46.403076,-0.1401028,-0.028076053,-2.4370858E-4,18829455,0,3375,0.027186478,566
2000057000203,42000000004057,2000057000208,2000057000000,42,0.9054624,2000057000204,-1,2000057000202,2000057000203,-1,24,2.1516418,2.1516418,2.1516418,1462,30.60932,1.2317458,29.330591,23403,3,0,3,178.29955,-469.76022,-260.6365,28.722439,53.400673,-0.15025018,0.059333097,0.01105534,18829488,0,4057,0.019187132,171
2000057000204,41000000004141,2000057000208,2000057000000,41,0.98870814,2000057000205,-1,2000057000203,2000057000204,-1,25,2.065576,1.9795104,1.9795104,1462,30.52423,1.4638277,29.453173,23403,3,0,3,168.02408,-444.7966,-232.35555,30.664078,55.734966,-0.16989383,0.012306156,-0.04441878,18829488,0,4141,0.0154902255,397
2000057000205,40000000004264,2000057000208,2000057000000,40,1.0778745,2000057000206,-1,2000057000204,2000057000205,-1,24,1.8934448,1.8934448,1.8934448,1462,30.436914,1.6942205,29.581017,23403,3,0,3,161.21143,-424.7182,-211.05219,29.556923,54.19883,-0.14872514,-0.025848642,-0.0014133024,18829430,0,4264,0.022411907,404
2000057000206,39000000004116,2000057000208,2000057000000,39,1.173417,2000057000207,-1,2000057000205,2000057000206,-1,25,0.9467224,0.774591,0.9467224,1462,30.377996,1.9249985,29.690145,23403,3,0,3,158.20302,-407.7367,-196.34988,25.77614,46.905582,-0.10440035,-0.095984705,0.017752063,18829429,0,4116,0.026760336,21
2000057000207,38000000004340,2000057000208,2000057000000,38,1.2758462,2000057000208,-1,2000057000206,2000057000207,-1,23,0.516394,0.516394,0.516394,1461,30.228088,2.1635525,29.760668,23416,3,0,3,151.28125,-381.80774,-183.39871,24.243156,42.81237,-0.012177423,-0.089387424,0.029366298,18829424,0,4340,0.0338652,370
2000057000208,37000000004623,2000057000208,2000057000000,37,1.3857181,-1,-1,2000057000207,2000057000208,-1,20,0.0,0.0,0.0,1461,30.147346,2.3870578,29.876913,23416,3,0,3,153.2886,-369.33456,-175.5242,21.440296,38.683285,-0.06006719,-0.08638788,0.09230325,18829425,0,4623,0.03286655,905
2000057000209,46000000000236,2000057000209,2000057000000,46,0.6235901,-1,2000057000210,2000057000016,2000057000017,-1,20,0.0,0.0,0.0,1463,31.12917,0.31396714,28.656746,23373,3,0,3,431.11017,-338.72348,-289.30472,33.644707,46.746902,0.055337094,0.020095583,0.28545472,18829491,0,236,0.019465353,271
2000057000210,46000000000235,2000057000233,2000057000000,46,0.6235901,2000057000211,-1,2000057000016,2000057000017,2000057000209,24,0.0,0.0,0.0,14922,31.381968,0.2718984,28.90567,51460,3,0,3,280.62878,-257.74826,-251.22621,26.921253,54.431274,0.14482874,-0.03655269,-0.038336467,856462,0,235,0.018181464,964
2000057000211,45000000000243,2000057000233,2000057000000,45,0.6871088,2000057000212,-1,2000057000210,2000057000018,-1,25,0.0,0.0,0.0,1463,31.234907,0.38186193,29.01987,23373,3,0,3,352.2251,-292.28003,-228.01544,26.29948,58.96748,0.10305044,-0.09503949,-0.0016694259,856462,0,243,0.014899192,468
2000057000212,44000000000236,2000057000233,2000057000000,44,0.75503564,2000057000213,-1,2000057000211,2000057000019,-1,26,0.0,0.0,0.0,1463,31.056168,0.53893536,29.114452,23373,3,0,3,401.99176,-312.11264,-178.93741,29.8998,62.64903,0.05024643,-0.10438614,0.029974706,862201,0,236,0.01465471,148
2000057000213,43000000003031,2000057000233,2000057000000,43,0.8276991,2000057000214,-1,2000057000212,2000057000213,-1,27,2.9262328,2.6680357,2.840167,1463,30.859241,0.6877412,29.189663,23373,3,0,3,427.0945,-327.0708,-120.78209,37.231476,75.542114,0.0599464,-0.10394952,0.009720838,862201,0,3031,0.010932907,66
2000057000214,42000000002139,2000057000233,2000057000000,42,0.9054624,2000057000215,-1,2000057000213,2000057000214,-1,24,4.131152,3.7008238,4.0450864,1463,30.627602,0.857827,29.238623,23373,3,0,3,434.5723,-346.35965,-66.72694,35.178715,64.106224,0.19177748,-0.0891337,0.058351427,862200,0,2139,0.012974292,328
2000057000215,41000000000189,2000057000233,2000057000000,41,0.98870814,2000057000216,-1,2000057000214,2000057000022,-1,27,0.0,0.0,0.0,1463,30.40371,1.032788,29.268833,23375,3,0,3,432.8894,-362.24957,-22.155712,33.326668,66.84724,0.08062113,-0.07234234,0.01613774,862197,0,189,0.012086422,88
2000057000216,40000000003291,2000057000233,2000057000000,40,1.0778745,2000057000217,-1,2000057000215,2000057000216,-1,27,2.7541015,2.4959044,2.7541015,1463,30.19505,1.2378529,29.260042,23374,3,0,3,419.38663,-365.69168,23.320477,27.157316,63.373882,0.08646893,-0.057844725,0.025007814,862197,0,3291,0.016347079,319
2000057000217,39000000002844,2000057000233,2000057000000,39,1.173417,2000057000218,-1,2000057000216,2000057000217,-1,25,2.6680357,2.4959044,2.6680357,1463,29.96931,1.4221232,29.248833,23374,3,0,3,403.51935,-366.83322,57.465763,30.814993,65.64746,0.11732818,-0.0047340174,0.031549204,862197,0,2844,0.012583413,743
2000057000218,38000000003162,2000057000233,2000057000000,38,1.2758462,2000057000219,-1,2000057000217,2000057000218,-1,25,3.098364,2.9262328,3.098364,1463,29.760965,1.6335996,29.20369,23374,3,0,3,376.32388,-361.20044,92.5016,39.15339,78.77131,0.123752244,-0.009193131,-0.028069386,862207,0,3162,0.00919875,977
2000057000219,37000000003005,2000057000233,2000057000000,37,1.3857181,2000057000220,-1,2000057000218,2000057000219,-1,26,2.4959044,2.4959044,2.4959044,1463,29.55763,1.8275073,29.147404,23374,3,0,3,354.23837,-355.6987,108.95762,34.31571,72.033295,0.13142791,-0.044391032,-0.006035355,856463,0,3005,0.011918972,916
2000057000220,36000000003596,2000057000233,2000057000000,36,1.5036365,2000057000221,-1,2000057000219,2000057000220,-1,29,2.4098387,2.4098387,2.4098387,1460,29.369377,2.0215178,29.08993,23388,3,0,3,332.16998,-348.939,130.22168,33.613087,69.038765,0.12642936,-0.050637364,0.010965343,862197,0,3596,0.01709498,154
2000057000221,35000000002842,2000057000233,2000057000000,35,1.6302707,2000057000222,-1,2000057000220,2000057000221,-1,28,2.9262328,2.9262328,2.9262328,1459,29.175997,2.1999502,28.986153,23381,3,0,3,307.91763,-337.69058,145.31348,33.553627,65.44664,0.11498352,-0.018503515,-0.005165107,862197,0,2842,0.0152509315,789
2000057000222,34000000003171,2000057000233,2000057000000,34,1.766336,2000057000223,-1,2000057000221,2000057000222,-1,29,2.4098387,2.2377074,2.4098387,1459,28.998232,2.4015398,28.912735,23381,3,0,3,281.99115,-319.4329,154.55522,43.782036,83.7129,0.09433484,-0.122875825,0.13305905,856463,0,3171,0.00885964,528
2000057000223,33000000003575,2000057000233,2000057000000,33,1.9126327,2000057000224,-1,2000057000222,2000057000223,-1,25,2.4959044,2.4098387,2.4959044,1459,28.855768,2.5744898,28.828386,23381,3,0,3,255.58255,-301.7881,151.29707,39.01111,72.31096,0.052091666,-0.037170686,0.048894618,856463,0,3575,0.011020438,158
2000057000224,32000000003727,2000057000233,2000057000000,32,2.0700274,2000057000225,-1,2000057000223,2000057000224,-1,25,1.8073791,1.8073791,1.8934448,1459,28.700163,2.7585247,28.752932,23381,3,0,3,236.82397,-280.19452,150.37294,35.260284,69.801056,0.084496304,-0.005131076,0.06507722,856463,0,3727,0.011346619,10
2000057000225,31000000003986,2000057000233,2000057000000,31,2.2394855,2000057000226,-1,2000057000224,2000057000225,-1,22,1.8934448,1.8934448,1.8934448,1459,28.566738,2.914068,28.645481,23381,3,0,3,221.57536,-257.55203,146.1434,37.08152,67.305084,0.048814233,0.005120126,0.030915216,861857,0,3986,0.009805176,227
2000057000226,30000000004131,2000057000233,2000057000000,30,2.422044,2000057000227,-1,2000057000225,2000057000226,-1,21,1.6352477,1.549182,1.7213135,1459,28.44191,3.0605881,28.564552,23383,3,0,3,205.42145,-241.36594,144.66595,33.847572,67.61366,0.058161285,-0.026403636,0.009154602,856463,0,4131,0.009642827,503
2000057000227,29000000003557,2000057000233,2000057000000,29,2.6188614,2000057000228,-1,2000057000226,2000057000227,-1,23,1.2909851,1.2909851,1.3770508,1459,28.338924,3.2171147,28.473585,23383,3,0,3,195.42484,-223.3196,136.73064,35.591373,59.60107,-0.027993174,0.008774957,0.03273608,861857,0,3557,0.014400001,33
2000057000228,28000000003609,2000057000233,2000057000000,28,2.8311827,2000057000229,-1,2000057000227,2000057000228,-1,21,1.3770508,1.2909851,1.3770508,1459,28.243477,3.3439555,28.395723,23382,3,0,3,179.43584,-206.08281,130.78654,34.74092,60.585167,-0.029775364,-0.018303901,0.01889006,861857,0,3609,0.013969875,24
2000057000229,27000000003395,2000057000233,2000057000000,27,3.060419,2000057000230,-1,2000057000228,2000057000229,-1,21,0.86065674,0.86065674,0.86065674,1459,28.12954,3.4696922,28.326975,23382,3,0,3,169.77078,-192.74844,126.14508,32.171387,55.516766,-0.028845757,-0.032442093,0.006018426,861857,0,3395,0.01552528,991
2000057000230,26000000003344,2000057000233,2000057000000,26,3.3080978,2000057000231,-1,2000057000229,2000057000230,-1,20,0.9467224,0.6885254,0.9467224,1459,28.006718,3.5403316,28.256367,23378,3,0,3,160.94878,-177.21698,117.230995,31.215864,57.217407,-0.025539743,0.024579734,0.06925733,856463,0,3344,0.012551704,28
2000057000231,25000000003199,2000057000233,2000057000000,25,3.575905,2000057000232,-1,2000057000230,2000057000231,-1,20,1.2909851,1.2049193,1.3770508,1459,27.934586,3.6297107,28.174696,23378,3,0,3,158.54489,-168.33159,117.35702,40.348312,68.55273,8.0347783E-4,0.041407265,0.035847798,861857,0,3199,0.008868136,690
2000057000232,24000000002918,2000057000233,2000057000000,24,3.8656828,2000057000233,-1,2000057000231,2000057000232,-1,20,1.2909851,1.2909851,1.2909851,1459,27.853996,3.7171366,28.10822,23378,3,0,3,151.40628,-159.38094,111.946,42.612755,77.64567,0.044176538,0.009026964,0.017781883,856412,0,2918,0.00790854,741
2000057000233,23000000002385,2000057000233,2000057000000,23,4.1794686,-1,-1,2000057000232,2000057000233,-1,22,1.7213135,1.7213135,1.8073791,1459,27.781343,3.7914634,28.06733,23378,3,0,3,141.59813,-151.76225,103.47356,43.322372,80.75572,0.07411181,0.027283082,-0.039453153,862201,0,2385,0.008253784,282
2000057000234,49000200005219,2000057000240,2000057000000,49,0.45657724,2000057000235,-1,2000057000013,2000057000234,-1,20,1.9795104,1.7213135,1.9795104,9649,31.784603,62.451817,29.005455,126358,3,6,3,20.723711,-545.70776,-17.299965,22.908493,53.250324,0.06040932,0.026557421,-0.0016672503,880131,2,5219,0.017430486,13
2000057000235,48000300006450,2000057000240,2000057000000,48,0.5085914,2000057000236,-1,2000057000234,2000057000235,-1,20,1.8934448,1.6352477,1.8073791,14922,31.777374,0.17543426,29.018696,51460,3,0,3,48.45309,-529.5576,1.57116,23.334259,48.860992,0.058671076,0.036604382,-0.0015372627,880131,3,6450,0.019717343,120
2000057000236,47000300006644,2000057000240,2000057000000,47,0.5641766,2000057000237,-1,2000057000235,2000057000236,-1,20,1.6352477,1.6352477,1.6352477,14922,31.739708,0.39654315,29.01619,51460,3,0,3,70.6647,-514.25256,12.007162,27.541151,65.68119,0.05914614,0.039276857,-0.0018410431,880131,3,6644,0.009438012,359
2000057000237,46000300006600,2000057000240,2000057000000,46,0.6235901,2000057000238,-1,2000057000236,2000057000237,-1,20,1.6352477,1.6352477,1.6352477,14922,31.701433,0.617671,29.001253,51460,3,0,3,93.13126,-488.2233,21.798346,29.814934,63.693806,0.055733185,0.048832648,-0.0076736254,880167,3,6600,0.011414399,83
2000057000238,45000300006607,2000057000240,2000057000000,45,0.6871088,2000057000239,-1,2000057000237,2000057000238,-1,20,1.6352477,1.4631164,1.6352477,14922,31.654463,0.84247005,28.991747,51460,3,0,3,110.577446,-472.89813,28.951973,26.83588,55.899372,0.055330656,0.053740725,-0.013060897,880167,3,6607,0.015091981,918
2000057000239,44000300006479,2000057000240,2000057000000,44,0.75503564,2000057000240,-1,2000057000238,2000057000239,-1,20,1.8073791,1.4631164,1.8073791,14922,31.600494,1.0730666,28.974377,51462,3,0,3,126.45041,-448.91617,36.543743,22.364458,52.65458,0.056315985,0.05655833,-0.01748097,880167,3,6479,0.016281953,956
2000057000240,43000300006618,2000057000240,2000057000000,43,0.8276991,-1,-1,2000057000239,2000057000240,-1,20,1.6352477,1.6352477,1.6352477,14922,31.534496,1.2861774,28.951813,51462,3,0,3,140.48433,-425.65375,44.135235,26.968372,57.57109,0.060036022,0.053303543,-0.0185034,880131,3,6618,0.013231931,592
2000057000241,53000200000540,2000057000244,2000057000000,53,0.2798018,2000057000242,-1,2000057000009,2000057000010,-1,20,0.0,0.0,0.0,9649,31.59203,61.96807,28.715113,126358,3,6,3,54.972553,-453.7954,157.02219,30.891296,71.79744,0.0239718,-0.07860178,0.05706523,856462,2,540,0.011427558,602
2000057000242,51000200000499,2000057000244,2000057000000,51,0.36234027,2000057000243,-1,2000057000241,2000057000012,-1,20,0.0,0.0,0.0,9649,31.593882,62.262295,28.63422,126358,3,6,3,-14.597733,-317.77814,61.547775,24.303947,53.905487,0.04672624,-0.08998129,0.04682115,862201,2,499,0.018817352,154
2000057000243,50000100000323,2000057000244,2000057000000,50,0.40789944,2000057000244,-1,2000057000242,2000057000013,-1,20,0.0,0.0,0.0,9649,31.591448,62.360306,28.627943,126358,3,6,3,-11.044315,-265.8924,-15.236146,27.988613,61.789925,0.045210887,-0.079957314,0.051922362,856414,1,323,0.014419173,407
2000057000244,49000000000260,2000057000244,2000057000000,49,0.45657724,-1,-1,2000057000243,2000057000014,-1,21,0.0,0.0,0.0,9649,31.58462,62.466465,28.647985,126358,3,6,3,32.45793,-228.77617,-97.099655,34.964256,69.3088,0.11416199,-0.04235795,0.067137845,862201,0,260,0.0093281055,243
2000057000245,56000200002999,2000057000251,2000057000000,56,0.17489761,2000057000246,-1,2000057000006,2000057000245,-1,20,2.4098387,0.9467224,1.8934448,9649,32.344753,61.43957,28.641554,126357,3,6,3,188.45973,-458.77036,140.6535,19.879532,34.740547,-0.33367214,-0.07089364,-0.06026851,18829455,2,2999,0.036545943,943
2000057000246,55000200000533,2000057000251,2000057000000,55,0.20754863,2000057000247,-1,2000057000245,2000057000008,-1,20,0.0,0.0,0.0,9649,32.284103,61.596546,28.590324,126359,3,6,3,213.17924,-430.98782,125.29028,20.854347,33.97449,-0.39127934,0.07301157,-0.041507397,18829500,2,533,0.037248276,34
2000057000247,54000200003240,2000057000251,2000057000000,54,0.24246909,2000057000248,-1,2000057000246,2000057000247,-1,22,2.4959044,0.9467224,1.549182,9649,32.209324,61.712013,28.551899,126358,3,6,3,237.9511,-416.77853,109.13462,21.09368,36.363773,-0.3056471,-0.0024489155,-0.031104174,18829455,2,3240,0.041538414,199
2000057000248,53000200002886,2000057000251,2000057000000,53,0.2798018,2000057000249,-1,2000057000247,2000057000248,-1,26,2.9262328,1.1188537,2.4959044,9649,32.128445,61.868313,28.546225,126358,3,6,3,265.6004,-394.91605,93.79235,22.802698,38.71443,-0.021454604,0.062616624,0.002481853,18829483,2,2886,0.04131768,225
2000057000249,52000200002024,2000057000251,2000057000000,52,0.31970343,2000057000250,-1,2000057000248,2000057000249,-1,26,3.0122986,0.774591,2.9262328,9649,32.043118,61.983105,28.484049,126358,3,6,3,290.66055,-373.76608,62.400204,22.217657,36.473495,-0.20106025,0.16773114,-0.17502551,18829491,2,2024,0.0437879,245
2000057000250,51000200002297,2000057000251,2000057000000,51,0.36234027,2000057000251,-1,2000057000249,2000057000250,-1,26,4.3032837,1.2909851,2.5819702,9649,31.936825,62.106014,28.479156,126358,3,6,3,316.87698,-355.436,32.767887,22.36375,36.458935,-0.24108173,0.055433944,-0.23091988,18829491,2,2297,0.045695063,793
2000057000251,50000200002311,2000057000251,2000057000000,50,0.40789944,-1,-1,2000057000250,2000057000251,-1,21,2.1516418,1.2909851,1.8073791,9649,31.809834,62.253147,28.464273,126358,3,6,3,350.39374,-336.65817,-8.470611,22.806387,32.966663,-0.36922443,0.026938163,-0.23640928,18829455,2,2311,0.040775742,209