haloID,subHaloID,lastProgenitorId,treeId,snapNum,redshift,firstProgenitorId,nextProgenitorId,descendantId,firstHaloInFOFgroupId,nextHaloInFOFgroupId,np,m_Mean200,m_Crit200,m_TopHat,phKey,x,y,z,zIndex,ix,iy,iz,velX,velY,velZ,velDisp,vMax,spinX,spinY,spinZ,mostBoundID,fileNr,subhaloIndex,halfmassRadius,random
3000207000000,63000300001150,3000207000174,3000207000000,63,0.0,3000207000001,-1,-1,3000207000000,3000207000214,955,96.479614,42.860703,64.37712,12932,60.42461,5.184936,8.892288,39623,6,0,0,-134.42108,85.86451,40.284225,75.90559,130.91605,-0.6868408,-1.4022696,-1.2264777,7769968,3,1150,0.11672282,936
3000207000001,62000300001176,3000207000174,3000207000000,62,0.019932542,3000207000002,-1,3000207000000,3000207000001,3000207000215,950,93.897644,42.60251,64.37712,12932,60.45263,5.167136,8.8822565,39623,6,0,0,-134.99857,84.05127,41.429512,75.370445,132.86302,-1.4541479,-0.6905385,-1.3951339,7769691,3,1176,0.11631876,152
3000207000002,61000300001251,3000207000174,3000207000000,61,0.041403063,3000207000003,-1,3000207000001,3000207000002,3000207000216,903,85.03288,43.807426,63.258266,12932,60.483677,5.1462336,8.877636,39623,6,0,0,-134.63072,81.983284,39.200294,76.28701,132.44443,-0.850916,-0.99607617,-1.2756386,7769691,3,1251,0.11093549,992
3000207000003,60000300001201,3000207000174,3000207000000,60,0.064493395,3000207000004,-1,3000207000002,3000207000003,3000207000217,909,80.12714,42.51644,62.397614,12932,60.50861,5.131286,8.86789,39623,6,0,0,-129.35582,83.797585,39.263103,75.22299,128.68962,-0.65745705,-1.2896783,-1.3174458,300209,3,1201,0.112452775,930
3000207000004,59000300001281,3000207000168,3000207000000,59,0.08928783,3000207000005,3000207000169,3000207000003,3000207000004,3000207000169,861,77.45911,42.000046,61.881218,12932,60.533714,5.1093407,8.863509,39623,6,0,0,-127.33673,86.3282,40.143383,76.747215,130.87172,-1.2201298,-1.111642,-1.5924299,7769691,3,1281,0.10772792,142
3000207000005,58000300001275,3000207000168,3000207000000,58,0.11588337,3000207000006,-1,3000207000004,3000207000005,3000207000170,833,76.94271,41.311523,61.967285,12935,60.562923,5.090095,8.861408,39630,6,0,0,-122.444626,85.524345,40.82249,78.4437,130.0297,-1.2034003,-1.0092084,-1.2455924,7769691,3,1275,0.101298966,444
3000207000006,57000300001235,3000207000167,3000207000000,57,0.14438343,3000207000007,3000207000168,3000207000005,3000207000006,3000207000171,808,77.45911,42.086113,61.45089,12935,60.59195,5.071151,8.84744,39630,6,0,0,-115.17216,87.23119,34.63606,77.13434,132.20174,-1.1450886,-0.35521156,-0.8123353,7769691,3,1235,0.095246576,864
3000207000007,56000300001254,3000207000167,3000207000000,56,0.17489761,3000207000008,-1,3000207000006,3000207000007,3000207000172,798,74.9632,44.92628,63.86073,12935,60.624973,5.047276,8.841003,39630,6,0,0,-120.96717,87.791016,39.35418,80.40801,135.66304,-0.960984,-0.66608304,-0.8271641,7769714,3,1254,0.091684714,248
3000207000008,55000300001202,3000207000163,3000207000000,55,0.20754863,3000207000009,3000207000164,3000207000007,3000207000008,3000207000164,743,73.41402,49.91809,63.344334,12935,60.669792,5.023456,8.813955,39630,6,0,0,-122.35788,86.411224,38.64069,84.110664,139.08784,-1.1528535,-0.76858306,-0.70402396,274817,3,1202,0.08823852,630
3000207000009,54000300001249,3000207000163,3000207000000,54,0.24246909,3000207000010,-1,3000207000008,3000207000009,3000207000165,703,70.487785,53.61891,63.344334,12935,60.712322,5.0054417,8.806917,39630,6,0,0,-119.40075,88.16391,34.905277,83.97274,131.0522,-1.38307,-0.8856509,-0.9349468,300218,3,1249,0.07751915,660
3000207000010,53000300001276,3000207000138,3000207000000,53,0.2798018,3000207000011,3000207000139,3000207000009,3000207000010,3000207000149,662,66.873024,52.413994,61.709087,12935,60.776543,4.9694576,8.793468,39630,6,0,0,-106.25843,95.25461,30.087294,87.48603,134.34851,-1.3403207,0.09419319,-1.3268954,274815,3,1276,0.07175516,171
3000207000011,52000300001286,3000207000138,3000207000000,52,0.31970343,3000207000012,-1,3000207000010,3000207000011,3000207000167,596,64.549255,49.573826,59.299248,12935,60.823387,4.9387994,8.782344,39626,6,0,0,-105.10181,96.23419,24.913404,88.27534,127.5972,-0.86695236,-0.11674245,-1.3937236,274804,3,1286,0.06987378,45
3000207000012,51000300001265,3000207000109,3000207000000,51,0.36234027,3000207000013,3000207000110,3000207000011,3000207000012,3000207000151,541,60.418102,45.95907,55.942688,12935,60.857708,4.9201736,8.771883,39626,6,0,0,-102.282875,72.12387,37.10244,89.464836,131.7263,-0.59247804,0.5231902,-0.41387722,274874,3,1265,0.059047375,631
3000207000013,50000300001252,3000207000109,3000207000000,50,0.40789944,3000207000014,-1,3000207000012,3000207000013,3000207000111,579,54.565636,41.483654,48.45497,12935,60.883575,4.9100237,8.756946,39626,6,0,0,-105.201706,82.20791,35.657574,86.60175,144.00256,-0.7729152,0.42323413,0.02958978,274802,3,1252,0.052838236,787
3000207000014,49000300001141,3000207000079,3000207000000,49,0.45657724,3000207000015,3000207000080,3000207000013,3000207000014,3000207000189,344,45.18448,35.889385,42.000046,12935,60.8853,4.900042,8.758192,39626,6,0,0,-63.382668,58.956356,28.583073,67.4425,109.64162,-0.5920998,0.38331285,0.2873036,274792,3,1141,0.056065388,234
3000207000015,48000300001176,3000207000079,3000207000000,48,0.5085914,3000207000016,-1,3000207000014,3000207000015,3000207000113,591,36.491844,19.020514,32.532825,12935,60.898148,4.883923,8.755353,39626,6,0,0,-99.86902,81.905594,21.578419,70.573265,110.59961,1.4380289,0.027192073,-3.8566954,274874,3,1176,0.12978175,289
3000207000016,47000300001315,3000207000079,3000207000000,47,0.5641766,3000207000017,-1,3000207000015,3000207000016,3000207000082,150,20.311499,16.352478,19.106579,12935,60.91809,4.8742085,8.753724,39624,6,0,0,-56.851223,67.14676,23.141415,55.911575,103.572266,-0.20529729,0.07128675,0.06002458,31736,3,1315,0.030735863,133
3000207000017,46000300001283,3000207000079,3000207000000,46,0.6235901,3000207000018,-1,3000207000016,3000207000017,3000207000155,176,19.709038,16.696741,18.848381,12935,60.953644,4.8332505,8.731266,39624,6,0,0,-61.421837,75.27086,25.423326,62.349617,110.71795,-0.16862096,-0.058060918,-0.043847598,31736,3,1283,0.027174184,70
3000207000018,45000300001278,3000207000079,3000207000000,45,0.6871088,3000207000019,-1,3000207000017,3000207000018,3000207000156,188,19.106579,15.061493,18.159857,12935,60.990173,4.786346,8.715848,39624,6,0,0,-61.848793,87.951225,33.919273,60.84373,109.16091,-0.15261577,-0.14044814,0.010818731,6374,3,1278,0.031375133,600
3000207000019,44000300001367,3000207000079,3000207000000,44,0.75503564,3000207000020,-1,3000207000018,3000207000019,3000207000157,241,18.762316,15.750018,18.159857,12935,61.00761,4.760337,8.702848,39624,6,0,0,-67.85896,90.69455,35.238544,58.768723,106.507065,-0.08302915,-0.11912389,0.09627629,274784,3,1367,0.040706534,819
3000207000020,43000300001588,3000207000079,3000207000000,43,0.8276991,3000207000021,-1,3000207000019,3000207000020,-1,234,19.27871,16.008215,17.987726,12935,61.054733,4.7166157,8.694773,39624,6,0,0,-72.923645,95.00166,40.579453,56.707565,102.35928,-0.2850977,-0.16063936,0.1822689,300256,3,1588,0.042902764,549
3000207000021,42000300001329,3000207000079,3000207000000,42,0.9054624,3000207000022,-1,3000207000020,3000207000021,3000207000159,261,20.827892,17.213135,19.795105,12935,61.081474,4.650341,8.658547,39624,6,0,0,-84.959816,96.822,45.3512,62.211277,113.96661,-0.023179984,-0.20564903,0.1955876,274820,3,1329,0.04381001,731
3000207000022,41000300001472,3000207000079,3000207000000,41,0.98870814,3000207000023,-1,3000207000021,3000207000022,-1,241,21.516418,17.729528,20.741827,12935,61.11707,4.597812,8.621,39624,6,0,0,-99.69981,99.04385,50.94511,67.74328,118.84257,-0.043846533,-0.37606907,0.40142322,300203,3,1472,0.036356628,338
3000207000023,40000300001189,3000207000079,3000207000000,40,1.0778745,3000207000024,-1,3000207000022,3000207000023,3000207000161,254,22.893469,20.0533,22.893469,12935,61.17393,4.546979,8.593428,39624,6,0,0,-109.91462,100.41568,58.06276,71.802444,116.32859,-0.013733543,-0.6561327,0.39491382,274792,3,1189,0.036193755,853
3000207000024,39000300001166,3000207000079,3000207000000,39,1.173417,3000207000025,-1,3000207000023,3000207000024,3000207000162,258,26.680359,23.323797,26.336096,12935,61.234447,4.5013914,8.566069,39624,6,0,0,-125.6129,95.86439,64.90803,72.342354,115.92784,-0.0061271605,-0.3429423,0.19616392,300252,3,1166,0.03711956,929
3000207000025,38000300001117,3000207000079,3000207000000,38,1.2758462,3000207000026,-1,3000207000024,3000207000025,3000207000163,279,33.479546,30.63938,33.479546,12935,61.30272,4.443126,8.524068,39624,6,0,0,-137.71553,85.02747,73.13715,75.75217,121.18199,-0.20397997,-0.31842732,-0.07361989,274816,3,1117,0.03891544,635
3000207000026,37000300001158,3000207000045,3000207000000,37,1.3857181,3000207000027,3000207000046,3000207000025,3000207000026,3000207000046,43,27.713146,25.303307,27.713146,12935,61.398605,4.3805366,8.497472,39624,6,0,0,-173.00348,69.67807,59.84939,58.50503,99.3362,-0.03801385,0.009601535,-0.16686408,300252,3,1158,0.0094220955,720
3000207000027,36000300001178,3000207000045,3000207000000,36,1.5036365,3000207000028,-1,3000207000026,3000207000027,3000207000047,211,25.389374,22.291008,25.819702,12935,61.488007,4.368402,8.459158,39624,6,0,0,-158.46185,43.02252,57.9684,72.56002,122.33086,0.026785715,-0.028393218,0.16655402,300252,3,1178,0.030703558,296
3000207000028,35000300001197,3000207000045,3000207000000,35,1.6302707,3000207000029,-1,3000207000027,3000207000028,3000207000048,200,16.868872,14.803295,17.041002,12935,61.593147,4.360435,8.43394,39625,6,0,0,-148.68921,38.739246,45.227886,70.1797,116.20136,0.010283481,-0.10135305,0.12238207,274807,3,1197,0.02858111,987
3000207000029,34000300001418,3000207000045,3000207000000,34,1.766336,3000207000030,-1,3000207000028,3000207000029,-1,189,14.71723,14.200836,15.405755,12935,61.65292,4.3189874,8.409847,39625,6,0,0,-142.5262,38.23415,40.529343,66.52264,112.96532,0.020869117,-0.18775901,0.3409768,274814,3,1418,0.029377673,436
3000207000030,33000300001587,3000207000045,3000207000000,33,1.9126327,3000207000031,-1,3000207000029,3000207000030,-1,145,12.479523,12.049194,12.565588,12935,61.73516,4.306577,8.3882675,39625,6,0,0,-133.99034,37.704323,30.128922,70.505104,123.0797,0.0018119118,0.09004572,0.23825996,274811,3,1587,0.020438496,975
3000207000031,32000300001518,3000207000045,3000207000000,32,2.0700274,3000207000032,-1,3000207000030,3000207000031,-1,143,11.016406,10.672143,11.274603,12935,61.80677,4.3018675,8.3671,39625,6,0,0,-124.16652,34.025906,26.528734,68.56917,116.58186,-0.21008782,-0.19834377,0.24048366,274816,3,1518,0.019856932,541
3000207000032,31000300001661,3000207000045,3000207000000,31,2.2394855,3000207000033,-1,3000207000031,3000207000032,-1,118,10.155749,10.155749,10.586078,12935,61.88014,4.2903843,8.345385,39625,6,0,0,-123.85152,35.46258,33.050518,69.38897,116.590385,-0.13040161,-0.06914368,0.051801383,31735,3,1661,0.017306091,721
3000207000033,30000300001392,3000207000045,3000207000000,30,2.422044,3000207000034,-1,3000207000032,3000207000033,-1,138,10.500011,9.8975525,10.586078,12935,61.955235,4.269925,8.320562,39625,6,0,0,-118.72602,32.03936,27.42326,68.74937,114.89765,-0.061018627,-0.10563248,0.25898483,274869,3,1392,0.020728633,803
3000207000034,29000300001409,3000207000045,3000207000000,29,2.6188614,3000207000035,-1,3000207000033,3000207000034,-1,123,9.725421,9.639355,9.811486,12935,62.012096,4.268226,8.311031,39625,6,0,0,-111.55491,24.528404,23.691679,69.76125,114.61444,-0.09802784,-0.036247913,0.1395813,274869,3,1409,0.01910385,311
3000207000035,28000300001336,3000207000045,3000207000000,28,2.8311827,3000207000036,-1,3000207000034,3000207000035,-1,116,8.864764,8.520501,8.9508295,12935,62.09181,4.2325897,8.3067875,39625,6,0,0,-109.30991,26.845821,23.724136,70.04314,118.63644,-0.11751478,-0.022100167,0.19723631,274807,3,1336,0.016373467,457
3000207000036,27000300001246,3000207000045,3000207000000,27,3.060419,3000207000037,-1,3000207000035,3000207000036,-1,110,7.9180417,7.9180417,8.004107,12935,62.140896,4.2111554,8.292907,39625,6,0,0,-107.56823,29.024517,20.036955,66.690414,114.273,-0.03612646,0.0018729372,0.14344434,274807,3,1246,0.016816761,254
3000207000037,26000300001442,3000207000045,3000207000000,26,3.3080978,3000207000038,-1,3000207000036,3000207000037,-1,82,6.1106625,6.1106625,6.282794,12935,62.18994,4.2081585,8.271573,39625,6,0,0,-98.00107,23.55929,21.878708,68.640434,114.04758,-0.028754288,-0.026980653,0.05197196,274820,3,1442,0.013502863,144
3000207000038,25000300001317,3000207000045,3000207000000,25,3.575905,3000207000039,-1,3000207000037,3000207000038,-1,79,4.6475463,4.6475463,5.0778747,12935,62.228176,4.2036333,8.24337,39625,6,0,0,-99.31505,23.71827,22.906939,61.18553,103.42321,-0.047982775,-0.07431228,0.1476546,274818,3,1317,0.01463468,528
3000207000039,24000300001349,3000207000045,3000207000000,24,3.8656828,3000207000040,-1,3000207000038,3000207000039,-1,69,3.18443,3.18443,3.3565612,12935,62.26945,4.22927,8.235049,39625,6,0,0,-99.01101,28.304905,28.952257,54.89321,90.19606,-0.1262236,-0.14104149,0.22495721,274809,3,1349,0.016242687,90
3000207000040,23000300001311,3000207000045,3000207000000,23,4.1794686,3000207000041,-1,3000207000039,3000207000040,-1,61,2.4959044,2.4098387,2.4959044,12935,62.29608,4.2349267,8.232531,39625,6,0,0,-92.760025,20.108753,26.296297,54.031273,88.21561,-0.1610286,-0.16446638,0.046884723,274820,3,1311,0.016843926,828
3000207000041,22000300002406,3000207000043,3000207000000,22,4.5195556,3000207000042,3000207000044,3000207000040,3000207000041,-1,27,1.9795104,1.9795104,1.9795104,12935,62.33676,4.2587976,8.2378,39625,6,0,0,-76.207855,-1.1520284,11.507051,46.88905,84.45563,-0.11246518,-0.018943066,0.0012559458,274807,3,2406,0.00881785,781
3000207000042,21000300002144,3000207000043,3000207000000,21,4.888449,3000207000043,-1,3000207000041,3000207000042,-1,27,1.8073791,1.8073791,1.8934448,12935,62.370502,4.2397776,8.21761,39625,6,0,0,-82.75956,4.4023943,10.24288,44.94927,84.90728,-0.06685824,0.023673639,0.042564895,274807,3,2144,0.009320563,614
3000207000043,19000000001118,3000207000043,3000207000000,19,5.7238646,-1,-1,3000207000042,3000207000043,-1,22,1.032788,1.032788,1.032788,12935,62.450737,4.2701287,8.217753,39625,6,0,0,-73.68938,3.159875,16.183315,40.965855,75.0555,-0.15009587,-0.04324346,0.066919655,274816,0,1118,0.008064698,103
3000207000044,22000000001960,3000207000045,3000207000000,22,4.5195556,3000207000045,-1,3000207000040,3000207000044,-1,21,1.3770508,1.3770508,1.3770508,12935,62.42145,4.0759974,8.176014,39625,6,0,0,-103.121574,53.230553,48.500603,47.4803,75.84519,0.07896824,0.0066871205,0.019272568,300253,0,1960,0.008266563,789
3000207000045,21000000001485,3000207000045,3000207000000,21,4.888449,-1,-1,3000207000044,3000207000045,-1,24,1.1188537,1.1188537,1.1188537,12935,62.462532,4.063957,8.152583,39625,6,0,0,-91.281425,48.41998,52.193985,46.65918,71.43349,0.051445793,-0.03339813,0.042400256,300253,0,1485,0.009747903,315
3000207000046,37000300001157,3000207000079,3000207000000,37,1.3857181,3000207000047,-1,3000207000025,3000207000026,-1,229,0.0,0.0,0.0,12935,61.40899,4.4928393,8.5202265,39624,6,0,0,-116.22609,74.88243,46.680573,80.3522,100.42869,-0.87019783,0.13391468,-0.7135256,7769752,3,1157,0.047360685,178
3000207000047,36000300001179,3000207000079,3000207000000,36,1.5036365,3000207000048,-1,3000207000046,3000207000027,-1,59,0.0,0.0,0.0,12935,61.413063,4.396108,8.528932,39624,6,0,0,12.570774,152.06346,-49.247116,58.053017,88.282845,0.27526286,-0.11929844,0.22275825,7769912,3,1179,0.015576496,491
3000207000048,35000300001198,3000207000064,3000207000000,35,1.6302707,3000207000049,3000207000065,3000207000047,3000207000028,3000207000065,38,0.0,0.0,0.0,12935,61.40414,4.2949543,8.547263,39624,6,0,0,-2.6587255,186.55939,-1.3050215,43.841698,87.99584,0.12735045,0.015629519,-0.024228057,7769756,3,1198,0.010105923,622
3000207000049,34000300003310,3000207000064,3000207000000,34,1.766336,3000207000050,-1,3000207000048,3000207000049,-1,49,4.3032837,4.0450864,4.3032837,12935,61.405796,4.2010927,8.552864,39624,6,0,0,-12.701946,175.31915,-5.7701626,43.400307,90.77419,0.20752762,0.054478362,-0.037736706,7769968,3,3310,0.011230138,518
3000207000050,33000300003285,3000207000064,3000207000000,33,1.9126327,3000207000051,-1,3000207000049,3000207000050,-1,48,4.0450864,4.0450864,4.0450864,12935,61.41465,4.1050315,8.549737,39624,6,0,0,-14.663434,162.48526,-13.522848,48.612537,95.39391,0.2875983,0.042399343,-0.018383179,7769968,3,3285,0.010888364,444
3000207000051,32000300002999,3000207000064,3000207000000,32,2.0700274,3000207000052,-1,3000207000050,3000207000051,-1,47,4.0450864,3.9590209,4.0450864,12935,61.428444,4.0215235,8.556291,39624,6,0,0,-15.986737,153.35031,-13.966931,48.231453,89.667984,0.077404566,0.071415186,0.021226147,7769968,3,2999,0.01182105,565
3000207000052,31000300002898,3000207000064,3000207000000,31,2.2394855,3000207000053,-1,3000207000051,3000207000052,-1,49,4.0450864,3.9590209,4.131152,12935,61.453526,3.9153535,8.568282,39624,6,0,0,-16.589025,145.9044,-22.045166,48.633404,91.58551,0.032520544,0.016475422,-0.0715834,7769752,3,2898,0.012423011,90
3000207000053,30000300002984,3000207000064,3000207000000,30,2.422044,3000207000054,-1,3000207000052,3000207000053,-1,45,3.9590209,3.8729553,4.0450864,12936,61.449467,3.8482845,8.574541,39514,6,0,0,-12.250856,142.83957,-26.377773,44.26854,83.85458,-0.09963641,0.08881782,0.01767043,7769714,3,2984,0.013260973,564
3000207000054,29000300003221,3000207000064,3000207000000,29,2.6188614,3000207000055,-1,3000207000053,3000207000054,-1,41,3.2704954,3.2704954,3.6147583,12936,61.460064,3.7607434,8.590909,39514,6,0,0,-14.219193,134.51793,-29.483938,48.518967,86.111015,-0.042900052,0.03152164,0.02114429,7769754,3,3221,0.011190845,548
3000207000055,28000300002933,3000207000064,3000207000000,28,2.8311827,3000207000056,-1,3000207000054,3000207000055,-1,42,3.2704954,3.18443,3.5286925,12936,61.476364,3.6749933,8.60252,39514,6,0,0,-19.112278,127.69652,-36.260204,48.090565,88.7573,0.045048047,0.059801772,0.07020059,7769714,3,2933,0.011188988,377
3000207000056,27000300002538,3000207000064,3000207000000,27,3.060419,3000207000057,-1,3000207000055,3000207000056,-1,41,3.7868896,3.7868896,3.8729553,12936,61.485664,3.6221514,8.623707,39514,6,0,0,-18.102455,113.14897,-47.24595,50.328175,87.56142,0.020368977,0.0069196913,0.0073777135,7769684,3,2538,0.011214394,583
3000207000057,26000300002950,3000207000064,3000207000000,26,3.3080978,3000207000058,-1,3000207000056,3000207000057,-1,36,3.7008238,3.6147583,3.7868896,12936,61.48899,3.5212417,8.656301,39514,6,0,0,-32.93535,110.75485,-34.752106,54.05654,88.12743,0.0093025,0.016648905,0.009948215,7769758,3,2950,0.0102634905,621
3000207000058,25000300002516,3000207000064,3000207000000,25,3.575905,3000207000059,-1,3000207000057,3000207000058,-1,41,2.9262328,2.9262328,2.9262328,12936,61.509212,3.4542556,8.70002,39514,6,0,0,-28.54996,96.554634,-38.81099,56.764313,88.1305,0.08310527,-0.05211097,-0.029402541,7769742,3,2516,0.010314724,221
3000207000059,24000300002808,3000207000064,3000207000000,24,3.8656828,3000207000060,-1,3000207000058,3000207000059,-1,32,3.098364,3.0122986,3.18443,12936,61.526783,3.4391882,8.692228,39515,6,0,0,-31.971859,94.58218,-37.888546,53.41124,92.246315,0.17203541,0.03538941,-0.06887429,7769742,3,2808,0.008259466,18
3000207000060,23000300002304,3000207000064,3000207000000,23,4.1794686,3000207000061,-1,3000207000059,3000207000060,-1,33,3.0122986,3.0122986,3.0122986,12936,61.546997,3.3727884,8.709751,39515,6,0,0,-35.43686,84.976776,-26.527498,53.37049,95.67647,0.12637733,-0.022551635,-0.017616091,7769740,3,2304,0.0075191353,500
3000207000061,22000300002098,3000207000064,3000207000000,22,4.5195556,3000207000062,-1,3000207000060,3000207000061,-1,33,2.6680357,2.6680357,2.6680357,12936,61.562023,3.3255644,8.747773,39515,6,0,0,-35.06812,79.82365,-34.308243,54.224518,96.22025,0.10995695,-0.015984828,0.003003219,7769689,3,2098,0.0077267955,357
3000207000062,21000300002267,3000207000064,3000207000000,21,4.888449,3000207000063,-1,3000207000061,3000207000062,-1,25,1.8073791,1.8073791,1.8934448,12936,61.60537,3.2737556,8.785244,39515,6,0,0,-35.811707,74.70795,-42.676353,51.940636,89.2683,0.02624119,-0.018564539,-0.042547606,7769749,3,2267,0.006525943,760
3000207000063,20000300002078,3000207000064,3000207000000,20,5.2888336,3000207000064,-1,3000207000062,3000207000063,-1,23,1.6352477,1.549182,1.7213135,12936,61.598892,3.2535405,8.763339,39515,6,0,0,-36.978016,75.55787,-35.699535,47.103874,83.18916,-0.021319866,-0.010995598,-0.06668273,7769754,3,2078,0.007822637,978
3000207000064,19000300002012,3000207000064,3000207000000,19,5.7238646,-1,-1,3000207000063,3000207000064,-1,20,1.549182,1.549182,1.549182,12936,61.601925,3.2255604,8.7945385,39519,6,0,0,-19.412207,68.89103,-32.448498,47.88934,85.544334,0.033413716,0.020860603,-0.023713946,7769969,3,2012,0.007536329,572
3000207000065,35000300001199,3000207000079,3000207000000,35,1.6302707,3000207000066,-1,3000207000047,3000207000028,-1,30,0.0,0.0,0.0,12935,61.390194,4.3599515,8.641318,39624,6,0,0,0.4997858,103.11988,-50.960857,42.97987,74.30891,0.04418786,0.05306076,0.10799858,7769902,3,1199,0.01295476,391
3000207000066,34000300003877,3000207000079,3000207000000,34,1.766336,3000207000067,-1,3000207000065,3000207000066,-1,38,3.2704954,3.18443,3.2704954,12935,61.37682,4.288308,8.647844,39624,6,0,0,-10.874514,100.707344,-28.027866,43.831043,83.92146,0.10568158,0.02300245,0.20292634,7769956,3,3877,0.010511237,637
3000207000067,33000300003672,3000207000079,3000207000000,33,1.9126327,3000207000068,-1,3000207000066,3000207000067,-1,37,3.3565612,3.3565612,3.442627,12935,61.377823,4.2334824,8.653823,39624,6,0,0,-11.296223,104.08252,-17.864727,45.85675,86.35579,0.018436996,-0.014018625,0.13645226,7769469,3,3672,0.009956943,50
3000207000068,32000300003847,3000207000079,3000207000000,32,2.0700274,3000207000069,-1,3000207000067,3000207000068,-1,34,3.3565612,3.2704954,3.3565612,12935,61.385548,4.179336,8.678888,39624,6,0,0,-9.952625,103.693504,-8.777398,42.043705,79.86405,0.03365095,-0.017306184,0.091795266,7769907,3,3847,0.01078021,568
3000207000069,31000300003890,3000207000079,3000207000000,31,2.2394855,3000207000070,-1,3000207000068,3000207000069,-1,33,3.098364,3.0122986,3.18443,12935,61.39453,4.119641,8.672032,39624,6,0,0,-11.052246,99.86753,-2.5481381,41.311234,81.58833,-0.014290935,0.023650898,0.11438935,7769907,3,3890,0.012170004,697
3000207000070,30000300003311,3000207000079,3000207000000,30,2.422044,3000207000071,-1,3000207000069,3000207000070,-1,39,2.7541015,2.7541015,2.7541015,12935,61.395752,4.0380516,8.678927,39624,6,0,0,-20.929916,103.638725,15.104355,37.900093,73.16552,0.007246996,-0.112900466,0.1249717,7769469,3,3311,0.014774838,769
3000207000071,29000300003485,3000207000079,3000207000000,29,2.6188614,3000207000072,-1,3000207000070,3000207000071,-1,35,3.18443,3.18443,3.18443,12935,61.406292,3.9982557,8.6540165,39624,6,0,0,-14.314362,106.01427,21.856657,41.432995,80.90645,0.07598585,0.047397476,0.19075619,7769907,3,3485,0.013040519,287
3000207000072,28000300003065,3000207000079,3000207000000,28,2.8311827,3000207000073,-1,3000207000071,3000207000072,-1,36,3.098364,3.098364,3.18443,12935,61.41222,3.9500532,8.625041,39624,6,0,0,-20.167536,104.610985,34.52147,46.91805,80.384384,-0.063105695,-0.004021457,0.13916747,7769905,3,3065,0.012543089,596
3000207000073,27000300002778,3000207000079,3000207000000,27,3.060419,3000207000074,-1,3000207000072,3000207000073,-1,40,3.0122986,2.7541015,3.098364,12936,61.416122,3.8902953,8.631714,39514,6,0,0,-18.69562,104.82638,36.751675,47.78951,86.47161,-0.0015134439,0.050155863,0.1150864,7769478,3,2778,0.011684401,949
3000207000074,26000300002871,3000207000079,3000207000000,26,3.3080978,3000207000075,-1,3000207000073,3000207000074,-1,37,3.18443,3.18443,3.2704954,12936,61.42668,3.819858,8.610185,39514,6,0,0,-12.573013,100.00667,47.29729,49.852066,87.80832,0.04429868,-0.011945672,0.02268524,7769907,3,2871,0.010057855,201
3000207000075,25000300002871,3000207000079,3000207000000,25,3.575905,3000207000076,-1,3000207000074,3000207000075,-1,33,2.4959044,2.4959044,3.098364,12936,61.442375,3.785554,8.56471,39514,6,0,0,-12.506072,106.03124,51.564682,47.365597,82.88367,0.06890447,-0.03188398,0.026817158,7769911,3,2871,0.010296096,254
3000207000076,24000300002295,3000207000079,3000207000000,24,3.8656828,3000207000077,-1,3000207000075,3000207000076,-1,36,2.4959044,2.4959044,2.5819702,12936,61.442146,3.7247746,8.540196,39514,6,0,0,-14.187929,104.16067,59.615715,48.29197,96.46938,0.0693097,-0.033072777,0.07450892,7769956,3,2295,0.011660204,887
3000207000077,23000300003133,3000207000079,3000207000000,23,4.1794686,3000207000078,-1,3000207000076,3000207000077,-1,25,2.065576,2.065576,2.065576,12936,61.458244,3.6299956,8.517384,39514,6,0,0,-11.092693,108.42642,62.983547,46.54772,82.78718,-0.09090827,-0.026034705,0.04359125,7769956,3,3133,0.008943006,270
3000207000078,22000300003073,3000207000079,3000207000000,22,4.5195556,3000207000079,-1,3000207000077,3000207000078,-1,23,1.8073791,1.8073791,1.8073791,12936,61.480442,3.6037169,8.496571,39514,6,0,0,-12.456137,104.77695,66.50382,45.792057,79.899254,-0.045829337,-0.021831768,0.04003939,7769913,3,3073,0.00850394,801
3000207000079,21000300002719,3000207000079,3000207000000,21,4.888449,-1,-1,3000207000078,3000207000079,-1,22,1.549182,1.549182,1.6352477,12936,61.47883,3.5254014,8.4529915,39514,6,0,0,-14.6136055,98.04691,58.055923,47.85921,86.1932,-0.04935793,-0.022684697,-0.038025934,7769907,3,2719,0.0063749123,25
3000207000080,49000300001145,3000207000109,3000207000000,49,0.45657724,3000207000081,-1,3000207000013,3000207000014,-1,44,0.0,0.0,0.0,12935,60.9417,4.912224,8.68554,39626,6,0,0,-239.80702,90.18295,22.979452,44.96499,80.969505,0.10743124,0.118982814,0.11000015,7769767,3,1145,0.014372335,911
3000207000081,48000300001178,3000207000109,3000207000000,48,0.5085914,3000207000082,-1,3000207000080,3000207000015,3000207000153,61,0.0,0.0,0.0,12935,61.039948,4.860691,8.680936,39624,6,0,0,-219.44916,104.15163,-7.735494,46.69001,83.64408,-0.05826151,0.08515615,0.03611289,7769981,3,1178,0.017519934,464
3000207000082,47000300001316,3000207000109,3000207000000,47,0.5641766,3000207000083,-1,3000207000081,3000207000016,3000207000154,95,0.0,0.0,0.0,12935,61.124355,4.8257685,8.685936,39624,6,0,0,-185.19933,124.43138,-3.2483325,47.388664,84.437775,0.03639155,-0.030301385,0.14258343,7770277,3,1316,0.025508165,446
3000207000083,46000300001285,3000207000109,3000207000000,46,0.6235901,3000207000084,-1,3000207000082,3000207000017,-1,73,0.0,0.0,0.0,12935,61.212482,4.773332,8.694464,39624,6,0,0,-165.48997,134.57098,-4.394394,49.423416,90.14476,-0.019319499,0.10823544,-0.057108384,7769974,3,1285,0.017864028,421
3000207000084,45000300001280,3000207000109,3000207000000,45,0.6871088,3000207000085,-1,3000207000083,3000207000018,-1,69,0.0,0.0,0.0,12935,61.286636,4.717429,8.695313,39624,6,0,0,-144.19005,140.50137,0.7929541,47.060246,92.6368,-0.10048343,0.0040595075,-0.0021612316,7769977,3,1280,0.016978577,578
3000207000085,44000300002656,3000207000109,3000207000000,44,0.75503564,3000207000086,-1,3000207000084,3000207000085,-1,71,7.057385,6.196728,6.885254,12935,61.335472,4.6517434,8.700159,39624,6,0,0,-121.509026,151.27429,5.7108355,41.972534,83.200874,-0.08480686,0.01697646,-0.07946757,7769992,3,2656,0.021580253,410
3000207000086,43000300002438,3000207000109,3000207000000,43,0.8276991,3000207000087,-1,3000207000085,3000207000086,-1,73,6.4549255,5.7664,6.4549255,12935,61.405857,4.5546207,8.688762,39624,6,0,0,-96.82462,160.15277,7.259949,41.45456,82.53797,-0.10683428,0.03093739,-0.036066003,7769943,3,2438,0.021172177,117
3000207000087,42000300002682,3000207000109,3000207000000,42,0.9054624,3000207000088,-1,3000207000086,3000207000087,-1,69,6.4549255,5.680334,6.4549255,12935,61.449028,4.472549,8.680308,39624,6,0,0,-76.10825,170.97334,6.975941,42.98286,87.07798,-0.09339716,0.12616646,0.07458446,7769992,3,2682,0.018389715,57
3000207000088,41000300001603,3000207000109,3000207000000,41,0.98870814,3000207000089,-1,3000207000087,3000207000196,-1,52,0.0,0.0,0.0,12935,61.48772,4.390512,8.689683,39624,6,0,0,-54.567757,175.97905,-3.6710422,45.53921,85.800735,0.12089187,0.061956726,0.13205266,7769940,3,1603,0.0135753695,653
3000207000089,39000300002765,3000207000109,3000207000000,39,1.173417,3000207000090,-1,3000207000088,3000207000089,-1,71,6.1106625,5.594269,6.1106625,12935,61.524876,4.2009377,8.692965,39625,6,0,0,-32.355797,177.66283,-12.4800205,45.89782,82.71524,-0.009736596,-0.013412363,0.12313837,7769759,3,2765,0.020576,972
3000207000090,38000300002738,3000207000109,3000207000000,38,1.2758462,3000207000091,-1,3000207000089,3000207000090,-1,71,5.594269,5.3360715,5.594269,12935,61.540295,4.124796,8.70989,39625,6,0,0,-28.466688,172.33565,-5.9391117,43.346844,84.74636,0.06726296,0.0017161942,0.07539458,7769976,3,2738,0.019284576,635
3000207000091,37000300002649,3000207000109,3000207000000,37,1.3857181,3000207000092,-1,3000207000090,3000207000091,-1,70,6.1106625,5.680334,6.196728,12935,61.563118,4.0126996,8.695244,39625,6,0,0,-26.38226,166.7881,3.3677068,41.136723,80.86945,0.05682018,-0.07563836,0.086646006,7770041,3,2649,0.023738379,890
3000207000092,36000300002792,3000207000109,3000207000000,36,1.5036365,3000207000093,-1,3000207000091,3000207000092,-1,66,5.2500057,5.0778747,5.4221373,12935,61.552757,3.9421823,8.70517,39625,6,0,0,-27.14594,163.25162,11.957474,44.15274,80.90594,0.057993677,0.038785517,0.04956319,7769977,3,2792,0.01935458,832
3000207000093,35000300002817,3000207000109,3000207000000,35,1.6302707,3000207000094,-1,3000207000092,3000207000093,-1,64,5.594269,5.1639404,5.680334,12936,61.576874,3.8438907,8.702565,39515,6,0,0,-22.435474,157.24356,14.080929,51.92659,96.86616,0.08256534,0.14965095,0.06055795,7769941,3,2817,0.01363178,973
3000207000094,34000300002945,3000207000109,3000207000000,34,1.766336,3000207000095,-1,3000207000093,3000207000094,-1,58,5.3360715,5.2500057,5.3360715,12936,61.586613,3.739838,8.683857,39515,6,0,0,-26.21989,156.02103,14.206146,51.409588,88.66801,0.018740019,0.037571043,0.109228685,7769979,3,2945,0.015306344,175
3000207000095,33000300002780,3000207000109,3000207000000,33,1.9126327,3000207000096,-1,3000207000094,3000207000095,-1,62,4.4754148,4.3893495,4.6475463,12936,61.617226,3.64909,8.68815,39515,6,0,0,-26.255775,145.06374,19.00684,47.10835,82.689186,0.20141107,0.07038571,0.1579548,7769872,3,2780,0.01993435,451
3000207000096,32000300003153,3000207000109,3000207000000,32,2.0700274,3000207000097,-1,3000207000095,3000207000096,-1,50,3.9590209,3.7868896,4.0450864,12936,61.63659,3.5773854,8.680695,39515,6,0,0,-25.112883,144.59416,18.468899,44.36953,80.17306,0.12029507,-0.019374864,0.13367401,7769979,3,3153,0.018540967,647
3000207000097,31000300003072,3000207000109,3000207000000,31,2.2394855,3000207000098,-1,3000207000096,3000207000097,-1,47,2.7541015,2.7541015,2.7541015,12936,61.669697,3.471472,8.646825,39515,6,0,0,-24.29011,135.00249,25.512972,41.365,82.25461,0.294937,0.0032984999,0.1478997,7769973,3,3072,0.014928839,213
3000207000098,30000300003312,3000207000109,3000207000000,30,2.422044,3000207000099,-1,3000207000097,3000207000098,-1,43,2.4959044,2.4959044,2.5819702,12936,61.684895,3.3897352,8.618572,39515,6,0,0,-22.975,136.09334,23.051687,38.155632,76.23026,0.12126663,-0.05981808,0.02822633,7769872,3,3312,0.014131834,655
3000207000099,29000300003098,3000207000109,3000207000000,29,2.6188614,3000207000100,-1,3000207000098,3000207000099,-1,44,1.549182,1.549182,2.5819702,12936,61.702305,3.308093,8.5864725,39515,6,0,0,-20.779312,129.83885,20.558464,39.79482,72.48775,0.13965733,-0.06434486,0.024959564,7769941,3,3098,0.019654952,928
3000207000100,28000300003127,3000207000109,3000207000000,28,2.8311827,3000207000101,-1,3000207000099,3000207000100,-1,41,2.840167,2.7541015,3.0122986,12936,61.687927,3.2409575,8.573742,39515,6,0,0,-19.593975,123.83073,16.16277,42.232426,80.35207,0.06853501,-0.07639191,0.0019103022,7769941,3,3127,0.013950299,243
3000207000101,27000300002682,3000207000109,3000207000000,27,3.060419,3000207000102,-1,3000207000100,3000207000101,-1,46,3.18443,3.0122986,3.18443,12936,61.67746,3.1733632,8.570634,39515,6,0,0,-15.009317,117.38533,16.496588,51.092476,88.49626,0.07993821,-0.078253604,-0.06274529,7769941,3,2682,0.012046766,166
3000207000102,26000300002803,3000207000109,3000207000000,26,3.3080978,3000207000103,-1,3000207000101,3000207000102,-1,40,3.2704954,3.2704954,3.5286925,12936,61.696327,3.118543,8.595962,39515,6,0,0,-13.02191,110.19976,13.74286,55.62845,94.3823,0.07590992,-0.05653336,-0.035187256,7769871,3,2803,0.009667124,274
3000207000103,25000300002307,3000207000109,3000207000000,25,3.575905,3000207000104,-1,3000207000102,3000207000103,-1,45,1.6352477,1.3770508,1.6352477,12936,61.707047,3.0951867,8.540976,39515,6,0,0,-14.402753,104.71581,14.911286,48.882217,77.34942,0.023741977,-0.0103980135,0.024309566,7769976,3,2307,0.016953696,502
3000207000104,24000300002139,3000207000109,3000207000000,24,3.8656828,3000207000105,-1,3000207000103,3000207000104,-1,44,1.1188537,1.1188537,1.3770508,12936,61.694935,3.0369563,8.543642,39515,6,0,0,-12.581386,103.169975,19.738895,47.49208,79.2665,-0.038048048,0.024965536,-0.0044507813,7770041,3,2139,0.015945008,652
3000207000105,23000300002724,3000207000109,3000207000000,23,4.1794686,3000207000106,-1,3000207000104,3000207000105,-1,30,1.549182,1.549182,1.8073791,12936,61.708794,2.9696221,8.558683,39515,6,0,0,-0.6222732,102.272415,18.035685,47.698387,80.2706,0.016299399,0.024836823,-0.09084621,7770274,3,2724,0.009362771,426
3000207000106,22000300002350,3000207000109,3000207000000,22,4.5195556,3000207000107,-1,3000207000105,3000207000106,-1,30,2.065576,1.9795104,2.1516418,12936,61.72421,2.8939884,8.550922,39513,6,0,0,2.4597182,95.82299,17.780663,51.41273,93.24298,0.025982708,0.0011533996,-0.07889861,7770041,3,2350,0.008566799,14
3000207000107,21000300002093,3000207000109,3000207000000,21,4.888449,3000207000108,-1,3000207000106,3000207000107,-1,28,2.1516418,2.1516418,2.2377074,12936,61.702667,2.8346202,8.527233,39513,6,0,0,7.8392177,93.81307,16.770634,49.396618,92.03448,0.009566388,-0.031312242,-0.0163734,7769974,3,2093,0.008548375,790
3000207000108,20000300001897,3000207000109,3000207000000,20,5.2888336,3000207000109,-1,3000207000107,3000207000108,-1,26,1.2049193,1.1188537,1.2049193,12936,61.724632,2.7813337,8.539992,39513,6,0,0,16.416441,95.31176,18.722769,48.698704,76.1858,0.087258846,-0.011028459,-0.10634596,7769869,3,1897,0.009404167,578
3000207000109,19000300001921,3000207000109,3000207000000,19,5.7238646,-1,-1,3000207000108,3000207000109,-1,21,1.549182,1.549182,1.549182,12936,61.713142,2.7101238,8.524085,39513,6,0,0,-1.3675005,91.39707,15.310376,48.20643,88.00174,0.048021853,-0.014330593,0.021251598,7769941,3,1921,0.00621512,480
3000207000110,51000300001267,3000207000138,3000207000000,51,0.36234027,3000207000111,-1,3000207000011,3000207000012,-1,28,0.0,0.0,0.0,12935,60.72495,4.8389955,8.799678,39628,6,0,0,-92.30687,213.91986,2.1313088,34.302433,60.80097,0.13700308,0.14375228,-0.017436076,31760,3,1267,0.01511761,881
3000207000111,50000300001253,3000207000138,3000207000000,50,0.40789944,3000207000112,-1,3000207000110,3000207000013,-1,32,0.0,0.0,0.0,12935,60.766888,4.754217,8.8080845,39628,6,0,0,-118.48054,200.40376,7.7128725,32.673393,60.732086,0.19236344,0.20224169,0.088235445,29972,3,1253,0.020361604,605
3000207000112,49000300001143,3000207000138,3000207000000,49,0.45657724,3000207000113,-1,3000207000111,3000207000014,3000207000152,73,0.0,0.0,0.0,12935,60.824596,4.67731,8.795719,39628,6,0,0,-133.03384,212.93977,6.7257833,37.045082,61.5451,-0.58726126,0.52575046,0.032725252,274748,3,1143,0.037123002,138
3000207000113,48000300001177,3000207000138,3000207000000,48,0.5085914,3000207000114,-1,3000207000112,3000207000015,3000207000081,61,0.0,0.0,0.0,12935,60.87883,4.602925,8.794547,39628,6,0,0,-142.72018,202.98479,13.760922,40.39293,67.14021,-0.471397,0.4519584,-0.013586468,29972,3,1177,0.029461358,907
3000207000114,47000300001553,3000207000138,3000207000000,47,0.5641766,3000207000115,-1,3000207000113,3000207000190,-1,48,0.0,0.0,0.0,12935,60.93509,4.5218105,8.787675,39624,6,0,0,-156.27335,198.66049,14.849778,44.79421,73.5816,0.12621371,0.08915714,0.19855976,274748,3,1553,0.01866784,989
3000207000115,46000300001523,3000207000138,3000207000000,46,0.6235901,3000207000116,-1,3000207000114,3000207000191,-1,33,0.0,0.0,0.0,12935,61.001232,4.4289956,8.768688,39624,6,0,0,-152.20702,208.6151,48.567715,46.93182,72.73131,0.054433618,0.1272407,-0.011543866,31760,3,1523,0.012794162,754
3000207000116,44000300001553,3000207000138,3000207000000,44,0.75503564,3000207000117,-1,3000207000115,3000207000193,-1,70,0.0,0.0,0.0,12935,61.13477,4.270986,8.686492,39624,6,0,0,-148.58702,135.26299,101.02527,44.002567,74.10011,-0.27900696,0.13317592,-0.10952763,31760,3,1553,0.025158122,479
3000207000117,43000300002539,3000207000138,3000207000000,43,0.8276991,3000207000118,-1,3000207000116,3000207000117,-1,84,6.6270566,4.991809,6.024597,12935,61.218163,4.2081795,8.640474,39624,6,0,0,-158.54196,110.37783,99.22716,43.229214,84.75638,-0.17537025,0.1258463,-0.20203559,31760,3,2539,0.034967978,191
3000207000118,42000300002391,3000207000138,3000207000000,42,0.9054624,3000207000119,-1,3000207000117,3000207000118,-1,98,5.3360715,4.6475463,5.3360715,12935,61.313896,4.1510963,8.60298,39624,6,0,0,-165.45686,94.02554,94.5244,41.704556,73.97771,-0.25670978,0.09570598,-0.1814756,274748,3,2391,0.041248534,459
3000207000119,41000300002568,3000207000138,3000207000000,41,0.98870814,3000207000120,-1,3000207000118,3000207000119,-1,83,5.7664,5.1639404,5.7664,12935,61.38163,4.0887265,8.55799,39624,6,0,0,-172.89043,75.1881,93.8535,42.24833,77.94241,-0.15025228,0.088387944,-0.061022397,30178,3,2568,0.025759736,326
3000207000120,40000300002456,3000207000137,3000207000000,40,1.0778745,3000207000121,3000207000138,3000207000119,3000207000120,-1,74,6.024597,5.2500057,5.9385314,12935,61.47749,4.046268,8.515574,39624,6,0,0,-172.32707,73.14009,87.22759,45.66036,84.36919,0.24797395,3.9984685E-4,0.25697914,30178,3,2456,0.025305822,928
3000207000121,39000300002192,3000207000137,3000207000000,39,1.173417,3000207000122,-1,3000207000120,3000207000121,-1,101,5.680334,4.5614805,5.508203,12935,61.546696,4.000696,8.47849,39625,6,0,0,-184.22305,54.858112,84.06323,45.320168,83.94937,0.028002359,-0.0048905215,0.15656622,274748,3,2192,0.038577966,48
3000207000122,38000300001875,3000207000137,3000207000000,38,1.2758462,3000207000123,-1,3000207000121,3000207000122,-1,127,4.905743,4.8196774,4.905743,12935,61.630463,3.9697173,8.432887,39625,6,0,0,-188.48114,44.998062,78.95779,44.268646,75.2627,-0.2044893,0.13847248,-0.18058692,31770,3,1875,0.049652703,152
3000207000123,37000300001844,3000207000137,3000207000000,37,1.3857181,3000207000124,-1,3000207000122,3000207000123,-1,133,6.799188,4.905743,6.799188,12935,61.72692,3.937403,8.38413,39625,6,0,0,-186.7079,39.245018,73.01889,51.76533,82.07609,-0.20668586,0.008365345,-0.24585769,30164,3,1844,0.04151899,721
3000207000124,36000300001900,3000207000137,3000207000000,36,1.5036365,3000207000125,-1,3000207000123,3000207000124,-1,123,6.799188,6.282794,6.799188,12935,61.81656,3.9197578,8.34303,39625,6,0,0,-184.43895,29.089857,67.61664,58.16347,88.3278,-0.23488766,-0.010138176,-0.3583095,30178,3,1900,0.032444797,743
3000207000125,35000300001965,3000207000136,3000207000000,35,1.6302707,3000207000126,3000207000137,3000207000124,3000207000125,3000207000137,84,6.4549255,6.196728,6.4549255,12936,61.93515,3.8872676,8.318627,39515,6,0,0,-205.6801,21.01105,87.53838,57.604477,93.083725,0.22281954,-0.0955035,-0.18470953,31770,3,1965,0.018472169,754
3000207000126,34000300001963,3000207000136,3000207000000,34,1.766336,3000207000127,-1,3000207000125,3000207000126,-1,109,6.196728,6.1106625,7.057385,12936,62.035004,3.8900592,8.285353,39515,6,0,0,-182.96655,17.983904,67.32414,62.56236,87.35831,-0.17241296,-0.12367168,-0.41192335,31770,3,1963,0.028249722,274
3000207000127,33000300002084,3000207000136,3000207000000,33,1.9126327,3000207000128,-1,3000207000126,3000207000127,-1,91,6.799188,6.540991,6.799188,12936,62.150074,3.8982093,8.250875,39515,6,0,0,-167.96591,23.126408,57.757877,60.138954,90.36222,-0.13127644,-0.040268514,-0.26682028,31777,3,2084,0.022964451,510
3000207000128,32000300002456,3000207000136,3000207000000,32,2.0700274,3000207000129,-1,3000207000127,3000207000128,-1,67,4.4754148,4.131152,4.8196774,12935,62.255306,3.9300053,8.191725,39625,6,0,0,-160.43365,16.161459,54.21941,54.12126,83.99393,0.15762185,0.09055035,0.105018064,31761,3,2456,0.0255887,174
3000207000129,31000300004132,3000207000136,3000207000000,31,2.2394855,3000207000130,-1,3000207000128,3000207000129,-1,31,2.840167,2.840167,2.840167,12935,62.366383,3.9660013,8.158676,39625,6,0,0,-186.74329,-39.506737,79.206215,40.96551,76.15876,0.13557978,-0.040937178,0.15937828,30178,3,4132,0.011297518,642
3000207000130,30000000003244,3000207000136,3000207000000,30,2.422044,3000207000131,-1,3000207000129,3000207000130,-1,28,2.065576,2.065576,2.065576,12935,62.485558,3.9879296,8.136899,39625,6,0,0,-175.81786,-33.126637,74.21227,44.211464,78.451416,0.05258605,-0.08034768,0.091109835,31776,0,3244,0.011299622,460
3000207000131,29000000002806,3000207000136,3000207000000,29,2.6188614,3000207000132,-1,3000207000130,3000207000131,-1,31,2.2377074,2.065576,2.2377074,458,0.10414461,4.003533,8.08521,2176,0,0,0,-177.48993,-32.143154,68.42795,35.543243,69.478584,0.044503476,-0.049527958,0.011467206,31776,0,2806,0.013310308,435
3000207000132,28000000002369,3000207000136,3000207000000,28,2.8311827,3000207000133,-1,3000207000131,3000207000132,-1,34,1.8073791,1.8073791,1.8073791,458,0.21880934,4.0115337,8.0141535,2176,0,0,0,-171.27754,-31.79578,65.01093,40.099213,71.76069,0.09840932,-0.050247267,0.06410137,31790,0,2369,0.016970439,427
3000207000133,27000000002409,3000207000136,3000207000000,27,3.060419,3000207000134,-1,3000207000132,3000207000133,-1,32,2.2377074,2.2377074,2.2377074,458,0.30777007,4.03508,7.9640684,2176,0,0,0,-168.28134,-26.127333,64.50089,48.99638,76.50253,0.054676503,0.03960203,-0.02979359,30178,0,2409,0.010990227,690
3000207000134,26000000002375,3000207000136,3000207000000,26,3.3080978,3000207000135,-1,3000207000133,3000207000134,-1,30,2.2377074,2.2377074,2.2377074,458,0.37753016,4.0718822,7.9461255,2176,0,0,0,-156.50748,-23.478241,61.877098,52.307777,85.9616,0.017955849,-0.0094989035,-0.047985733,31760,0,2375,0.008712441,138
3000207000135,25000000002056,3000207000136,3000207000000,25,3.575905,3000207000136,-1,3000207000134,3000207000135,-1,32,1.6352477,1.6352477,1.9795104,458,0.47263798,4.068851,7.93314,2176,0,0,0,-149.59274,-33.58107,58.102695,44.071465,86.69769,0.0666846,-0.06268004,0.053840563,30178,0,2056,0.012249755,934
3000207000136,24000000002788,3000207000136,3000207000000,24,3.8656828,-1,-1,3000207000135,3000207000136,-1,21,0.60245967,0.60245967,0.60245967,458,0.5192666,4.1035295,7.9353137,2176,0,0,0,-150.50934,-23.97543,55.48296,38.45741,53.75317,0.036577463,-0.018692745,-0.022421692,30178,0,2788,0.0141862715,890
3000207000137,35000300001966,3000207000137,3000207000000,35,1.6302707,-1,-1,3000207000124,3000207000125,-1,23,0.0,0.0,0.0,12935,62.006313,3.9725173,8.258098,39625,6,0,0,-127.335846,20.242542,-10.602974,39.13409,63.96016,0.0825076,-0.22434573,0.06824776,6311,3,1966,0.013205343,176
3000207000138,40000300005375,3000207000138,3000207000000,40,1.0778745,-1,-1,3000207000119,3000207000138,-1,21,0.774591,0.774591,0.774591,12935,61.56124,4.041993,8.408107,39625,6,0,0,-195.95067,38.653896,98.53557,21.961567,43.673668,-0.026631892,-0.13126567,0.029176097,300331,3,5375,0.027330983,667
3000207000139,53000300004346,3000207000148,3000207000000,53,0.2798018,3000207000140,3000207000149,3000207000009,3000207000139,-1,28,2.840167,2.1516418,2.4959044,12935,60.99836,4.908794,8.66969,39626,6,0,0,-155.71635,97.06723,189.14276,25.06403,46.392567,0.010399435,-0.07063752,0.04037553,7759665,3,4346,0.026775565,428
3000207000140,52000300004267,3000207000148,3000207000000,52,0.31970343,3000207000141,-1,3000207000139,3000207000140,-1,28,2.4959044,1.8934448,2.1516418,12935,61.036957,4.8667436,8.606049,39624,6,0,0,-137.68813,95.69672,184.70047,26.868067,47.5175,0.0046862946,-0.034372155,0.035280634,7759665,3,4267,0.028200213,424
3000207000141,51000300004275,3000207000148,3000207000000,51,0.36234027,3000207000142,-1,3000207000140,3000207000141,-1,28,3.098364,1.8934448,2.4959044,12935,61.09508,4.851507,8.533768,39624,6,0,0,-121.95541,97.34177,180.1418,26.729572,49.094494,0.0063498127,0.02609458,0.05983018,7759653,3,4275,0.024492178,855
3000207000142,50000300004329,3000207000148,3000207000000,50,0.40789944,3000207000143,-1,3000207000141,3000207000142,-1,30,3.0122986,2.065576,2.4959044,12935,61.14771,4.805626,8.451169,39624,6,0,0,-105.58333,94.89214,174.79755,26.22834,47.891975,-0.009439303,0.07189973,-0.037260346,7759665,3,4329,0.02661425,818
3000207000143,49000300004380,3000207000148,3000207000000,49,0.45657724,3000207000144,-1,3000207000142,3000207000143,-1,29,2.065576,1.9795104,2.065576,12935,61.201393,4.7632275,8.366105,39624,6,0,0,-92.27666,90.18245,163.41487,25.991892,47.27383,0.012839442,0.0076406086,-0.02712246,7759655,3,4380,0.030967614,253
3000207000144,48000300005027,3000207000148,3000207000000,48,0.5085914,3000207000145,-1,3000207000143,3000207000144,-1,29,2.1516418,1.6352477,1.7213135,12935,61.20215,4.723,8.3002,39624,6,0,0,-80.871506,92.46091,160.7147,27.082102,47.807545,-0.04880677,0.08018003,-0.034903966,7759654,3,5027,0.027808057,625
3000207000145,47000300006211,3000207000148,3000207000000,47,0.5641766,3000207000146,-1,3000207000144,3000207000145,-1,23,1.9795104,1.7213135,1.9795104,12935,61.260788,4.689077,8.231941,39624,6,0,0,-71.96832,95.35017,156.09232,26.862574,49.04067,-0.09382611,0.09261845,0.009830479,7759656,3,6211,0.019177957,603
3000207000146,46000300006170,3000207000148,3000207000000,46,0.6235901,3000207000147,-1,3000207000145,3000207000146,-1,23,1.8073791,1.3770508,1.549182,12935,61.281956,4.65621,8.178206,39624,6,0,0,-61.428,93.17015,147.82422,27.573225,50.8945,-0.09381379,0.091381535,0.009112891,7759656,3,6170,0.026776211,187
3000207000147,45000300005867,3000207000148,3000207000000,45,0.6871088,3000207000148,-1,3000207000146,3000207000147,-1,24,1.3770508,1.032788,1.3770508,12935,61.34016,4.581814,8.094324,39624,6,0,0,-57.04539,92.63094,140.44872,24.045435,41.852562,-0.026674043,0.16060632,-0.009371304,7759621,3,5867,0.029286811,522
3000207000148,44000300005875,3000207000148,3000207000000,44,0.75503564,-1,-1,3000207000147,3000207000148,-1,24,1.2909851,1.2909851,1.2909851,12935,61.368736,4.5345364,8.008229,39624,6,0,0,-47.75345,87.85347,132.96306,24.620945,45.901424,0.08076766,0.10652418,-0.16776958,7759621,3,5875,0.023470113,439
3000207000149,53000300001277,3000207000163,3000207000000,53,0.2798018,3000207000150,-1,3000207000009,3000207000010,3000207000166,24,0.0,0.0,0.0,12935,60.760155,5.0144606,8.769647,39626,6,0,0,-109.29199,19.862568,-1.3757697,40.637375,80.38084,0.11204567,-0.10859067,0.041436967,7769714,3,1277,0.009344778,464
3000207000150,52000300001288,3000207000163,3000207000000,52,0.31970343,3000207000151,-1,3000207000149,3000207000011,-1,29,0.0,0.0,0.0,12935,60.79536,5.000602,8.770678,39626,6,0,0,-105.83946,69.80669,-42.596664,47.137794,85.54844,0.054138828,-0.031617615,0.011122347,7769714,3,1288,0.008536957,335
3000207000151,51000300001266,3000207000163,3000207000000,51,0.36234027,3000207000152,-1,3000207000150,3000207000012,3000207000110,30,0.0,0.0,0.0,12935,60.832703,4.9542017,8.789587,39630,6,0,0,-101.36396,170.11832,-50.306896,49.880585,92.809525,-0.032343544,0.014127388,0.0069978586,7769971,3,1266,0.008068146,157
3000207000152,49000300001144,3000207000163,3000207000000,49,0.45657724,3000207000153,-1,3000207000151,3000207000014,3000207000080,58,0.0,0.0,0.0,12935,60.926502,4.8190565,8.769096,39624,6,0,0,-116.66769,137.18909,87.227394,48.166744,90.40803,-0.061531734,-0.22215684,0.20310298,7769441,3,1144,0.015178226,299
3000207000153,48000300001179,3000207000163,3000207000000,48,0.5085914,3000207000154,-1,3000207000152,3000207000015,-1,55,0.0,0.0,0.0,12935,60.96843,4.7639704,8.731923,39624,6,0,0,-106.54822,105.506134,98.356476,50.24512,92.54088,-0.062368885,-0.14199767,0.14719869,7769441,3,1179,0.013005938,341
3000207000154,47000300001317,3000207000163,3000207000000,47,0.5641766,3000207000155,-1,3000207000153,3000207000016,-1,71,0.0,0.0,0.0,12935,61.018906,4.731971,8.6882715,39624,6,0,0,-104.51679,80.70466,97.04159,49.748787,96.34499,0.10982094,-0.11387184,0.14101867,7769971,3,1317,0.0143553605,68
3000207000155,46000300001284,3000207000163,3000207000000,46,0.6235901,3000207000156,-1,3000207000154,3000207000017,3000207000083,161,0.0,0.0,0.0,12935,61.066856,4.6898813,8.6418,39624,6,0,0,-89.47401,69.268875,83.41949,53.11617,97.243935,-0.32448816,0.03452704,-0.49861792,7769971,3,1284,0.039260507,617
3000207000156,45000300001279,3000207000163,3000207000000,45,0.6871088,3000207000157,-1,3000207000155,3000207000018,3000207000084,122,0.0,0.0,0.0,12935,61.120502,4.660306,8.599547,39624,6,0,0,-94.60982,63.581684,81.77741,53.95572,101.793495,0.114153,0.072382405,-0.11045559,7769971,3,1279,0.028365325,301
3000207000157,44000300001368,3000207000163,3000207000000,44,0.75503564,3000207000158,-1,3000207000156,3000207000019,-1,102,0.0,0.0,0.0,12935,61.162697,4.636803,8.557772,39624,6,0,0,-102.026375,57.534847,75.01665,51.654324,93.8866,0.36505422,-0.13558227,-0.023112534,7769466,3,1368,0.022824185,521
3000207000158,43000300002174,3000207000163,3000207000000,43,0.8276991,3000207000159,-1,3000207000157,3000207000158,-1,104,10.069683,8.778699,9.8975525,12935,61.204052,4.609467,8.528814,39624,6,0,0,-96.72058,46.581406,61.688366,53.159157,98.92243,0.32314512,-0.24716668,-0.04391808,7769971,3,2174,0.020200228,790
3000207000159,42000300001330,3000207000163,3000207000000,42,0.9054624,3000207000160,-1,3000207000158,3000207000021,-1,88,0.0,0.0,0.0,12935,61.26395,4.6055536,8.496474,39624,6,0,0,-91.2083,40.163837,51.33791,50.970848,92.81012,0.29998904,-0.24118534,0.010957168,7769752,3,1330,0.019789644,77
3000207000160,41000300001962,3000207000163,3000207000000,41,0.98870814,3000207000161,-1,3000207000159,3000207000160,-1,109,11.016406,9.983618,10.586078,12935,61.316624,4.571861,8.461637,39624,6,0,0,-82.08623,37.6109,34.114666,48.80217,85.96451,0.33224073,-0.07628263,0.07752155,7769968,3,1962,0.028022757,100
3000207000161,40000300001190,3000207000163,3000207000000,40,1.0778745,3000207000162,-1,3000207000160,3000207000023,-1,100,0.0,0.0,0.0,12935,61.35226,4.5345416,8.452653,39624,6,0,0,-73.64335,29.000025,9.028933,52.927803,95.02693,0.24267642,-0.24043627,0.029830515,7769956,3,1190,0.021445286,268
3000207000162,39000300001167,3000207000163,3000207000000,39,1.173417,3000207000163,-1,3000207000161,3000207000024,-1,77,0.0,0.0,0.0,12935,61.36738,4.534195,8.454402,39624,6,0,0,-56.03796,20.37075,-23.010021,54.43039,101.00469,0.42168656,-0.25034615,0.11836546,7769956,3,1167,0.016933182,364
3000207000163,38000300001118,3000207000163,3000207000000,38,1.2758462,-1,-1,3000207000162,3000207000025,-1,53,0.0,0.0,0.0,12935,61.383358,4.5094514,8.49739,39624,6,0,0,-22.998419,33.514366,-71.47867,57.059433,100.06895,0.2340364,-0.19682828,0.13718161,7769758,3,1118,0.014489789,538
3000207000164,55000300001203,3000207000167,3000207000000,55,0.20754863,3000207000165,-1,3000207000007,3000207000008,3000207000173,32,0.0,0.0,0.0,12935,60.65661,4.983395,8.867653,39630,6,0,0,-17.14319,68.825424,-7.802361,39.7067,73.7601,0.025802119,-0.09113634,-0.07200664,7769974,3,1203,0.011565803,895
3000207000165,54000300001250,3000207000167,3000207000000,54,0.24246909,3000207000166,-1,3000207000164,3000207000009,3000207000174,35,0.0,0.0,0.0,12935,60.669254,4.9619856,8.870242,39630,6,0,0,-32.866707,34.98295,45.094536,37.97594,74.2015,0.079524934,-0.06366566,-0.06823204,7770000,3,1250,0.015539706,233
3000207000166,53000300001278,3000207000167,3000207000000,53,0.2798018,3000207000167,-1,3000207000165,3000207000010,-1,20,0.0,0.0,0.0,12935,60.688328,4.965298,8.853178,39630,6,0,0,-76.455444,11.01729,80.82255,38.76986,66.43297,0.08333732,0.04635955,0.061707478,7769987,3,1278,0.009225614,430
3000207000167,52000300001287,3000207000167,3000207000000,52,0.31970343,-1,-1,3000207000166,3000207000011,3000207000150,37,0.0,0.0,0.0,12935,60.72004,4.9569144,8.81255,39630,6,0,0,-106.956055,9.574555,133.69125,43.869705,72.64746,0.12373305,0.029134525,0.102105655,7770000,3,1287,0.014946062,28
3000207000168,57000300001237,3000207000168,3000207000000,57,0.14438343,-1,-1,3000207000005,3000207000006,-1,20,0.0,0.0,0.0,12935,60.72328,5.042266,8.910972,39630,6,0,0,-258.29776,98.723854,172.4997,22.676167,39.21112,0.07228315,-0.14685546,0.10511283,7759426,3,1237,0.028490044,392
3000207000169,59000300001282,3000207000174,3000207000000,59,0.08928783,3000207000170,-1,3000207000003,3000207000004,-1,24,0.0,0.0,0.0,12935,60.66541,5.2200637,8.808507,39630,6,0,0,-83.87763,44.231106,2.5631142,21.83254,44.170742,-0.27939114,-0.1818393,0.21295366,30166,3,1282,0.025339382,506
3000207000170,58000300001276,3000207000174,3000207000000,58,0.11588337,3000207000171,-1,3000207000169,3000207000005,-1,20,0.0,0.0,0.0,12935,60.680096,5.207148,8.806217,39630,6,0,0,-61.661648,61.59116,-7.1762357,22.64258,45.48031,0.10218131,-0.0066268886,0.095937066,30166,3,1276,0.023895329,40
3000207000171,57000300001236,3000207000174,3000207000000,57,0.14438343,3000207000172,-1,3000207000170,3000207000006,3000207000168,22,0.0,0.0,0.0,12935,60.698925,5.1864614,8.810275,39630,6,0,0,-36.714176,76.23831,-12.125581,25.372059,51.74704,0.0593363,0.102437854,0.05778008,30166,3,1236,0.021570738,538
3000207000172,56000300001255,3000207000174,3000207000000,56,0.17489761,3000207000173,-1,3000207000171,3000207000007,-1,32,0.0,0.0,0.0,12935,60.71446,5.1605716,8.81477,39630,6,0,0,-12.426443,84.07586,-20.634205,30.226425,54.382744,-0.54545826,0.13527666,0.17518772,30166,3,1255,0.022738757,187
3000207000173,55000300001204,3000207000174,3000207000000,55,0.20754863,3000207000174,-1,3000207000172,3000207000008,-1,24,0.0,0.0,0.0,12935,60.71743,5.128252,8.817674,39630,6,0,0,22.235458,126.3531,-15.281953,31.780396,56.158356,-0.05762655,0.06978618,0.071252294,30166,3,1204,0.016308418,562
3000207000174,54000300001251,3000207000174,3000207000000,54,0.24246909,-1,-1,3000207000173,3000207000009,-1,21,0.0,0.0,0.0,12935,60.695267,5.083538,8.808626,39630,6,0,0,45.114674,181.69771,5.8827877,38.88014,65.81336,0.011796589,0.08961919,0.055185508,31761,3,1251,0.009400141,821