haloID,subHaloID,lastProgenitorId,treeId,snapNum,redshift,firstProgenitorId,nextProgenitorId,descendantId,firstHaloInFOFgroupId,nextHaloInFOFgroupId,np,m_Mean200,m_Crit200,m_TopHat,phKey,x,y,z,zIndex,ix,iy,iz,velX,velY,velZ,velDisp,vMax,spinX,spinY,spinZ,mostBoundID,fileNr,subhaloIndex,halfmassRadius,random
2000043000000,63000200000459,2000043000291,2000043000000,63,0.0,2000043000001,-1,-1,2000043000000,2000043000331,5295,486.27106,381.357,438.84885,10952,48.382027,49.70467,30.00512,129329,5,5,3,-60.588696,136.31068,-230.52599,160.29117,299.25262,1.312806,-1.0931773,-2.477706,13527870,2,459,0.12525243,754
2000043000001,62000200000451,2000043000291,2000043000000,62,0.019932542,2000043000002,-1,2000043000000,2000043000001,2000043000332,5205,481.19318,375.93484,435.06198,10952,48.399784,49.67893,30.048893,129329,5,5,3,-61.28878,138.40349,-231.5906,162.79712,299.63095,1.4945397,-1.2297385,-2.436252,13523325,2,451,0.12152374,563
2000043000002,61000200000420,2000043000291,2000043000000,61,0.041403063,2000043000003,-1,2000043000001,2000043000002,2000043000333,5194,478.78333,368.44714,430.32837,10952,48.412563,49.655445,30.096125,129329,5,5,3,-60.591347,140.25822,-229.71906,162.3042,300.8337,1.4517367,-1.3128531,-2.2712958,13528032,2,420,0.11865863,130
2000043000003,60000200000524,2000043000291,2000043000000,60,0.064493395,2000043000004,-1,2000043000002,2000043000003,2000043000295,4992,476.97595,366.20944,427.7464,10952,48.424545,49.628975,30.151543,129329,5,5,3,-61.410503,140.32477,-230.22298,164.58754,300.09286,1.3698958,-1.9309608,-2.1540413,13527870,2,524,0.11424853,253
2000043000004,59000200000537,2000043000291,2000043000000,59,0.08928783,2000043000005,-1,2000043000003,2000043000004,2000043000296,5069,481.88168,365.7791,426.88574,10952,48.442574,49.591908,30.207241,129329,5,5,3,-61.30969,141.22545,-230.39987,162.06494,296.42728,1.3852437,-1.9200374,-2.4643004,13527870,2,537,0.11866264,322
2000043000005,58000200000537,2000043000291,2000043000000,58,0.11588337,2000043000006,-1,2000043000004,2000043000005,2000043000297,5004,482.9145,366.46762,429.63983,10952,48.458908,49.5474,30.264334,129329,5,5,3,-59.84593,143.86046,-225.41815,161.96877,297.39948,1.2992448,-1.8176638,-2.110254,13526246,2,537,0.12058081,762
2000043000006,57000200000543,2000043000286,2000043000000,57,0.14438343,2000043000007,2000043000287,2000043000005,2000043000006,2000043000298,5095,485.9268,366.984,435.57837,10952,48.473972,49.512707,30.327076,129333,5,5,3,-61.11243,145.89233,-225.84674,161.22112,294.59964,0.97732705,-1.7101495,-2.4413428,13526246,2,543,0.123202,440
2000043000007,56000200000535,2000043000286,2000043000000,56,0.17489761,2000043000008,-1,2000043000006,2000043000007,2000043000299,5131,490.57434,376.19305,442.37756,10952,48.493755,49.47203,30.396036,129333,5,5,3,-60.1062,147.12361,-228.96185,163.445,291.26053,0.8436349,-1.4558048,-2.0425298,13528087,2,535,0.12142503,143
2000043000008,55000200000520,2000043000286,2000043000000,55,0.20754863,2000043000009,-1,2000043000007,2000043000008,2000043000300,5213,495.22186,382.56192,456.3202,10952,48.512547,49.42783,30.464764,129333,5,5,3,-61.06935,148.88037,-226.916,169.4803,297.77075,0.9281221,-1.5519557,-2.2586422,13527822,2,520,0.11899273,781
2000043000009,54000200000524,2000043000286,2000043000000,54,0.24246909,2000043000010,-1,2000043000008,2000043000009,2000043000301,5284,496.59894,403.648,460.2792,10952,48.536556,49.37961,30.540016,129333,5,5,3,-62.744186,154.4249,-225.9737,175.71541,302.84348,0.6711797,-2.311601,-1.5905101,13523359,2,524,0.111656204,674
2000043000010,53000200000518,2000043000286,2000043000000,53,0.2798018,2000043000011,-1,2000043000009,2000043000010,2000043000302,5336,497.28745,409.32834,469.14398,10952,48.571285,49.324276,30.610537,129333,5,5,3,-65.556305,151.73288,-228.04192,185.788,317.84515,0.8927868,-2.056497,-1.9748721,13527822,2,518,0.106396794,442
2000043000011,52000200000482,2000043000215,2000043000000,52,0.31970343,2000043000012,2000043000216,2000043000010,2000043000011,2000043000216,5137,497.71777,424.30377,471.6399,10952,48.60143,49.262886,30.689068,129333,5,5,3,-69.071884,152.26492,-224.40298,182.02637,299.07285,0.73022383,-2.3499537,-1.9330946,13527890,2,482,0.108590886,454
2000043000012,51000200000455,2000043000190,2000043000000,51,0.36234027,2000043000013,2000043000191,2000043000011,2000043000012,2000043000217,4967,490.91858,422.15213,475.08252,10952,48.625835,49.20434,30.769386,129333,5,5,3,-72.86755,153.96054,-222.7947,180.60927,297.6018,0.55768794,-2.4604735,-1.8546646,13527736,2,455,0.11075375,835
2000043000013,50000200000476,2000043000168,2000043000000,50,0.40789944,2000043000014,2000043000169,2000043000012,2000043000013,2000043000192,4874,473.53333,414.32013,454.94315,10952,48.65784,49.151215,30.848886,129333,5,5,3,-76.185394,156.81224,-222.97992,184.2161,300.31204,0.48954847,-2.0947104,-2.0869606,13526246,2,476,0.10427154,197
2000043000014,49000200000459,2000043000140,2000043000000,49,0.45657724,2000043000015,2000043000141,2000043000013,2000043000014,2000043000219,4362,443.58246,397.8816,430.41443,10952,48.682034,49.09262,30.938862,129333,5,5,3,-77.413155,164.39543,-225.3083,189.21754,300.53583,0.46042252,-2.3689523,-2.0234852,13527904,2,459,0.09061107,60
2000043000015,48000200000472,2000043000140,2000043000000,48,0.5085914,2000043000016,-1,2000043000014,2000043000015,2000043000142,4184,420.25867,365.00452,399.8611,10952,48.696136,49.000946,31.029385,129333,5,5,3,-80.81302,151.94763,-218.44063,202.52197,334.1588,0.54733926,-1.9266189,-2.9867845,13527904,2,472,0.07247351,30
2000043000016,47000200000462,2000043000136,2000043000000,47,0.5641766,2000043000017,2000043000137,2000043000015,2000043000016,2000043000220,3633,389.27502,338.58234,376.62338,10952,48.749104,48.90283,31.138,129333,5,5,3,-101.97356,168.42195,-227.67188,173.91763,292.45053,0.74223286,-1.54848,-1.9623811,13527904,2,462,0.08208081,348
2000043000017,46000200000422,2000043000136,2000043000000,46,0.6235901,2000043000018,-1,2000043000016,2000043000017,2000043000221,3336,356.39795,264.99622,321.97168,10953,48.800907,48.817444,31.243984,129319,5,5,3,-109.61578,166.90742,-223.26102,163.32942,288.79776,0.6851606,-1.2859542,-1.3945518,13521293,2,422,0.0822525,886
2000043000018,45000200000390,2000043000127,2000043000000,45,0.6871088,2000043000019,2000043000128,2000043000017,2000043000018,2000043000222,3000,274.11917,237.54126,264.99622,21809,48.857006,48.737984,31.349396,241674,5,5,3,-114.88587,169.87248,-222.07204,160.42046,287.38724,0.9054136,-1.2237741,-0.86859995,13528326,2,390,0.07251838,257
2000043000019,44000200000372,2000043000127,2000043000000,44,0.75503564,2000043000020,-1,2000043000018,2000043000019,2000043000223,2782,252.51668,227.81583,245.63142,21809,48.917934,48.656574,31.464808,241674,5,5,3,-110.6334,166.83768,-215.5429,166.33875,297.46854,0.5761683,-0.74464476,-1.1237688,13527155,2,372,0.06360825,134
2000043000020,43000500000316,2000043000127,2000043000000,43,0.8276991,2000043000021,-1,2000043000019,2000043000020,-1,2611,236.6806,219.8978,234.35683,21809,48.97573,48.57118,31.56988,241674,5,5,3,-113.36696,166.14908,-210.9918,162.15892,286.54822,0.54948676,-0.51171005,-0.53894746,13527155,5,316,0.063007,178
2000043000021,42000200000390,2000043000127,2000043000000,42,0.9054624,2000043000022,-1,2000043000020,2000043000021,-1,2546,227.55763,210.68877,223.85681,21809,49.033886,48.48393,31.678352,241674,5,5,3,-108.05924,164.85118,-207.44112,160.71315,287.59,0.73803073,-0.5911093,-0.3365144,13521347,2,390,0.063078046,223
2000043000022,41000500000289,2000043000127,2000043000000,41,0.98870814,2000043000023,-1,2000043000021,2000043000022,-1,2330,220.75845,206.04121,218.865,21809,49.084724,48.39532,31.786356,241674,5,5,3,-108.37012,160.20514,-204.22186,163.29642,286.18222,0.39550298,-0.5759367,0.100293,13527152,5,289,0.05617704,695
2000043000023,40000500000334,2000043000127,2000043000000,40,1.0778745,2000043000024,-1,2000043000022,2000043000023,-1,2310,212.23795,200.53302,211.46335,21809,49.138783,48.315514,31.897844,241674,5,5,3,-104.44673,158.54948,-196.49588,164.04912,289.92224,0.7310486,-0.5375913,0.11035214,13527152,5,334,0.05582056,814
2000043000024,39000500000294,2000043000127,2000043000000,39,1.173417,2000043000025,-1,2000043000023,2000043000024,-1,2187,204.40598,194.59448,203.88957,21809,49.19232,48.22949,32.004303,241674,5,5,3,-100.20754,153.97295,-190.049,167.28554,286.1333,0.597873,-0.3396154,0.1943143,13521267,5,294,0.05237086,130
2000043000025,38000500000238,2000043000127,2000043000000,38,1.2758462,2000043000026,-1,2000043000024,2000043000025,-1,2198,200.79121,190.033,200.79121,21809,49.254253,48.15677,32.10386,241674,5,5,3,-96.14356,150.89098,-182.32832,165.94423,284.57425,0.7055022,-0.53325945,0.30589476,13527152,5,238,0.05110867,924
2000043000026,37000500000236,2000043000127,2000043000000,37,1.3857181,2000043000027,-1,2000043000025,2000043000026,-1,2208,194.0781,184.95512,194.33629,21809,49.30072,48.06142,32.19373,241674,5,5,3,-92.052,153.62624,-177.46985,168.6647,290.57205,0.86298925,-0.6145429,0.18033269,13527822,5,236,0.05122925,221
2000043000027,36000500000213,2000043000127,2000043000000,36,1.5036365,2000043000028,-1,2000043000026,2000043000027,-1,2182,187.79529,179.36086,189.94693,21809,49.353134,47.98128,32.29482,241678,5,5,3,-91.737335,152.79062,-172.46945,166.56728,284.72644,0.7927767,-0.6697358,-0.04570521,13527822,5,213,0.05145229,883
2000043000028,35000500000198,2000043000127,2000043000000,35,1.6302707,2000043000029,-1,2000043000027,2000043000028,-1,2196,187.96742,178.58627,190.80759,21809,49.39114,47.880463,32.37607,241678,5,5,3,-90.10306,147.50328,-168.0656,168.86787,286.47415,0.7498714,-0.3815914,-0.28973043,13528172,5,198,0.05246922,536
2000043000029,34000500000167,2000043000127,2000043000000,34,1.766336,2000043000030,-1,2000043000028,2000043000029,-1,2190,182.63135,174.11086,186.07397,21809,49.441563,47.80459,32.48511,241676,5,5,3,-90.46046,146.07773,-164.4849,167.8979,282.75473,0.7554041,-0.23997484,-0.3636362,13527155,5,167,0.051896825,29
2000043000030,33000500000146,2000043000127,2000043000000,33,1.9126327,2000043000031,-1,2000043000029,2000043000030,-1,2191,184.5248,176.52069,188.0535,21809,49.482044,47.710365,32.563454,241676,5,5,3,-90.15034,144.32474,-162.18777,169.07256,285.8286,0.8977279,-0.31439966,-0.31259602,13528329,5,146,0.052590903,155
2000043000031,32000500000121,2000043000127,2000043000000,32,2.0700274,2000043000032,-1,2000043000030,2000043000031,-1,2087,177.03708,173.2502,179.79118,21809,49.514214,47.60081,32.629894,241676,5,5,3,-89.62218,143.79831,-155.53824,173.21365,284.96768,0.42607972,0.008079995,-0.34969273,13527155,5,121,0.050627112,462
2000043000032,31000500000103,2000043000125,2000043000000,31,2.2394855,2000043000033,2000043000126,2000043000031,2000043000032,-1,1842,161.71739,158.4469,164.55756,21809,49.58443,47.495354,32.732952,241676,5,5,3,-87.62947,141.40706,-150.38608,182.73979,291.30786,0.37547353,-0.0025404447,-0.46671999,13527155,5,103,0.040590946,264
2000043000033,30000500000085,2000043000125,2000043000000,30,2.422044,2000043000034,-1,2000043000032,2000043000033,2000043000127,1805,137.44688,134.17638,140.80344,21809,49.60869,47.399693,32.81648,241676,5,5,3,-85.24905,136.59018,-145.91772,182.46646,307.3615,0.31035382,0.121917166,-0.72711974,13528055,5,85,0.03641003,251
2000043000034,29000500000077,2000043000100,2000043000000,29,2.6188614,2000043000035,2000043000101,2000043000033,2000043000034,2000043000101,1557,110.76652,108.614876,114.72554,21809,49.622787,47.27474,32.870285,241676,5,5,3,-78.47362,148.77533,-135.90489,155.65674,258.43567,0.11530081,-0.17221667,-0.036349975,13527778,5,77,0.045041163,908
2000043000035,28000500000058,2000043000087,2000043000000,28,2.8311827,2000043000036,2000043000088,2000043000034,2000043000035,2000043000102,1414,86.66813,84.86075,90.36896,21809,49.658295,47.169895,32.93308,241676,5,5,3,-84.3319,146.20619,-117.15448,147.73476,253.94905,0.7609257,-0.6184308,0.2869712,13528329,5,58,0.04556593,59
2000043000036,27000500000045,2000043000086,2000043000000,27,3.060419,2000043000037,2000043000087,2000043000035,2000043000036,2000043000103,1280,87.27059,85.89354,90.45502,21809,49.704876,47.10105,33.000587,241676,5,5,3,-86.145676,141.15895,-117.072815,148.26878,257.2133,0.9471631,-1.0804651,0.62307966,13528055,5,45,0.036273662,884
2000043000037,26000500000051,2000043000085,2000043000000,26,3.3080978,2000043000038,2000043000086,2000043000036,2000043000037,2000043000086,959,85.97961,85.377144,87.528786,21809,49.757015,47.000294,33.06397,241676,5,5,3,-79.93084,153.27032,-101.63562,170.81915,266.2595,0.19065963,-0.8305365,0.5799647,13521385,5,51,0.025299555,698
2000043000038,25000500000050,2000043000084,2000043000000,25,3.575905,2000043000039,2000043000085,2000043000037,2000043000038,2000043000085,836,77.545166,76.34025,80.38534,21809,49.80359,46.977695,33.126934,241676,5,5,3,-91.17946,129.62744,-110.2763,159.93768,245.25623,0.10544939,-0.8479517,0.7344712,13528086,5,50,0.026415074,31
2000043000039,24000500000034,2000043000053,2000043000000,24,3.8656828,2000043000040,2000043000054,2000043000038,2000043000039,2000043000063,680,56.545147,55.942688,58.61072,22520,49.774185,46.783165,33.117233,234654,5,5,3,-77.0582,111.64737,-105.65127,148.45387,217.14435,0.22374365,-0.88976526,0.67790186,13528006,5,34,0.02733533,648
2000043000040,23000500000031,2000043000053,2000043000000,23,4.1794686,2000043000041,-1,2000043000039,2000043000040,2000043000055,683,56.975475,56.200882,58.09433,22520,49.81534,46.749508,33.184414,234655,5,5,3,-47.228184,155.07358,-91.993515,153.30254,252.16884,-0.34428528,-0.3604597,0.5093498,13527994,5,31,0.02096963,309
2000043000041,22000500000025,2000043000052,2000043000000,22,4.5195556,2000043000042,2000043000053,2000043000040,2000043000041,2000043000053,60,43.54923,43.54923,45.614807,22523,49.905674,46.745293,33.281994,234683,5,5,3,-184.70563,87.65601,-138.4801,94.56067,153.81917,-0.10306523,0.041113243,0.036575153,13528005,5,25,0.005006573,938
2000043000042,21000500000028,2000043000052,2000043000000,21,4.888449,2000043000043,-1,2000043000041,2000043000042,2000043000065,182,23.66806,23.237732,24.356585,22523,49.99595,46.69256,33.36629,234683,5,5,3,-152.33667,134.54335,-108.85512,111.1382,169.88197,-0.21927683,0.24394245,-0.029682765,13528005,5,28,0.0131575,283
2000043000043,20000500000018,2000043000052,2000043000000,20,5.2888336,2000043000044,-1,2000043000042,2000043000043,2000043000066,259,15.577887,15.577887,17.729528,22523,50.068504,46.589664,33.436607,234683,5,5,3,-129.12372,134.23807,-97.099884,105.732,172.62474,-0.29689428,0.23386578,0.0677561,13521277,5,18,0.01757719,159
2000043000044,19000500000035,2000043000052,2000043000000,19,5.7238646,2000043000045,-1,2000043000043,2000043000044,-1,208,12.565588,12.565588,13.942638,22523,50.12541,46.51878,33.458084,234683,5,5,3,-123.36588,132.39664,-103.34246,101.85319,166.87561,-0.24119642,0.3270898,-0.10835658,13521277,5,35,0.015010746,851
2000043000045,18000500000014,2000043000052,2000043000000,18,6.1968336,2000043000046,-1,2000043000044,2000043000045,-1,199,11.016406,10.93034,12.307391,22523,50.198227,46.443237,33.518627,234683,5,5,3,-115.518745,124.20273,-95.1494,104.573456,168.6579,-0.29061186,0.36660835,-0.23383039,13521283,5,14,0.014164287,111
2000043000046,17000500000021,2000043000052,2000043000000,17,6.7115865,2000043000047,-1,2000043000045,2000043000046,-1,150,8.004107,8.004107,8.262304,22523,50.231415,46.36119,33.508026,234683,5,5,3,-112.02768,120.47693,-96.13343,100.3678,151.97986,-0.37983978,0.30000824,-0.072642334,13521275,5,21,0.012804051,578
2000043000047,16000500000019,2000043000050,2000043000000,16,7.272188,2000043000048,2000043000051,2000043000046,2000043000047,-1,93,6.4549255,6.4549255,6.971319,22523,50.31609,46.34077,33.54848,234683,5,5,3,-118.338745,114.98277,-61.200302,98.1064,163.25653,-0.072742715,0.089762285,-0.09072531,13521346,5,19,0.0073719774,511
2000043000048,15000500000015,2000043000050,2000043000000,15,7.8832035,2000043000049,-1,2000043000047,2000043000048,-1,76,4.991809,4.991809,5.1639404,22523,50.35018,46.247917,33.563595,234683,5,5,3,-106.263084,102.25559,-52.72099,92.37855,145.89267,0.055726483,0.014103061,-0.102138475,13521277,5,15,0.0070044347,977
2000043000049,14000500000014,2000043000050,2000043000000,14,8.549912,2000043000050,-1,2000043000048,2000043000049,-1,56,2.9262328,2.840167,3.3565612,22523,50.404762,46.185863,33.60007,234683,5,5,3,-108.836105,108.29711,-66.5657,71.10097,125.46234,0.05037562,-0.055622958,-0.056115504,13521283,5,14,0.0076334993,337
2000043000050,13000500000049,2000043000050,2000043000000,13,9.277915,-1,-1,2000043000049,2000043000050,-1,24,1.4631164,1.4631164,1.4631164,22523,50.450527,46.07706,33.59466,234683,5,5,3,-98.685356,141.20166,-59.60646,64.16936,103.98212,-0.10729216,-0.022468379,0.049619596,13521283,5,49,0.0045755077,946
2000043000051,16000500000252,2000043000052,2000043000000,16,7.272188,2000043000052,-1,2000043000046,2000043000051,-1,26,2.4098387,2.4098387,2.4959044,22523,50.373974,46.402542,33.77765,234683,5,5,3,-77.82465,149.2117,-220.59552,70.39056,121.05792,-0.009259169,0.0030642608,0.022056468,13527820,5,252,0.004324159,397
2000043000052,15000500000137,2000043000052,2000043000000,15,7.8832035,-1,-1,2000043000051,2000043000052,-1,26,1.1188537,1.1188537,1.4631164,22523,50.406574,46.306526,33.8761,234683,5,5,3,-80.30497,135.00092,-176.69041,56.729797,89.37617,-0.034963988,0.14877671,0.03494101,13527750,5,137,0.0068998593,603
2000043000053,22000500000023,2000043000053,2000043000000,22,4.5195556,-1,-1,2000043000040,2000043000041,2000043000064,337,0.0,0.0,0.0,22523,49.79675,46.62222,33.22697,234682,5,5,3,-76.6591,168.31207,-102.523315,128.80359,179.26569,0.010741431,-0.08065896,-0.20372407,13527156,5,23,0.02132828,601
2000043000054,24000500000036,2000043000062,2000043000000,24,3.8656828,2000043000055,2000043000063,2000043000038,2000043000039,-1,42,0.0,0.0,0.0,21810,49.922016,46.988956,33.251244,241705,5,5,3,-208.55545,17.176085,-150.97266,73.4534,102.90468,-0.15917878,-0.12375633,-0.08954684,13521167,5,36,0.007995992,491
2000043000055,23000500000032,2000043000062,2000043000000,23,4.1794686,2000043000056,-1,2000043000054,2000043000040,-1,138,0.0,0.0,0.0,21810,50.056206,46.959454,33.352528,241705,5,5,3,-192.11397,19.371664,-141.23253,77.2433,126.96955,0.22055344,-0.2226836,-0.108243495,13521203,5,32,0.018865375,134
2000043000056,22000500000142,2000043000062,2000043000000,22,4.5195556,2000043000057,-1,2000043000055,2000043000056,-1,142,11.274603,10.93034,13.081982,21810,50.12588,46.945316,33.388477,241705,5,5,3,-184.6839,19.275227,-118.84745,87.92262,127.21517,0.30606025,-0.29915982,-0.12800902,13521200,5,142,0.018846985,122
2000043000057,21000500000158,2000043000062,2000043000000,21,4.888449,2000043000058,-1,2000043000056,2000043000057,-1,123,11.360668,11.274603,11.963128,21810,50.21974,46.91759,33.52969,241705,5,5,3,-167.28697,29.292799,-92.319664,99.88988,151.34358,0.19780998,-0.21066105,-0.19846691,13521200,5,158,0.011536108,234
2000043000058,20000500000156,2000043000062,2000043000000,20,5.2888336,2000043000059,-1,2000043000057,2000043000058,-1,101,7.831976,7.831976,8.176239,21810,50.291622,46.876244,33.53925,241705,5,5,3,-144.23073,28.498384,-89.570724,85.73866,131.40234,0.12776645,-0.37333086,-0.1461118,13521381,5,156,0.01202797,628
2000043000059,19000500000180,2000043000062,2000043000000,19,5.7238646,2000043000060,-1,2000043000058,2000043000059,-1,69,4.733612,4.733612,4.991809,22523,50.344215,46.8541,33.65909,234683,5,5,3,-135.83867,52.440987,-124.96511,71.343956,119.322525,0.107682414,-0.034505982,0.061742995,13521241,5,180,0.010025546,761
2000043000060,18000500000218,2000043000062,2000043000000,18,6.1968336,2000043000061,-1,2000043000059,2000043000060,-1,49,2.9262328,2.9262328,2.9262328,22523,50.395294,46.864285,33.767162,234683,5,5,3,-137.88559,42.660744,-120.127525,70.40083,108.705215,0.007209582,0.08572911,-0.09813841,13521403,5,218,0.007981282,967
2000043000061,17000500000212,2000043000062,2000043000000,17,6.7115865,2000043000062,-1,2000043000060,2000043000061,-1,39,1.4631164,1.4631164,1.549182,22523,50.47263,46.852215,33.776077,234683,5,5,3,-140.46127,45.564636,-103.07517,59.94993,97.602646,0.057806555,0.06601321,-0.120711565,13521163,5,212,0.009232272,684
2000043000062,16000500000188,2000043000062,2000043000000,16,7.272188,-1,-1,2000043000061,2000043000062,-1,31,1.2049193,1.2049193,1.3770508,22523,50.559677,46.797344,33.81359,234683,5,5,3,-123.3414,40.935062,-104.810524,62.3774,90.35044,0.09883013,-0.03139162,-0.055041045,13521192,5,188,0.0076850927,928
2000043000063,24000500000035,2000043000084,2000043000000,24,3.8656828,2000043000064,-1,2000043000038,2000043000039,2000043000054,61,0.0,0.0,0.0,22520,49.844776,46.86728,33.16538,234655,5,5,3,-98.266975,285.3676,-68.15875,111.127754,157.86494,0.03353909,0.03138286,0.08343894,13528172,5,35,0.0054883207,55
2000043000064,22000500000024,2000043000084,2000043000000,22,4.5195556,2000043000065,-1,2000043000063,2000043000041,-1,74,0.0,0.0,0.0,22523,49.865395,46.54505,33.215145,234683,5,5,3,53.74278,142.37859,-7.365204,105.0776,153.54443,-0.26073933,0.18712641,-0.02102817,13528055,5,24,0.006750681,647
2000043000065,21000500000027,2000043000084,2000043000000,21,4.888449,2000043000066,-1,2000043000064,2000043000042,-1,284,0.0,0.0,0.0,22523,49.809883,46.485558,33.242874,234683,5,5,3,21.306087,153.97281,-63.33018,132.54404,204.02878,-0.4995915,0.026960788,-0.12280016,13528084,5,27,0.013012983,800
2000043000066,20000500000019,2000043000084,2000043000000,20,5.2888336,2000043000067,-1,2000043000065,2000043000043,-1,177,0.0,0.0,0.0,22523,49.737904,46.441696,33.284645,234682,5,5,3,5.145034,150.06294,-54.46422,101.34279,142.87987,-0.51972526,-0.16440676,-0.26807636,13528019,5,19,0.017266262,216
2000043000067,19000500000260,2000043000072,2000043000000,19,5.7238646,2000043000068,2000043000073,2000043000066,2000043000067,-1,52,3.6147583,3.442627,4.217218,22523,49.696175,46.391872,33.31641,234682,5,5,3,74.99917,84.16626,-53.4807,64.94966,112.73442,0.01894606,0.009979997,0.09584446,13528168,5,260,0.008128135,835
2000043000068,18000500000280,2000043000072,2000043000000,18,6.1968336,2000043000069,-1,2000043000067,2000043000068,-1,43,3.2704954,3.18443,3.2704954,22523,49.63941,46.355194,33.35936,234682,5,5,3,60.677334,53.076202,-61.708496,62.90288,118.50633,-0.10639045,-0.12325294,0.02899317,13528085,5,280,0.005839805,541
2000043000069,17000500000053,2000043000072,2000043000000,17,6.7115865,2000043000070,-1,2000043000068,2000043000069,2000043000082,34,2.840167,2.840167,2.840167,22523,49.592674,46.33908,33.384884,234682,5,5,3,33.82415,58.991856,-55.045105,69.0066,125.19133,0.019621164,0.0022059572,0.077612735,13528168,5,53,0.005466554,894
2000043000070,16000500000132,2000043000072,2000043000000,16,7.272188,2000043000071,-1,2000043000069,2000043000070,-1,37,3.098364,3.098364,3.18443,22523,49.590622,46.298744,33.39428,234682,5,5,3,18.028437,63.858063,-45.63711,68.25592,122.617386,-0.0036563864,-0.035591014,0.07142182,13528087,5,132,0.0055157626,971
2000043000071,15000500000095,2000043000072,2000043000000,15,7.8832035,2000043000072,-1,2000043000070,2000043000071,-1,33,1.8073791,1.8073791,1.9795104,22523,49.554314,46.268185,33.418316,234682,5,5,3,10.882028,63.048164,-52.715843,63.68196,107.94004,0.06783276,-0.036608465,0.047681008,13528172,5,95,0.005400745,832
2000043000072,14000500000057,2000043000072,2000043000000,14,8.549912,-1,-1,2000043000071,2000043000072,-1,31,1.2049193,1.2049193,1.6352477,22523,49.54639,46.259743,33.460125,234682,5,5,3,6.3349695,62.66108,-47.39502,57.010635,98.58902,0.040107667,-0.005807443,0.031749506,13528172,5,57,0.006891278,812
2000043000073,19000500000136,2000043000079,2000043000000,19,5.7238646,2000043000074,2000043000080,2000043000066,2000043000073,-1,91,2.2377074,2.2377074,2.4098387,22523,49.986153,46.221195,33.299755,234683,5,5,3,-74.33701,187.3557,-3.5294828,68.33911,101.69775,-0.011027453,0.03950874,-0.053323865,13527990,5,136,0.019078184,372
2000043000074,18000500000212,2000043000076,2000043000000,18,6.1968336,2000043000075,2000043000077,2000043000073,2000043000074,-1,45,1.2049193,1.2049193,1.7213135,22523,49.91611,46.118965,33.242275,234683,5,5,3,-55.909664,191.24713,12.838929,59.94315,96.17491,-0.23635907,-0.12622909,0.05843858,13527153,5,212,0.011173594,164
2000043000075,17000500000174,2000043000076,2000043000000,17,6.7115865,2000043000076,-1,2000043000074,2000043000075,-1,35,1.8073791,1.8073791,1.8934448,22523,49.96225,46.038353,33.207134,234683,5,5,3,-82.6783,185.98315,12.300559,52.57844,88.297195,-0.15520528,0.07306434,0.1239508,13527160,5,174,0.00974967,51
2000043000076,15000500000172,2000043000076,2000043000000,15,7.8832035,-1,-1,2000043000075,2000043000076,-1,21,0.774591,0.774591,0.774591,22523,50.059475,45.830605,33.216507,234681,5,5,3,-74.213326,157.32936,1.9291221,51.076443,76.863434,-0.06431982,0.06964505,0.005714437,13527161,5,172,0.007960154,933
2000043000077,18000500000620,2000043000079,2000043000000,18,6.1968336,2000043000078,-1,2000043000073,2000043000077,-1,25,2.065576,2.065576,2.065576,22523,50.02975,46.162037,33.32238,234683,5,5,3,-58.675434,113.27329,-32.30524,56.11737,91.811295,-0.01475392,-0.11144978,-0.023477232,13527990,5,620,0.0059669684,967
2000043000078,17000500000243,2000043000079,2000043000000,17,6.7115865,2000043000079,-1,2000043000077,2000043000078,-1,30,2.3237731,2.3237731,2.3237731,22523,50.042873,46.100674,33.324997,234683,5,5,3,-48.896473,109.17279,-34.533173,56.041256,99.16382,-9.358208E-4,-0.06569806,-0.007629739,13527990,5,243,0.0073909764,157
2000043000079,16000500000174,2000043000079,2000043000000,16,7.272188,-1,-1,2000043000078,2000043000079,-1,29,2.2377074,2.2377074,2.2377074,22523,50.07138,46.0521,33.316746,234683,5,5,3,-53.323044,104.3559,-19.85463,61.989174,103.59737,0.07048101,-0.028155528,-0.04570154,13527991,5,174,0.006763514,398
2000043000080,19000500000295,2000043000084,2000043000000,19,5.7238646,2000043000081,-1,2000043000066,2000043000080,-1,54,2.3237731,2.3237731,2.7541015,22523,49.81049,46.480507,33.33687,234683,5,5,3,43.040962,48.952087,-183.55061,59.41702,102.61872,0.09395263,0.118172556,-0.08176754,13528300,5,295,0.011160707,103
2000043000081,18000500000411,2000043000084,2000043000000,18,6.1968336,2000043000082,-1,2000043000080,2000043000081,-1,33,3.2704954,3.2704954,3.5286925,22523,49.785282,46.46358,33.440865,234682,5,5,3,36.49412,64.78947,-192.44232,67.47543,114.9633,-0.07665724,0.014275576,0.03417404,13528339,5,411,0.0063784774,132
2000043000082,17000500000052,2000043000084,2000043000000,17,6.7115865,2000043000083,-1,2000043000081,2000043000069,-1,42,0.0,0.0,0.0,22523,49.760143,46.451317,33.531685,234682,5,5,3,29.652338,99.81002,-178.44514,67.32497,115.613464,0.030729245,0.020483963,-0.01777351,13528298,5,52,0.0061038844,807
2000043000083,16000500000275,2000043000084,2000043000000,16,7.272188,2000043000084,-1,2000043000082,2000043000083,-1,25,1.4631164,1.4631164,1.7213135,22523,49.75363,46.421677,33.63935,234682,5,5,3,30.208233,92.21087,-176.37094,58.40736,96.42755,-0.070242025,0.044439487,0.019396668,13528293,5,275,0.0057447185,285
2000043000084,15000500000174,2000043000084,2000043000000,15,7.8832035,-1,-1,2000043000083,2000043000084,-1,23,1.2049193,1.2049193,1.2049193,22523,49.767246,46.36567,33.721027,234682,5,5,3,23.42192,94.01893,-158.99234,47.73158,89.15421,-0.04177721,0.032234915,-0.01901857,13527802,5,174,0.0061266753,870
2000043000085,25000500000051,2000043000085,2000043000000,25,3.575905,-1,-1,2000043000037,2000043000038,-1,67,0.0,0.0,0.0,21809,49.771717,46.879852,33.06358,241676,5,5,3,50.079483,231.51894,-23.733437,86.82236,144.62439,-0.027831566,-0.046958156,0.0734931,13521285,5,51,0.0066543575,967
2000043000086,26000500000052,2000043000086,2000043000000,26,3.3080978,-1,-1,2000043000036,2000043000037,-1,25,0.0,0.0,0.0,21809,49.73435,46.93173,32.97342,241676,5,5,3,-49.18787,-16.063334,-127.19803,76.16418,104.672295,-0.17764647,-0.07492726,-0.05383226,13521149,5,52,0.004942799,852
2000043000087,27000500003166,2000043000087,2000043000000,27,3.060419,-1,-1,2000043000035,2000043000087,-1,23,0.0,0.0,0.0,21810,50.012566,47.714687,33.58663,241705,5,5,3,-71.28049,48.199966,-285.98633,31.212004,54.731865,-0.08077712,-0.019759977,-0.04544604,13514364,5,3166,0.01748479,394
2000043000088,28000500002952,2000043000093,2000043000000,28,2.8311827,2000043000089,2000043000094,2000043000034,2000043000088,-1,21,1.2049193,1.1188537,1.4631164,22520,49.412724,46.843056,32.754856,234654,5,5,3,23.165104,285.85635,-111.28887,33.513042,58.15768,-0.0077451114,0.060718466,0.0023561562,13527175,5,2952,0.014488152,47
2000043000089,27000500002314,2000043000093,2000043000000,27,3.060419,2000043000090,-1,2000043000088,2000043000089,-1,27,1.8073791,1.8073791,1.8073791,22520,49.41301,46.65894,32.784664,234654,5,5,3,-8.545652,261.60074,-102.68777,36.435688,63.948097,-0.03554221,0.024844753,0.055851158,13527143,5,2314,0.013757298,191
2000043000090,26000500002961,2000043000093,2000043000000,26,3.3080978,2000043000091,-1,2000043000089,2000043000090,-1,20,1.3770508,1.3770508,1.549182,22520,49.414806,46.527702,32.85213,234654,5,5,3,-25.883705,231.42705,-97.07308,39.05605,70.3292,-0.11339616,-0.06621673,0.031041726,13527148,5,2961,0.008231732,967
2000043000091,24000500002848,2000043000093,2000043000000,24,3.8656828,2000043000092,-1,2000043000090,2000043000091,-1,20,0.774591,0.774591,0.9467224,22520,49.476593,46.32342,32.933006,234654,5,5,3,-56.263416,192.27707,-70.940605,37.445503,60.567295,-0.103802316,-0.087775156,-0.035750408,13526308,5,2848,0.012981467,557
2000043000092,23000500000690,2000043000093,2000043000000,23,4.1794686,2000043000093,-1,2000043000091,2000043000092,-1,49,2.2377074,2.2377074,2.2377074,22520,49.50892,46.212513,32.819004,234654,5,5,3,-41.330612,206.93936,-83.23709,57.720573,71.97283,0.49878335,-0.29423222,0.076751694,13528066,5,690,0.024317523,654
2000043000093,22000500000560,2000043000093,2000043000000,22,4.5195556,-1,-1,2000043000092,2000043000093,-1,25,1.3770508,1.2909851,1.3770508,22520,49.504913,46.089252,33.04151,234654,5,5,3,-58.51992,169.41124,-28.939611,41.719456,61.426228,0.18151698,-0.11175587,0.13985752,13526296,5,560,0.020107016,216
2000043000094,28000500000060,2000043000100,2000043000000,28,2.8311827,2000043000095,-1,2000043000034,2000043000035,-1,45,0.0,0.0,0.0,21810,49.916874,47.66327,33.222343,241705,5,5,3,-115.98851,16.027056,-309.78638,39.808445,75.945526,-0.12123036,0.012353573,-0.04154378,13514417,5,60,0.016410146,880
2000043000095,27000500000047,2000043000100,2000043000000,27,3.060419,2000043000096,-1,2000043000094,2000043000036,2000043000119,36,0.0,0.0,0.0,21810,49.998623,47.635746,33.378418,241705,5,5,3,-92.75009,37.864563,-293.35516,44.337612,75.643456,-0.024561595,-0.02742913,-0.01700414,13514409,5,47,0.013403559,587
2000043000096,26000500000231,2000043000100,2000043000000,26,3.3080978,2000043000097,-1,2000043000095,2000043000104,2000043000120,31,0.0,0.0,0.0,21810,50.0167,47.6023,33.54211,241705,5,5,3,-55.811283,48.194546,-257.02982,41.796394,70.5341,-0.10940418,-0.050204586,0.106244326,13521125,5,231,0.014414419,479
2000043000097,25000500000867,2000043000100,2000043000000,25,3.575905,2000043000098,-1,2000043000096,2000043000097,-1,47,2.3237731,2.3237731,2.4959044,21810,50.075794,47.5834,33.72025,241705,5,5,3,-34.879436,35.489243,-227.64073,37.389954,58.80071,-0.12939586,-0.03870679,-0.039252143,13521125,5,867,0.03057446,708
2000043000098,24000500001953,2000043000099,2000043000000,24,3.8656828,2000043000099,2000043000100,2000043000097,2000043000098,-1,22,1.549182,1.4631164,1.7213135,21810,50.150486,47.686832,34.047585,241705,5,5,3,-33.02105,53.117996,-232.78218,40.787014,64.10151,-0.15217073,-0.027065981,0.16071539,13077145,5,1953,0.01172286,267
2000043000099,23000500001312,2000043000099,2000043000000,23,4.1794686,-1,-1,2000043000098,2000043000099,-1,35,1.4631164,1.1188537,1.8934448,21810,50.15833,47.65694,34.152798,241705,5,5,3,-39.78173,56.118885,-210.85265,44.812195,71.830284,-0.12778829,-0.04523669,0.006212112,13077145,5,1312,0.013508835,558
2000043000100,24000500001767,2000043000100,2000043000000,24,3.8656828,-1,-1,2000043000097,2000043000100,-1,22,1.7213135,1.7213135,1.7213135,21810,50.060707,47.584126,33.80915,241705,5,5,3,-39.9634,52.545334,-201.65298,44.8127,77.6226,-0.032540064,-0.08309328,0.055914275,13521125,5,1767,0.007702567,823
2000043000101,29000500000078,2000043000125,2000043000000,29,2.6188614,2000043000102,-1,2000043000033,2000043000034,-1,57,0.0,0.0,0.0,21809,49.77525,47.36632,32.911472,241676,5,5,3,-262.09424,-26.24377,-231.6439,72.325386,123.89511,0.032184377,-0.17355841,0.047994114,13099836,5,78,0.007782393,706
2000043000102,28000500000059,2000043000125,2000043000000,28,2.8311827,2000043000103,-1,2000043000101,2000043000035,2000043000094,109,0.0,0.0,0.0,21809,49.886738,47.368935,33.04972,241677,5,5,3,-131.31355,-26.470766,-240.74907,69.68783,127.36801,0.32161945,0.55986327,-0.2885321,13099796,5,59,0.012992125,540
2000043000103,27000500000046,2000043000118,2000043000000,27,3.060419,2000043000104,2000043000119,2000043000102,2000043000036,2000043000095,104,0.0,0.0,0.0,21809,49.9539,47.39375,33.172306,241677,5,5,3,-71.149796,-20.083374,-251.19922,72.17891,124.18156,0.18705617,-0.15706068,0.10650462,13528231,5,46,0.013280257,201
2000043000104,26000500000230,2000043000118,2000043000000,26,3.3080978,2000043000105,-1,2000043000103,2000043000104,2000043000096,162,15.750018,15.663952,16.868872,21810,49.9675,47.39709,33.33713,241705,5,5,3,-13.547304,-16.58543,-213.33496,85.52926,137.6917,0.29017815,0.02391426,-0.097579256,13528231,5,230,0.016323185,216
2000043000105,25000500000249,2000043000118,2000043000000,25,3.575905,2000043000106,-1,2000043000104,2000043000105,-1,206,17.557398,17.385265,17.729528,21810,49.961937,47.427322,33.452217,241705,5,5,3,-46.328793,10.426139,-179.5698,105.88739,150.97028,0.4645567,0.5715779,-0.373649,13528257,5,249,0.017713036,875
2000043000106,24000500000232,2000043000118,2000043000000,24,3.8656828,2000043000107,-1,2000043000105,2000043000106,2000043000121,130,14.372967,14.11477,15.147558,21810,49.98197,47.417595,33.530945,241705,5,5,3,26.998055,-9.848734,-146.54654,80.28246,134.5762,0.032479465,-0.18526874,0.1459982,13528257,5,232,0.016665755,537
2000043000107,23000500000398,2000043000113,2000043000000,23,4.1794686,2000043000108,2000043000114,2000043000106,2000043000107,2000043000114,62,4.131152,4.131152,4.6475463,21810,49.944073,47.39655,33.569763,241705,5,5,3,27.14625,40.79042,-110.696266,67.80388,112.30996,0.117553815,-0.109034434,-0.12515363,13528231,5,398,0.010325924,462
2000043000108,22000500000374,2000043000113,2000043000000,22,4.5195556,2000043000109,-1,2000043000107,2000043000108,2000043000115,54,3.5286925,3.5286925,3.7008238,21810,49.943665,47.359753,33.62339,241705,5,5,3,22.188782,43.627777,-118.45649,67.71918,113.88775,0.0029062033,-0.271922,0.2714479,13527850,5,374,0.008156807,428
2000043000109,21000500000941,2000043000113,2000043000000,21,4.888449,2000043000110,-1,2000043000108,2000043000109,-1,37,3.18443,3.18443,3.18443,21810,49.902603,47.331078,33.691555,241705,5,5,3,41.67692,59.026646,-110.54225,59.8774,102.135635,0.024628958,0.09302574,-0.053106096,13528258,5,941,0.007858588,270
2000043000110,20000500000798,2000043000113,2000043000000,20,5.2888336,2000043000111,-1,2000043000109,2000043000110,-1,34,1.8934448,1.8934448,1.9795104,21810,49.894833,47.273655,33.723686,241705,5,5,3,28.0074,56.869076,-101.88124,53.228024,92.81931,0.051614627,0.046718642,-0.06641596,13528258,5,798,0.0077333157,231
2000043000111,19000500000847,2000043000113,2000043000000,19,5.7238646,2000043000112,-1,2000043000110,2000043000111,-1,27,1.8073791,1.8073791,1.8934448,21810,49.88158,47.223564,33.77203,241705,5,5,3,-3.3453314,66.83913,-100.23493,48.4203,86.051575,0.0027280303,-0.032017436,-0.0032626495,13528258,5,847,0.008441006,653
2000043000112,18000500000821,2000043000113,2000043000000,18,6.1968336,2000043000113,-1,2000043000111,2000043000112,-1,22,1.6352477,1.6352477,1.6352477,21810,49.88228,47.175068,33.826992,241705,5,5,3,11.008521,61.072304,-100.57699,49.75389,88.99116,0.017115273,0.0408817,0.034522332,13528258,5,821,0.0066324687,43
2000043000113,17000500000637,2000043000113,2000043000000,17,6.7115865,-1,-1,2000043000112,2000043000113,-1,20,1.549182,1.549182,1.6352477,21810,49.874702,47.17163,33.900047,241705,5,5,3,7.5326896,64.87416,-101.13188,48.966236,91.98461,0.026366215,0.029645383,0.059984278,13528257,5,637,0.005641286,152
2000043000114,23000500000399,2000043000118,2000043000000,23,4.1794686,2000043000115,-1,2000043000106,2000043000107,-1,35,0.0,0.0,0.0,21810,49.892776,47.47504,33.651245,241705,5,5,3,27.512106,-44.728886,-168.41055,58.07098,104.62585,0.10501957,-0.041002635,-0.09424628,13099833,5,399,0.007528953,576
2000043000115,22000500000375,2000043000118,2000043000000,22,4.5195556,2000043000116,-1,2000043000114,2000043000108,-1,30,0.0,0.0,0.0,21810,49.88715,47.526615,33.743576,241705,5,5,3,19.516558,-22.252764,-140.05542,54.69412,88.88986,-0.013654183,-0.06416781,-0.022457505,13099808,5,375,0.009906009,755
2000043000116,21000500000710,2000043000118,2000043000000,21,4.888449,2000043000117,-1,2000043000115,2000043000116,-1,42,2.1516418,2.1516418,2.1516418,21810,49.85157,47.55607,33.78945,241705,5,5,3,4.8839107,-12.5429125,-134.77133,49.544662,91.81165,-0.089169756,-0.16400987,-0.14410438,13099836,5,710,0.009811227,274
2000043000117,20000500001237,2000043000118,2000043000000,20,5.2888336,2000043000118,-1,2000043000116,2000043000117,-1,25,1.8073791,1.8073791,1.8073791,21810,49.844887,47.58056,33.851875,241705,5,5,3,9.9019985,-8.10044,-129.32957,51.99629,89.977036,0.031435404,-0.05400541,-0.082294285,13099833,5,1237,0.0063899537,399
2000043000118,19000500001135,2000043000118,2000043000000,19,5.7238646,-1,-1,2000043000117,2000043000118,-1,21,1.2909851,1.2909851,1.3770508,21810,49.83004,47.55957,33.91646,241705,5,5,3,14.800629,6.506126,-114.96937,45.20468,82.54753,0.02019406,0.04656972,-0.0329292,13099833,5,1135,0.005975227,398
2000043000119,27000500000048,2000043000125,2000043000000,27,3.060419,2000043000120,-1,2000043000102,2000043000036,-1,32,0.0,0.0,0.0,21809,49.754017,47.469788,33.20012,241676,5,5,3,-82.90186,24.849905,-141.49918,51.327133,81.99024,-0.049813308,-0.08093262,-0.05705274,13521155,5,48,0.010074999,477
2000043000120,26000500000232,2000043000125,2000043000000,26,3.3080978,2000043000121,-1,2000043000119,2000043000104,-1,25,0.0,0.0,0.0,21810,49.83658,47.45708,33.282406,241705,5,5,3,-133.30054,68.54017,-125.39483,58.609272,87.29975,-0.09679444,0.026631055,0.09958369,13521106,5,232,0.007448256,837
2000043000121,24000500000233,2000043000125,2000043000000,24,3.8656828,2000043000122,-1,2000043000120,2000043000106,-1,24,0.0,0.0,0.0,21810,50.045612,47.34165,33.460842,241705,5,5,3,-204.16846,94.49876,-223.38356,57.62809,94.65742,-0.053722296,0.033583112,0.012157436,13521122,5,233,0.006015671,311
2000043000122,23000500000569,2000043000125,2000043000000,23,4.1794686,2000043000123,-1,2000043000121,2000043000122,-1,58,5.9385314,5.9385314,6.1106625,21810,50.169197,47.27824,33.604443,241705,5,5,3,-171.58018,85.52918,-239.41562,61.891632,101.6367,-0.21395391,0.0370644,-0.1325736,13521122,5,569,0.011599031,426
2000043000123,22000500000608,2000043000125,2000043000000,22,4.5195556,2000043000124,-1,2000043000122,2000043000123,-1,50,4.217218,4.131152,4.4754148,21810,50.23512,47.22878,33.70584,241705,5,5,3,-152.82582,79.57613,-210.24538,60.22722,102.70745,-0.104051575,0.14907116,6.9561624E-4,13521143,5,608,0.010352332,800
2000043000124,21000500001053,2000043000125,2000043000000,21,4.888449,2000043000125,-1,2000043000123,2000043000124,-1,32,2.9262328,2.9262328,3.0122986,21810,50.329327,47.1918,33.841816,241705,5,5,3,-128.53046,92.90403,-217.3166,51.849075,92.01539,-0.061034728,0.08586012,-0.0011354956,13521117,5,1053,0.008376905,943
2000043000125,20000500000881,2000043000125,2000043000000,20,5.2888336,-1,-1,2000043000124,2000043000125,-1,31,1.549182,1.549182,1.549182,21810,50.364403,47.14242,33.99051,241705,5,5,3,-105.71313,96.63615,-200.989,52.528656,80.88034,-0.089023404,0.035475694,0.03927598,13521135,5,881,0.00957016,990
2000043000126,31000500001753,2000043000127,2000043000000,31,2.2394855,2000043000127,-1,2000043000031,2000043000126,-1,23,1.7213135,1.3770508,1.7213135,21809,49.755928,47.847046,32.811493,241676,5,5,3,-186.78604,-55.767242,-337.30896,32.801224,54.84968,0.044932056,-0.094129235,-0.17860368,13077152,5,1753,0.019065153,211
2000043000127,30000500000086,2000043000127,2000043000000,30,2.422044,-1,-1,2000043000126,2000043000033,-1,23,0.0,0.0,0.0,21809,49.87301,47.811943,32.991806,241677,5,5,3,-156.43596,-1.3614776,-355.57068,31.057743,55.13902,-0.2291922,-7.223826E-5,0.033102784,13077145,5,86,0.014609423,459
2000043000128,45000200003940,2000043000136,2000043000000,45,0.6871088,2000043000129,-1,2000043000017,2000043000128,-1,29,2.7541015,1.6352477,2.4098387,21808,48.961037,49.049355,31.27972,241688,5,5,3,-58.1195,-118.949005,-252.15952,25.453154,47.700718,0.047587465,0.06637482,0.0100198975,13077276,2,3940,0.03131517,782
2000043000129,44000500003079,2000043000136,2000043000000,44,0.75503564,2000043000130,-1,2000043000128,2000043000129,-1,29,1.4631164,0.86065674,1.2049193,21808,48.970097,49.087402,31.455688,241688,5,5,3,-28.527649,-68.08358,-260.51672,26.256302,43.81589,0.024385324,0.036438297,-0.0702854,13077276,5,3079,0.034292154,14
2000043000130,43000500003818,2000043000136,2000043000000,43,0.8276991,2000043000131,-1,2000043000129,2000043000130,-1,27,1.8073791,1.6352477,1.8073791,21808,48.980755,49.107666,31.571589,241688,5,5,3,-12.819841,-29.594254,-263.30127,27.802042,47.963585,0.11049709,-0.026835473,-0.021558225,13075648,5,3818,0.02901974,356
2000043000131,42000500003668,2000043000136,2000043000000,42,0.9054624,2000043000132,-1,2000043000130,2000043000131,-1,30,2.4098387,1.549182,2.1516418,21808,48.99359,49.113087,31.684483,241688,5,5,3,-5.4023266,-3.888959,-267.40698,27.836649,52.62168,0.05912138,-0.0074043423,-0.05518823,13075682,5,3668,0.024934608,94
2000043000132,41000500003691,2000043000136,2000043000000,41,0.98870814,2000043000133,-1,2000043000131,2000043000132,-1,31,1.8073791,1.549182,1.549182,21808,48.99694,49.11014,31.800425,241688,5,5,3,0.9296679,19.3692,-267.09515,27.719002,51.132874,0.12368934,0.01677491,-0.057514835,13075655,5,3691,0.025131006,649
2000043000133,40000500004473,2000043000136,2000043000000,40,1.0778745,2000043000134,-1,2000043000132,2000043000133,-1,24,1.3770508,1.3770508,1.3770508,21808,49.0176,49.099285,31.960482,241688,5,5,3,3.1131053,35.277634,-264.33276,28.010946,51.25456,-0.012305822,0.079685345,-0.11916633,13514510,5,4473,0.020396907,376
2000043000134,38000500004905,2000043000136,2000043000000,38,1.2758462,2000043000135,-1,2000043000133,2000043000134,-1,20,1.3770508,0.9467224,1.3770508,21808,48.99215,49.03972,32.229275,241692,5,5,3,12.111274,64.81631,-257.06686,24.583029,47.49178,0.07541574,0.098262876,-0.10017166,13075655,5,4905,0.021604523,170
2000043000135,37000500004692,2000043000136,2000043000000,37,1.3857181,2000043000136,-1,2000043000134,2000043000135,-1,21,0.60245967,0.60245967,0.60245967,21808,48.988777,48.972355,32.36407,241692,5,5,3,17.88097,75.2422,-253.88605,24.282383,41.761482,0.068414204,0.10046545,-0.14092372,13075655,5,4692,0.032010477,79
2000043000136,36000500004789,2000043000136,2000043000000,36,1.5036365,-1,-1,2000043000135,2000043000136,-1,20,0.60245967,0.516394,0.60245967,21808,48.97617,48.92355,32.528816,241692,5,5,3,20.89837,82.16891,-252.79672,25.17967,41.224922,0.077047646,0.09799026,-0.13921458,13075648,5,4789,0.02949018,705
2000043000137,47000200004598,2000043000139,2000043000000,47,0.5641766,2000043000138,2000043000140,2000043000015,2000043000137,-1,20,1.3770508,0.9467224,1.032788,10959,48.966095,49.323162,31.21172,129340,5,5,3,-212.80568,-14.356301,-307.96597,22.023094,42.28209,0.16248024,-0.020147292,-0.14054452,13514321,2,4598,0.02827139,204
2000043000138,46000500004250,2000043000139,2000043000000,46,0.6235901,2000043000139,-1,2000043000137,2000043000138,-1,20,1.9795104,1.2049193,1.2909851,21808,49.064617,49.320896,31.337519,241688,5,5,3,-190.58545,15.332311,-301.3972,21.974731,43.67511,0.15585545,-0.00594197,-0.14729825,13514321,5,4250,0.02454375,176
2000043000139,45000500004673,2000043000139,2000043000000,45,0.6871088,-1,-1,2000043000138,2000043000139,-1,20,1.4631164,1.2049193,1.2909851,21808,49.14921,49.31456,31.487398,241688,5,5,3,-178.35693,35.329533,-299.31866,22.66472,42.054443,0.13488685,0.0064943205,-0.14292514,13514321,5,4673,0.023848869,121
2000043000140,47000200000466,2000043000140,2000043000000,47,0.5641766,-1,-1,2000043000015,2000043000016,-1,20,0.0,0.0,0.0,10952,48.746204,49.096306,31.098072,129333,5,5,3,162.69162,-175.5382,-74.9975,40.909683,74.47468,-0.02775835,-0.18227074,-0.059630964,13532747,2,466,0.010466652,428
2000043000141,49000200000461,2000043000168,2000043000000,49,0.45657724,2000043000142,-1,2000043000013,2000043000014,2000043000306,71,0.0,0.0,0.0,10959,48.86903,48.977386,31.067034,129340,5,5,3,-348.25842,376.8598,-418.2665,57.570175,99.847244,-0.111206144,-0.074494004,0.14922999,13519056,2,461,0.013628033,362
2000043000142,48000200000473,2000043000168,2000043000000,48,0.5085914,2000043000143,-1,2000043000141,2000043000015,2000043000307,128,0.0,0.0,0.0,10959,49.000206,48.831356,31.232018,129340,5,5,3,-277.4727,343.216,-359.62344,54.689358,97.090645,0.14086494,-0.04350692,0.031063175,13523150,2,473,0.02725327,756
2000043000143,47000500001256,2000043000168,2000043000000,47,0.5641766,2000043000144,-1,2000043000142,2000043000143,-1,155,14.200836,12.307391,13.684442,21809,49.113194,48.681885,31.387774,241674,5,5,3,-242.66527,325.81873,-332.89053,54.99167,99.74909,0.26570338,-0.121473014,-0.033466294,13519094,5,1256,0.031055914,967
2000043000144,46000500001278,2000043000168,2000043000000,46,0.6235901,2000043000145,-1,2000043000143,2000043000144,-1,154,13.598376,12.479523,13.081982,21809,49.222626,48.54258,31.528599,241674,5,5,3,-214.07874,307.45624,-311.2845,53.64137,99.01422,0.20299381,-0.15571776,0.090720855,13519094,5,1278,0.031149259,246
2000043000145,45000500001283,2000043000168,2000043000000,45,0.6871088,2000043000146,-1,2000043000144,2000043000145,-1,154,13.426245,12.393456,13.254113,21809,49.31073,48.39848,31.673021,241674,5,5,3,-198.70433,297.00854,-301.51437,52.827362,96.638336,0.29218993,-0.31403613,0.08367559,13519062,5,1283,0.032091465,154
2000043000146,44000500001242,2000043000168,2000043000000,44,0.75503564,2000043000147,-1,2000043000145,2000043000146,-1,152,13.684442,11.446734,13.426245,21809,49.39966,48.273327,31.806908,241674,5,5,3,-184.21623,283.25595,-287.2875,51.54512,97.47005,0.24415128,-0.28055602,0.021907395,13519093,5,1242,0.031144017,15
2000043000147,43000500001261,2000043000168,2000043000000,43,0.8276991,2000043000148,-1,2000043000146,2000043000147,-1,151,12.823785,10.413946,11.963128,21809,49.499474,48.14151,31.955118,241674,5,5,3,-172.27383,272.731,-274.2752,52.163795,97.022896,0.30552205,-0.32227454,0.14122045,13523184,5,1261,0.031204868,85
2000043000148,42000500001261,2000043000168,2000043000000,42,0.9054624,2000043000149,-1,2000043000147,2000043000148,-1,144,12.823785,11.188538,12.479523,21809,49.57493,47.986454,32.086994,241674,5,5,3,-166.10158,268.35028,-264.93204,51.404095,94.76492,0.32485175,-0.38654038,0.06953798,13519089,5,1261,0.031758867,225
2000043000149,41000500001279,2000043000168,2000043000000,41,0.98870814,2000043000150,-1,2000043000148,2000043000149,-1,142,12.479523,11.102471,12.049194,21809,49.642883,47.8526,32.201393,241674,5,5,3,-160.1782,261.3461,-255.29892,53.59243,94.869606,0.36999628,-0.25042588,0.060333587,13519085,5,1279,0.03125597,582
2000043000150,40000500001366,2000043000168,2000043000000,40,1.0778745,2000043000151,-1,2000043000149,2000043000150,-1,138,11.5328,10.500011,11.446734,21809,49.724873,47.71567,32.332996,241676,5,5,3,-152.56464,255.22336,-247.2145,54.7792,94.842705,0.28092307,-0.17576365,0.12517533,13519094,5,1366,0.02958983,597
2000043000151,39000500001237,2000043000168,2000043000000,39,1.173417,2000043000152,-1,2000043000150,2000043000151,-1,141,11.102471,9.983618,11.016406,21809,49.80427,47.593384,32.451206,241676,5,5,3,-148.24323,248.82831,-241.60732,52.877323,91.76641,0.102035105,-0.032183427,0.17904034,13519094,5,1237,0.0322401,137
2000043000152,38000500001173,2000043000168,2000043000000,38,1.2758462,2000043000153,-1,2000043000151,2000043000152,-1,143,10.8442745,10.500011,10.8442745,21809,49.877663,47.445324,32.590694,241677,5,5,3,-139.47168,238.9046,-228.8327,54.134655,97.195404,0.17477158,-0.20768392,0.04019761,13523154,5,1173,0.031745803,330
2000043000153,37000500001333,2000043000168,2000043000000,37,1.3857181,2000043000154,-1,2000043000152,2000043000153,-1,120,10.93034,10.327881,11.102471,21809,49.96107,47.299744,32.73894,241677,5,5,3,-136.04227,235.07425,-230.02327,56.00322,98.22255,-0.15461224,0.11992865,0.17381985,13519062,5,1333,0.02668933,325
2000043000154,36000500001185,2000043000168,2000043000000,36,1.5036365,2000043000155,-1,2000043000153,2000043000154,-1,132,10.93034,9.811486,11.274603,21809,50.034176,47.171547,32.87121,241677,5,5,3,-133.2218,226.39445,-229.2405,57.49591,99.55748,0.12659352,0.26309976,0.03958201,13519091,5,1185,0.02778799,495
2000043000155,35000500001205,2000043000168,2000043000000,35,1.6302707,2000043000156,-1,2000043000154,2000043000155,-1,133,10.327881,9.122961,10.758209,21809,50.10068,47.06014,32.98475,241677,5,5,3,-124.30987,219.65536,-211.59895,56.60613,94.26199,0.22672907,0.10258492,0.087626286,13519091,5,1205,0.028795972,904
2000043000156,34000500001216,2000043000168,2000043000000,34,1.766336,2000043000157,-1,2000043000155,2000043000156,-1,119,8.9508295,8.606567,9.036896,21809,50.159595,46.90626,33.100155,241677,5,5,3,-129.37268,208.07959,-210.86374,60.214996,94.23878,-0.042969074,0.25238672,0.07640281,13519085,5,1216,0.025483541,901
2000043000157,33000500001255,2000043000168,2000043000000,33,1.9126327,2000043000158,-1,2000043000156,2000043000157,-1,115,6.799188,6.024597,6.971319,22520,50.216537,46.804478,33.195484,234655,5,5,3,-129.08017,202.06285,-198.79782,59.72323,90.48559,-0.027269755,0.2333871,0.083520256,13523079,5,1255,0.02875887,714
2000043000158,32000500001160,2000043000168,2000043000000,32,2.0700274,2000043000159,-1,2000043000157,2000043000158,-1,122,6.971319,6.024597,7.4016476,22523,50.308414,46.68032,33.33373,234683,5,5,3,-128.98445,193.15346,-193.9219,56.34338,95.229256,-0.06347133,0.26654,0.042560697,13523079,5,1160,0.030014258,263
2000043000159,31000500001250,2000043000168,2000043000000,31,2.2394855,2000043000160,-1,2000043000158,2000043000159,-1,98,7.831976,6.971319,8.004107,22523,50.381813,46.600124,33.447475,234683,5,5,3,-131.01553,179.01791,-177.55911,59.61983,94.19409,0.12532394,0.32756042,-0.24140407,13519085,5,1250,0.022480184,438
2000043000160,30000500001077,2000043000168,2000043000000,30,2.422044,2000043000161,-1,2000043000159,2000043000160,-1,110,6.540991,6.4549255,7.057385,22523,50.456238,46.513065,33.568703,234683,5,5,3,-122.72762,181.65033,-171.8914,62.575863,98.32169,0.30814332,-0.056538846,0.06119233,13519085,5,1077,0.022800911,617
2000043000161,29000500000907,2000043000168,2000043000000,29,2.6188614,2000043000162,-1,2000043000160,2000043000161,-1,123,5.508203,5.3360715,5.680334,22523,50.541496,46.41285,33.698704,234683,5,5,3,-111.527306,180.1658,-167.31224,60.620335,96.05324,0.5815532,-0.62090933,-0.162753,13520812,5,907,0.025690079,417
2000043000162,28000500001501,2000043000168,2000043000000,28,2.8311827,2000043000163,-1,2000043000161,2000043000162,-1,61,4.733612,4.6475463,4.991809,22523,50.634563,46.304188,33.804504,234683,5,5,3,-127.216774,162.2891,-169.93925,56.65971,97.38772,-0.15212977,-0.0044424115,-0.15885063,13519091,5,1501,0.014930075,742
2000043000163,27000500001554,2000043000168,2000043000000,27,3.060419,2000043000164,-1,2000043000162,2000043000163,-1,53,4.217218,4.217218,4.217218,22523,50.69167,46.231655,33.889538,234683,5,5,3,-125.91196,162.58875,-161.28502,60.547646,106.67015,-0.16884327,-0.045510314,-0.19147018,13519088,5,1554,0.009043646,522
2000043000164,26000500001736,2000043000168,2000043000000,26,3.3080978,2000043000165,-1,2000043000163,2000043000164,-1,45,2.6680357,2.6680357,2.7541015,22523,50.760803,46.164898,33.970478,234683,5,5,3,-114.413925,154.81818,-148.07193,54.318314,90.139046,-0.17406008,-0.014867946,-0.16341577,13519085,5,1736,0.012610155,353
2000043000165,25000500003050,2000043000168,2000043000000,25,3.575905,2000043000166,-1,2000043000164,2000043000165,-1,22,1.6352477,1.4631164,1.8073791,22512,50.80565,46.100883,34.061295,234738,5,5,3,-90.34736,126.836266,-151.72122,33.06909,69.887054,-0.055875156,-0.041688863,-0.034034643,13520812,5,3050,0.009926702,690
2000043000166,24000500002961,2000043000168,2000043000000,24,3.8656828,2000043000167,-1,2000043000165,2000043000166,-1,21,1.2049193,0.9467224,1.3770508,22512,50.859127,46.01326,34.15096,234738,5,5,3,-90.39032,128.30968,-155.86082,32.91057,65.51597,0.03427075,-0.0043346826,0.06601426,13520812,5,2961,0.01103342,850
2000043000167,23000500002659,2000043000168,2000043000000,23,4.1794686,2000043000168,-1,2000043000166,2000043000167,-1,21,1.2909851,1.2909851,1.2909851,22512,50.91622,45.98321,34.22278,234742,5,5,3,-90.33953,130.50427,-152.07439,45.96262,71.774574,0.03157567,-0.007061405,0.06262517,13519092,5,2659,0.008931019,750
2000043000168,22000500002133,2000043000168,2000043000000,22,4.5195556,-1,-1,2000043000167,2000043000168,-1,22,1.8934448,1.8934448,1.8934448,22512,50.95122,45.89577,34.298958,234740,5,5,3,-86.42634,126.307076,-139.86513,47.63247,88.325325,0.039935917,0.007987083,0.05751325,13519092,5,2133,0.008180908,432
2000043000169,50000200004942,2000043000169,2000043000000,50,0.40789944,-1,2000043000170,2000043000012,2000043000169,-1,24,1.3770508,1.1188537,1.3770508,10952,48.248363,49.285458,31.0265,129333,5,5,3,129.75153,43.728302,-236.88153,22.665955,40.24001,0.03136006,0.17571509,-0.2865537,13098967,2,4942,0.031605855,76
2000043000170,50000200000480,2000043000190,2000043000000,50,0.40789944,2000043000171,-1,2000043000012,2000043000013,-1,21,0.0,0.0,0.0,10952,48.48533,48.99816,30.713404,129333,5,5,3,22.806961,171.12344,-511.0356,30.775024,51.839127,0.07293771,0.010664646,0.07692635,13096785,2,480,0.017953446,118
2000043000171,48000200000475,2000043000190,2000043000000,48,0.5085914,2000043000172,-1,2000043000170,2000043000015,-1,33,0.0,0.0,0.0,10952,48.536594,48.90479,31.140629,129333,5,5,3,-186.37566,19.143524,-515.3796,30.707825,50.37167,0.06032407,0.014111673,-0.03392154,13521594,2,475,0.026950477,931
2000043000172,47000200000465,2000043000190,2000043000000,47,0.5641766,2000043000173,-1,2000043000171,2000043000016,2000043000140,32,0.0,0.0,0.0,21815,48.64504,48.898094,31.354069,241681,5,5,3,-262.0863,-13.567515,-432.25775,29.968008,53.56367,-0.0067997263,-0.14840244,-0.17611846,13521594,2,465,0.02262288,793
2000043000173,46000200000425,2000043000190,2000043000000,46,0.6235901,2000043000174,-1,2000043000172,2000043000017,-1,33,0.0,0.0,0.0,21815,48.76104,48.90688,31.527634,241681,5,5,3,-306.35712,-11.436048,-328.67303,32.039803,56.53346,-0.054670542,-0.053031124,-0.1870083,13521594,2,425,0.02501265,115
2000043000174,45000200000393,2000043000190,2000043000000,45,0.6871088,2000043000175,-1,2000043000173,2000043000018,-1,34,0.0,0.0,0.0,21808,48.91037,48.917267,31.66913,241688,5,5,3,-313.61484,13.035432,-261.97998,36.24255,64.07869,-0.0013078393,-0.18850617,-0.055535663,13521580,2,393,0.01668678,433
2000043000175,44000500001984,2000043000190,2000043000000,44,0.75503564,2000043000176,-1,2000043000174,2000043000175,-1,53,5.1639404,4.6475463,4.991809,21808,49.062645,48.9034,31.775873,241688,5,5,3,-322.2659,37.981457,-200.11761,33.862087,62.016594,0.0014098859,-0.059215672,0.0062202998,13521632,5,1984,0.028531153,89
2000043000176,43000500002126,2000043000190,2000043000000,43,0.8276991,2000043000177,-1,2000043000175,2000043000176,-1,50,4.905743,3.5286925,4.131152,21808,49.219734,48.898743,31.869904,241688,5,5,3,-308.77252,61.65102,-164.27408,32.58678,60.46624,0.004310979,-0.10303903,-0.072897725,13521635,5,2126,0.028282158,618
2000043000177,42000500002119,2000043000190,2000043000000,42,0.9054624,2000043000178,-1,2000043000176,2000043000177,-1,49,4.3893495,3.2704954,4.3893495,21808,49.351395,48.870316,31.961018,241688,5,5,3,-300.22586,83.04922,-142.41893,31.191042,57.161556,0.07422661,-0.08339209,0.060536556,13521635,5,2119,0.03154755,786
2000043000178,41000500002298,2000043000190,2000043000000,41,0.98870814,2000043000179,-1,2000043000177,2000043000178,-1,48,4.5614805,4.131152,4.5614805,21809,49.512295,48.806786,32.004147,241674,5,5,3,-286.87827,93.80749,-116.48141,31.481735,62.21604,-0.03132554,-0.031824075,0.035641506,13096743,5,2298,0.025707696,745
2000043000179,40000500002260,2000043000190,2000043000000,40,1.0778745,2000043000180,-1,2000043000178,2000043000179,-1,50,3.2704954,3.098364,3.2704954,21809,49.63392,48.759182,32.061462,241674,5,5,3,-268.50583,102.1321,-106.158966,35.200336,60.808453,0.031678647,-0.09675976,0.004386548,13521635,5,2260,0.027196875,612
2000043000180,39000500002495,2000043000190,2000043000000,39,1.173417,2000043000181,-1,2000043000179,2000043000180,-1,49,3.6147583,3.3565612,3.6147583,21809,49.775818,48.706173,32.12596,241674,5,5,3,-253.62825,112.30683,-100.47593,37.16352,63.02873,0.024476483,-0.095759824,-0.03469764,13096743,5,2495,0.023578458,56
2000043000181,38000500002260,2000043000190,2000043000000,38,1.2758462,2000043000182,-1,2000043000180,2000043000181,-1,47,3.8729553,3.7868896,3.8729553,21809,49.940624,48.634857,32.18328,241675,5,5,3,-236.4417,124.1636,-91.6213,40.690243,71.614136,-0.113448896,-0.04625544,-0.02930769,13521652,5,2260,0.01949789,668
2000043000182,37000500002365,2000043000190,2000043000000,37,1.3857181,2000043000183,-1,2000043000181,2000043000182,-1,51,3.6147583,3.2704954,3.6147583,21809,50.089153,48.600098,32.22818,241679,5,5,3,-227.3137,126.78954,-91.67539,39.053547,64.33538,-0.18202129,0.0054081795,0.006925731,13521644,5,2365,0.024273356,260
2000043000183,36000500002353,2000043000190,2000043000000,36,1.5036365,2000043000184,-1,2000043000182,2000043000183,-1,51,3.7868896,3.2704954,3.7868896,21809,50.217144,48.506104,32.276604,241679,5,5,3,-216.09499,130.02904,-90.90125,38.078735,67.973816,-0.05203945,-0.020409713,-0.064942755,13521635,5,2353,0.024080072,369
2000043000184,35000500002613,2000043000190,2000043000000,35,1.6302707,2000043000185,-1,2000043000183,2000043000184,-1,44,1.549182,0.9467224,1.549182,21809,50.34852,48.478672,32.31685,241679,5,5,3,-205.01833,125.00482,-93.19139,36.094463,58.92957,0.0063129207,-0.14235662,-0.0026995637,13521652,5,2613,0.028013285,42
2000043000185,34000500002644,2000043000190,2000043000000,34,1.766336,2000043000186,-1,2000043000184,2000043000185,-1,40,2.1516418,1.8934448,2.3237731,21809,50.45674,48.390762,32.359684,241679,5,5,3,-195.26505,122.7413,-97.08212,35.730587,59.212204,0.017044509,-0.03924389,-0.14604437,13521644,5,2644,0.024668224,53
2000043000186,33000500002644,2000043000190,2000043000000,33,1.9126327,2000043000187,-1,2000043000185,2000043000186,-1,42,2.4098387,2.2377074,2.4098387,21809,50.56304,48.29308,32.415646,241679,5,5,3,-187.28499,123.66642,-99.42973,37.100456,67.74269,-0.09126596,-0.008657616,-0.12830299,13521652,5,2644,0.019266024,463
2000043000187,32000500002789,2000043000190,2000043000000,32,2.0700274,2000043000188,-1,2000043000186,2000043000187,-1,39,2.4098387,2.3237731,2.6680357,21809,50.648502,48.195858,32.48549,241679,5,5,3,-178.27065,121.31821,-93.912735,38.21435,66.71763,-0.09539492,-0.082194336,-0.07066437,13521592,5,2789,0.018596945,474
2000043000188,31000500003279,2000043000190,2000043000000,31,2.2394855,2000043000189,-1,2000043000187,2000043000188,-1,30,2.5819702,1.6352477,2.6680357,21809,50.750114,48.16563,32.5469,241679,5,5,3,-167.70418,129.16643,-93.61928,36.11843,64.53042,-0.11637669,-0.039693713,-0.0019100633,13521644,5,3279,0.018624475,277
2000043000189,30000500003815,2000043000190,2000043000000,30,2.422044,2000043000190,-1,2000043000188,2000043000189,-1,25,1.549182,1.1188537,1.7213135,21806,50.815056,48.09357,32.59888,241734,5,5,3,-165.58295,125.88901,-86.962204,36.139374,58.341755,-0.04565794,-0.09870948,-0.017258624,13521645,5,3815,0.016015165,829
2000043000190,29000500003131,2000043000190,2000043000000,29,2.6188614,-1,-1,2000043000189,2000043000190,-1,30,0.0,0.0,0.6885254,21806,50.915478,47.96875,32.665478,241734,5,5,3,-160.046,126.832756,-89.1625,34.168224,62.09614,-0.038025696,-0.061678033,-0.06981985,13521644,5,3131,0.020138675,310
2000043000191,51000200000457,2000043000215,2000043000000,51,0.36234027,2000043000192,-1,2000043000011,2000043000012,2000043000304,126,0.0,0.0,0.0,10952,48.479298,49.3975,30.814383,129333,5,5,3,223.59988,-102.86354,-231.17117,55.707027,101.276764,0.0058326814,-0.12987415,0.18680608,13960767,2,457,0.026684854,165
2000043000192,50000200000477,2000043000215,2000043000000,50,0.40789944,2000043000193,-1,2000043000191,2000043000013,2000043000218,164,0.0,0.0,0.0,10952,48.40516,49.42039,30.899628,129333,5,5,3,182.54654,-38.38755,-208.06024,59.54453,105.20158,0.26719642,0.092922375,0.12965891,13960767,2,477,0.028994346,915
2000043000193,49000200001345,2000043000215,2000043000000,49,0.45657724,2000043000194,-1,2000043000192,2000043000193,-1,229,20.225433,15.577887,18.590185,10952,48.331573,49.434433,30.98134,129333,5,5,3,156.33344,-4.222588,-192.69164,57.765526,107.900154,0.40612912,0.19852334,0.17395568,13101638,2,1345,0.03704558,336
2000043000194,48000200001419,2000043000215,2000043000000,48,0.5085914,2000043000195,-1,2000043000193,2000043000194,-1,213,19.192644,16.266413,17.987726,10952,48.258667,49.433712,31.056883,129333,5,5,3,139.90814,17.786612,-187.5599,56.586315,101.47261,0.5379196,0.18822901,0.023900833,13101936,2,1419,0.040499505,274
2000043000195,47000200001358,2000043000215,2000043000000,47,0.5641766,2000043000196,-1,2000043000194,2000043000195,-1,217,19.364777,16.352478,18.418055,10952,48.19935,49.41936,31.144012,129333,5,5,3,128.34895,31.227102,-182.4263,56.164875,103.275894,0.49533942,0.26133206,0.117766365,13101936,2,1358,0.040545598,272
2000043000196,46000200001342,2000043000215,2000043000000,46,0.6235901,2000043000197,-1,2000043000195,2000043000196,-1,204,18.418055,15.922149,17.729528,10952,48.14413,49.396206,31.22541,129333,5,5,3,115.04234,42.277115,-178.00026,59.015137,102.660515,0.43723622,0.19661905,0.2990728,13960754,2,1342,0.036518592,655
2000043000197,45000200001309,2000043000215,2000043000000,45,0.6871088,2000043000198,-1,2000043000196,2000043000197,-1,209,17.643463,15.922149,17.385265,21815,48.098743,49.38848,31.290525,241681,5,5,3,106.85655,50.274178,-174.7726,61.386543,105.79548,0.47604263,0.119506076,0.20306818,13960754,2,1309,0.037752595,920
2000043000198,44000200001271,2000043000215,2000043000000,44,0.75503564,2000043000199,-1,2000043000197,2000043000198,-1,198,16.868872,15.2336235,16.524609,21815,48.04897,49.374092,31.388617,241681,5,5,3,98.52815,59.84647,-167.20114,58.041943,101.50289,0.4133974,0.044440657,0.2134703,13960754,2,1271,0.03676347,285
2000043000199,43000500001014,2000043000215,2000043000000,43,0.8276991,2000043000200,-1,2000043000198,2000043000199,2000043000804,192,16.782806,14.631165,15.836083,21815,48.01006,49.325676,31.467842,241681,5,5,3,90.0965,67.47448,-161.08662,56.68885,103.02147,0.53898585,0.1242624,0.058099672,13960754,5,1014,0.03595213,901
2000043000200,42000500001068,2000043000215,2000043000000,42,0.9054624,2000043000201,-1,2000043000199,2000043000200,-1,187,15.922149,13.51231,15.31969,21815,47.96803,49.279522,31.54674,241681,5,5,3,82.76548,70.60352,-156.84471,57.468475,99.09526,0.27408072,0.09549919,0.28130996,13101936,5,1068,0.03698193,41
2000043000201,41000500001010,2000043000215,2000043000000,41,0.98870814,2000043000202,-1,2000043000200,2000043000201,-1,189,15.750018,14.028705,15.491821,21815,47.930965,49.25985,31.63308,241681,5,5,3,72.474724,73.431404,-148.00874,59.557617,102.9772,0.10310969,0.05511983,0.10143573,13101668,5,1010,0.03323323,223
2000043000202,40000500001119,2000043000215,2000043000000,40,1.0778745,2000043000203,-1,2000043000201,2000043000202,-1,166,15.2336235,14.028705,15.061493,21815,47.88047,49.223297,31.709368,241681,5,5,3,66.038574,80.34757,-139.5158,57.981365,101.54065,0.19474368,-0.098659,0.2492915,13101936,5,1119,0.03143666,47
2000043000203,39000500001045,2000043000215,2000043000000,39,1.173417,2000043000204,-1,2000043000202,2000043000203,-1,169,15.31969,14.545098,15.31969,21815,47.86418,49.18288,31.77461,241681,5,5,3,66.78551,84.60933,-131.52489,59.71471,103.14556,0.090283714,0.009181226,0.3040455,13101936,5,1045,0.031598702,268
2000043000204,38000500001014,2000043000215,2000043000000,38,1.2758462,2000043000205,-1,2000043000203,2000043000204,-1,165,14.631165,13.856573,14.631165,21815,47.8341,49.130417,31.861095,241680,5,5,3,58.35234,85.21877,-128.53209,60.650753,105.46319,0.13530982,0.1257925,0.36186427,13101930,5,1014,0.029756218,864
2000043000205,37000500001103,2000043000215,2000043000000,37,1.3857181,2000043000206,-1,2000043000204,2000043000205,-1,152,13.168048,12.13526,13.168048,21815,47.812416,49.078033,31.958717,241680,5,5,3,53.852543,85.698555,-129.09654,62.588757,104.70626,0.017963938,0.10589547,0.3804275,13960758,5,1103,0.027337648,122
2000043000206,36000500001065,2000043000215,2000043000000,36,1.5036365,2000043000207,-1,2000043000205,2000043000206,-1,158,11.102471,10.155749,11.360668,21815,47.757572,49.026295,32.03919,241680,5,5,3,40.556858,86.83516,-118.46511,64.299995,102.60216,0.11655978,-0.09202076,0.20910856,13101677,5,1065,0.030790033,169
2000043000207,35000500001107,2000043000215,2000043000000,35,1.6302707,2000043000208,-1,2000043000206,2000043000207,-1,150,11.446734,10.8442745,11.5328,21815,47.739162,48.97957,32.09516,241680,5,5,3,42.52696,93.20827,-116.22635,63.460438,106.17443,0.13359393,-0.053293806,0.38179347,13101936,5,1107,0.025524529,421
2000043000208,34000500000981,2000043000215,2000043000000,34,1.766336,2000043000209,-1,2000043000207,2000043000208,-1,166,12.221325,11.790997,12.221325,21815,47.689392,48.92548,32.146275,241680,5,5,3,34.268005,89.83937,-112.867775,65.49474,108.17179,0.18153727,-0.09326564,0.33949846,13101931,5,981,0.029550595,412
2000043000209,33000500001157,2000043000215,2000043000000,33,1.9126327,2000043000210,-1,2000043000208,2000043000209,-1,129,11.360668,11.188538,11.704931,21815,47.677555,48.882095,32.205814,241680,5,5,3,34.752777,86.247894,-101.09566,67.05352,105.893684,0.30752626,0.031249389,0.30503586,13101931,5,1157,0.022901,993
2000043000210,32000500001030,2000043000215,2000043000000,32,2.0700274,2000043000211,-1,2000043000209,2000043000210,-1,137,9.209027,8.692633,10.069683,21814,47.687878,48.82246,32.29272,241670,5,5,3,24.02943,83.17001,-100.19086,65.764,102.93526,0.3742557,-0.12940806,0.18239132,13101931,5,1030,0.026265915,566
2000043000211,31000500001171,2000043000215,2000043000000,31,2.2394855,2000043000212,-1,2000043000210,2000043000211,-1,97,8.864764,8.778699,9.036896,21814,47.666008,48.777435,32.3351,241670,5,5,3,42.423313,97.17439,-103.872826,59.976463,98.891975,0.2724039,-0.019564953,0.121013746,13101931,5,1171,0.02070369,781
2000043000212,30000500001186,2000043000215,2000043000000,30,2.422044,2000043000213,-1,2000043000211,2000043000212,-1,85,7.4877133,7.4016476,7.4877133,21814,47.647137,48.709198,32.38017,241670,5,5,3,39.76685,97.54157,-114.3228,60.014812,98.28382,0.28596964,0.04535093,0.15476343,13101638,5,1186,0.016496766,710
2000043000213,29000500001246,2000043000215,2000043000000,29,2.6188614,2000043000214,-1,2000043000212,2000043000213,-1,84,3.9590209,3.8729553,4.131152,21814,47.642353,48.675293,32.45501,241670,5,5,3,20.457634,81.54025,-98.368484,60.557747,90.08096,0.48470953,-0.26101983,-0.1940677,13101828,5,1246,0.020402575,166
2000043000214,28000500001277,2000043000215,2000043000000,28,2.8311827,2000043000215,-1,2000043000213,2000043000214,-1,74,0.516394,0.516394,1.2909851,21814,47.660507,48.628872,32.464806,241670,5,5,3,15.845548,77.2044,-94.94009,49.278667,70.5296,0.47783557,0.039893027,-0.07193646,13101931,5,1277,0.031398695,507
2000043000215,27000500003527,2000043000215,2000043000000,27,3.060419,-1,-1,2000043000214,2000043000215,-1,23,0.86065674,0.86065674,0.86065674,21814,47.584663,48.524986,32.6042,241670,5,5,3,41.06895,77.758484,-140.96616,33.000793,62.62999,0.052650094,-0.0068131397,-0.014814026,13101674,5,3527,0.017668063,943
2000043000216,52000200000483,2000043000286,2000043000000,52,0.31970343,2000043000217,-1,2000043000010,2000043000011,2000043000303,55,0.0,0.0,0.0,10952,48.58847,49.162388,30.709864,129333,5,5,3,-65.86177,441.23468,-328.12878,58.197277,99.914986,0.12654838,-0.029663224,0.038923737,13528492,2,483,0.011729887,374
2000043000217,51000200000456,2000043000286,2000043000000,51,0.36234027,2000043000218,-1,2000043000216,2000043000012,2000043000191,145,0.0,0.0,0.0,10952,48.61299,49.04517,30.817257,129333,5,5,3,-90.91448,250.81335,-272.85992,62.09456,115.09531,0.1107835,-0.045107886,-0.225562,13528492,2,456,0.021980954,678
2000043000218,50000200000478,2000043000286,2000043000000,50,0.40789944,2000043000219,-1,2000043000217,2000043000013,2000043000305,94,0.0,0.0,0.0,10952,48.652466,48.964718,30.920094,129333,5,5,3,-96.32599,126.2378,-221.4093,57.7252,109.08114,0.18683475,0.044042654,-0.12606625,13528492,2,478,0.017502237,702
2000043000219,49000200000460,2000043000286,2000043000000,49,0.45657724,2000043000220,-1,2000043000218,2000043000014,2000043000141,137,0.0,0.0,0.0,10952,48.69461,48.94891,30.990465,129333,5,5,3,-101.225716,-49.393066,-148.51334,84.91429,139.98299,0.057817906,0.10073107,0.06689653,13528476,2,460,0.015123051,19
2000043000220,47000200000463,2000043000286,2000043000000,47,0.5641766,2000043000221,-1,2000043000219,2000043000016,2000043000308,276,0.0,0.0,0.0,10952,48.65792,49.091644,31.05057,129333,5,5,3,144.43536,-31.71195,-111.08043,95.00793,163.36067,-0.037785135,0.030758874,0.07007697,13528476,2,463,0.020526376,683
2000043000221,46000200000423,2000043000286,2000043000000,46,0.6235901,2000043000222,-1,2000043000220,2000043000017,2000043000309,455,0.0,0.0,0.0,10952,48.607185,49.085876,31.108067,129333,5,5,3,117.81148,33.11535,-135.81758,99.923645,168.34601,0.14359656,-0.11250841,-0.8900865,13528857,2,423,0.030263241,287
2000043000222,45000200000391,2000043000286,2000043000000,45,0.6871088,2000043000223,-1,2000043000221,2000043000018,2000043000310,574,0.0,0.0,0.0,10952,48.562252,49.058456,31.182749,129333,5,5,3,104.824066,69.75193,-153.10565,102.38242,170.68933,0.28368768,-0.022817101,-1.4558696,13528476,2,391,0.037408717,226
2000043000223,44000200000373,2000043000267,2000043000000,44,0.75503564,2000043000224,2000043000268,2000043000222,2000043000019,2000043000268,518,0.0,0.0,0.0,21815,48.53116,49.022423,31.260977,241681,5,5,3,80.1866,85.587265,-168.45856,100.87096,174.95226,0.07835554,0.21943402,-0.485589,13528476,2,373,0.031929925,644
2000043000224,43000200000762,2000043000267,2000043000000,43,0.8276991,2000043000225,-1,2000043000223,2000043000224,-1,574,52.50006,47.76645,51.209076,21815,48.479996,48.971127,31.35518,241681,5,5,3,67.77017,98.288,-175.36534,93.89115,167.53877,-0.23840004,0.51524127,-0.51961184,13528453,2,762,0.039115127,915
2000043000225,42000200000763,2000043000267,2000043000000,42,0.9054624,2000043000226,-1,2000043000224,2000043000225,-1,568,49.659893,46.561527,49.057434,21815,48.442875,48.93045,31.433525,241681,5,5,3,65.44164,109.30996,-180.78555,91.51139,165.41122,-0.22943,0.4894662,-0.53122765,13101342,2,763,0.04150953,393
2000043000226,41000500000639,2000043000267,2000043000000,41,0.98870814,2000043000227,-1,2000043000225,2000043000226,-1,551,47.50825,43.807426,46.819725,21815,48.42043,48.873745,31.540796,241681,5,5,3,60.34607,118.247116,-184.62625,95.05912,174.01709,-0.16331004,0.49904096,-0.4656182,13101354,5,639,0.035569426,212
2000043000227,40000500000682,2000043000267,2000043000000,40,1.0778745,2000043000228,-1,2000043000226,2000043000227,-1,521,45.873,41.827915,45.270542,21814,48.392296,48.80516,31.639938,241667,5,5,3,55.735275,122.273415,-190.21721,96.72758,176.75061,-0.25956592,0.59989935,-0.44816875,13101609,5,682,0.034249663,37
2000043000228,39000500000571,2000043000267,2000043000000,39,1.173417,2000043000229,-1,2000043000227,2000043000228,-1,539,45.012344,42.430374,44.840214,21814,48.367977,48.74145,31.740282,241667,5,5,3,53.688457,130.3445,-190.1174,90.226685,164.18866,-0.26253814,0.67979294,-0.41577289,13101609,5,571,0.041023426,939
2000043000229,38000500000584,2000043000267,2000043000000,38,1.2758462,2000043000230,-1,2000043000228,2000043000229,-1,498,45.442673,42.430374,45.442673,21814,48.34501,48.67644,31.8489,241667,5,5,3,44.098053,129.36267,-190.18152,96.06535,168.00204,-0.14820297,0.593893,-0.2630811,13514541,5,584,0.03494757,500
2000043000230,37000500000576,2000043000267,2000043000000,37,1.3857181,2000043000231,-1,2000043000229,2000043000230,-1,503,42.77464,40.96726,43.1189,21814,48.312714,48.5998,31.948034,241667,5,5,3,39.267315,133.9209,-189.4575,104.82724,180.77505,-0.1977602,0.56276006,-0.3297455,13528447,5,576,0.031243918,928
2000043000231,36000500000547,2000043000267,2000043000000,36,1.5036365,2000043000232,-1,2000043000230,2000043000231,-1,491,41.311523,38.815617,41.655785,21814,48.307804,48.522617,32.059666,241667,5,5,3,36.286522,135.76619,-192.02925,100.34044,175.73051,-0.2119355,0.61743194,-0.20934388,13101322,5,547,0.03121537,1
2000043000232,35000500000554,2000043000267,2000043000000,35,1.6302707,2000043000233,-1,2000043000231,2000043000232,-1,458,36.83611,35.114796,37.95496,21814,48.297287,48.454082,32.16396,241667,5,5,3,35.202637,135.38979,-188.23302,98.00596,175.00154,-0.18895088,0.47621617,-0.49436894,13528447,5,554,0.03288842,466
2000043000233,34000500000515,2000043000258,2000043000000,34,1.766336,2000043000234,2000043000259,2000043000232,2000043000233,2000043000259,391,33.651676,31.930365,34.082005,21814,48.304394,48.396038,32.272007,241671,5,5,3,23.983038,128.04915,-192.29852,94.28941,168.18782,-0.17160872,-0.07439449,-0.15960643,13528447,5,515,0.026154425,386
2000043000234,33000500000533,2000043000258,2000043000000,33,1.9126327,2000043000235,-1,2000043000233,2000043000234,-1,379,31.586102,29.778723,32.18856,21814,48.285007,48.323025,32.374672,241671,5,5,3,27.513422,124.7249,-191.99957,96.61405,165.92305,-0.14172405,0.26362407,0.04924126,13528447,5,533,0.028137842,12
2000043000235,32000500000476,2000043000258,2000043000000,32,2.0700274,2000043000236,-1,2000043000234,2000043000235,-1,395,30.63938,28.832,31.069708,21814,48.26008,48.25609,32.49045,241671,5,5,3,24.828465,120.03153,-189.58925,93.93474,162.40378,-0.034653403,0.054325536,0.18022409,13528423,5,476,0.028273558,675
2000043000236,31000500000489,2000043000258,2000043000000,31,2.2394855,2000043000237,-1,2000043000235,2000043000236,-1,315,26.85249,26.163963,27.885277,21814,48.258575,48.201195,32.61008,241671,5,5,3,21.83153,117.33979,-189.14368,100.391426,176.41824,-0.095506705,0.09455009,0.27745846,13528866,5,489,0.02087454,429
2000043000237,30000500000494,2000043000258,2000043000000,30,2.422044,2000043000238,-1,2000043000236,2000043000237,-1,304,26.077898,25.389374,26.85249,21814,48.248573,48.121872,32.715706,241671,5,5,3,18.198586,120.131485,-185.62236,95.52683,163.01607,0.06901363,0.08144597,0.11639668,13528532,5,494,0.022178449,333
2000043000238,29000500000430,2000043000258,2000043000000,29,2.6188614,2000043000239,-1,2000043000237,2000043000238,-1,294,25.389374,25.217241,26.163963,21814,48.254356,48.04423,32.81494,241671,5,5,3,22.373653,117.09886,-182.7743,97.18128,162.37727,0.10214029,0.022720866,0.01932774,13528483,5,430,0.021478707,706
2000043000239,28000500000400,2000043000258,2000043000000,28,2.8311827,2000043000240,-1,2000043000238,2000043000239,-1,274,21.774614,21.516418,22.549206,21814,48.260204,47.96737,32.933132,241671,5,5,3,23.417507,114.42164,-178.10335,102.97432,179.56354,0.07948408,-0.02437578,0.13405068,13514570,5,400,0.016050965,372
2000043000240,27000500000398,2000043000258,2000043000000,27,3.060419,2000043000241,-1,2000043000239,2000043000240,-1,226,19.536907,18.848381,19.88117,21814,48.265556,47.9135,33.034576,241671,5,5,3,21.135843,114.79456,-167.36021,99.68797,168.70782,0.06188402,0.19290595,0.019209797,13528485,5,398,0.015199797,478
2000043000241,26000500000336,2000043000258,2000043000000,26,3.3080978,2000043000242,-1,2000043000240,2000043000241,-1,229,16.610674,16.438543,17.213135,21814,48.27324,47.840446,33.124226,241669,5,5,3,21.745794,121.3193,-156.90877,88.4975,161.3948,-0.0017331087,0.13093162,0.16357622,13528485,5,336,0.016831955,330
2000043000242,25000500000248,2000043000258,2000043000000,25,3.575905,2000043000243,-1,2000043000241,2000043000242,-1,239,16.008215,15.922149,16.782806,21813,48.255413,47.769424,33.22165,241697,5,5,3,19.054918,118.38214,-156.04472,95.07481,162.5503,-0.044050682,0.14421418,-0.11283157,13528865,5,248,0.01746407,97
2000043000243,24000500000209,2000043000258,2000043000000,24,3.8656828,2000043000244,-1,2000043000242,2000043000243,-1,235,20.48363,20.48363,20.741827,21813,48.231712,47.676483,33.290054,241697,5,5,3,16.037651,115.73242,-156.95346,103.386765,177.30453,-0.12226441,0.078450024,-0.07430289,13528854,5,209,0.016204793,130
2000043000244,23000500000179,2000043000258,2000043000000,23,4.1794686,2000043000245,-1,2000043000243,2000043000244,-1,211,17.901659,17.815594,18.245922,21813,48.20977,47.60499,33.350365,241697,5,5,3,17.740353,117.75337,-155.87238,116.73233,189.97557,-0.1624525,0.10786555,-0.03152974,13101354,5,179,0.012006363,858
2000043000245,22000500000161,2000043000255,2000043000000,22,4.5195556,2000043000246,2000043000256,2000043000244,2000043000245,-1,176,13.942638,13.856573,14.372967,21813,48.176243,47.551056,33.408016,241697,5,5,3,10.800402,111.233955,-127.85492,99.739075,163.02864,0.19700582,-0.10017518,-0.011909437,13528864,5,161,0.013405214,795
2000043000246,21000500000124,2000043000251,2000043000000,21,4.888449,2000043000247,2000043000252,2000043000245,2000043000246,2000043000252,133,5.594269,5.4221373,6.024597,21813,48.156757,47.41686,33.479366,241697,5,5,3,33.558815,114.75289,-110.79787,80.17095,123.43015,0.25839388,-0.30237415,0.072071895,13528531,5,124,0.017652122,753
2000043000247,20000500000291,2000043000251,2000043000000,20,5.2888336,2000043000248,-1,2000043000246,2000043000247,-1,69,4.8196774,4.8196774,4.991809,21813,48.126316,47.425034,33.515736,241697,5,5,3,31.576286,97.63807,-109.72713,80.791176,130.20837,0.20232356,-0.09610348,0.030922137,13528791,5,291,0.008059964,419
2000043000248,19000500000350,2000043000251,2000043000000,19,5.7238646,2000043000249,-1,2000043000247,2000043000248,-1,50,3.18443,3.18443,3.2704954,21813,48.10191,47.341583,33.569054,241697,5,5,3,28.780716,98.10708,-102.51004,72.263695,118.66052,0.24819411,-0.0062891743,0.010252265,13528460,5,350,0.0068348777,991
2000043000249,18000500000587,2000043000250,2000043000000,18,6.1968336,2000043000250,2000043000251,2000043000248,2000043000249,-1,27,2.4098387,2.4098387,2.4098387,21813,48.079384,47.246243,33.65016,241697,5,5,3,37.010506,138.48404,-144.75008,60.57955,105.5319,0.038515605,0.08506018,-0.017725732,13528857,5,587,0.0062192874,754
2000043000250,17000500000500,2000043000250,2000043000000,17,6.7115865,-1,-1,2000043000249,2000043000250,-1,24,0.516394,0.516394,0.516394,21813,47.996475,47.19157,33.70788,241697,5,5,3,40.31208,128.00748,-127.09202,50.36398,78.214516,0.1272306,0.06511086,0.005019369,13528864,5,500,0.009949565,353
2000043000251,18000500000691,2000043000251,2000043000000,18,6.1968336,-1,-1,2000043000248,2000043000251,-1,25,0.60245967,0.60245967,0.774591,21813,48.130817,47.381714,33.65909,241697,5,5,3,5.1648793,47.98087,-60.850212,39.05578,73.561066,-0.06947603,-0.05052412,0.040121414,13101355,5,691,0.012695854,489
2000043000252,21000500000125,2000043000255,2000043000000,21,4.888449,2000043000253,-1,2000043000245,2000043000246,-1,35,0.0,0.0,0.0,21813,48.277004,47.530647,33.5827,241697,5,5,3,-41.858646,78.51054,-184.71489,65.38369,95.906235,-0.16328949,-0.05480775,0.042122953,13101343,5,125,0.008965226,421
2000043000253,20000500000992,2000043000255,2000043000000,20,5.2888336,2000043000254,-1,2000043000252,2000043000253,-1,27,2.4959044,2.4959044,2.4959044,21813,48.273228,47.475124,33.70892,241697,5,5,3,-17.2291,64.823235,-205.45456,56.902218,99.30074,-0.0022572961,-0.07627059,0.077024,13514568,5,992,0.0055748858,877
2000043000254,19000500000428,2000043000255,2000043000000,19,5.7238646,2000043000255,-1,2000043000253,2000043000254,-1,43,1.8934448,1.8934448,1.9795104,21813,48.28672,47.43385,33.808342,241697,5,5,3,-5.2244463,79.57416,-163.92773,59.46651,93.79962,0.06194506,0.08705445,-0.07355806,13528457,5,428,0.009396936,26
2000043000255,18000500000772,2000043000255,2000043000000,18,6.1968336,-1,-1,2000043000254,2000043000255,-1,22,1.032788,1.032788,1.1188537,21813,48.2595,47.417564,33.933784,241697,5,5,3,11.074204,74.81733,-176.58067,53.627903,81.91832,0.12183459,-0.08892886,-0.033214185,13101344,5,772,0.007662416,752
2000043000256,22000500001795,2000043000258,2000043000000,22,4.5195556,2000043000257,-1,2000043000244,2000043000256,-1,24,1.3770508,1.3770508,1.3770508,21813,48.284336,47.664677,33.607155,241697,5,5,3,30.014462,73.57581,-292.4609,43.683952,76.39192,-0.0017796354,-0.006763625,0.028798096,13514539,5,1795,0.009715042,994
2000043000257,21000500001470,2000043000258,2000043000000,21,4.888449,2000043000258,-1,2000043000256,2000043000257,-1,25,1.3770508,1.3770508,1.3770508,21813,48.24866,47.605072,33.752632,241697,5,5,3,30.256536,95.210075,-270.22504,43.230656,75.36332,0.035297144,0.039204735,-0.072534695,13514562,5,1470,0.009158867,454
2000043000258,19000500001134,2000043000258,2000043000000,19,5.7238646,-1,-1,2000043000257,2000043000258,-1,21,1.2909851,1.2909851,1.3770508,21813,48.196617,47.48525,33.99332,241697,5,5,3,24.107393,98.817085,-224.89488,49.980587,78.24212,0.117386766,-0.011537438,-0.080534175,13514565,5,1134,0.0075722374,133
2000043000259,34000500000516,2000043000267,2000043000000,34,1.766336,2000043000260,-1,2000043000232,2000043000233,-1,30,0.0,0.0,0.0,21814,48.084854,48.21394,32.17697,241667,5,5,3,99.682205,230.45485,-122.7513,40.178078,62.49339,-0.266946,0.08047595,-0.18365583,13528814,5,516,0.015608559,269
2000043000260,33000500002535,2000043000267,2000043000000,33,1.9126327,2000043000261,-1,2000043000259,2000043000260,-1,41,1.8934448,1.6352477,2.4098387,21814,48.049934,48.101803,32.230762,241671,5,5,3,73.890015,212.79688,-131.85664,38.080223,59.58931,0.041850735,0.03686012,-0.19450314,13528749,5,2535,0.02454453,204
2000043000261,32000500003826,2000043000267,2000043000000,32,2.0700274,2000043000262,-1,2000043000260,2000043000261,-1,25,1.9795104,1.9795104,2.065576,21814,47.99673,47.94573,32.355625,241671,5,5,3,59.533913,210.71147,-140.24254,33.890007,61.18422,-0.0913188,0.12593205,-0.118631706,13528750,5,3826,0.017586282,246
2000043000262,31000500003119,2000043000267,2000043000000,31,2.2394855,2000043000263,-1,2000043000261,2000043000262,-1,30,1.2909851,1.1188537,2.2377074,21814,47.945038,47.81837,32.41634,241669,5,5,3,57.02419,199.43764,-132.19719,33.26628,60.836647,-0.061241418,0.0037601658,-0.17017746,13528750,5,3119,0.019894363,641
2000043000263,30000500003832,2000043000267,2000043000000,30,2.422044,2000043000264,-1,2000043000262,2000043000263,-1,23,1.2049193,1.2049193,1.2049193,21814,47.92015,47.74994,32.50254,241669,5,5,3,51.609993,190.22365,-142.44484,32.919605,57.868847,-0.070720375,0.08401302,-0.16756259,13528750,5,3832,0.014739867,694
2000043000264,29000500003143,2000043000267,2000043000000,29,2.6188614,2000043000265,-1,2000043000263,2000043000264,-1,27,1.2049193,1.2049193,1.2049193,21814,47.88969,47.584995,32.59148,241669,5,5,3,55.91401,180.5451,-135.62598,32.733654,58.46803,-0.20475192,0.14170305,0.06485472,13528812,5,3143,0.01995331,697
2000043000265,28000500003220,2000043000267,2000043000000,28,2.8311827,2000043000266,-1,2000043000264,2000043000265,-1,24,1.3770508,1.2909851,1.3770508,21814,47.85909,47.529377,32.697292,241669,5,5,3,51.487057,169.55678,-133.95154,31.126173,60.69094,-0.009897327,0.03516368,-0.089535564,13528927,5,3220,0.014153899,183
2000043000266,27000500003909,2000043000267,2000043000000,27,3.060419,2000043000267,-1,2000043000265,2000043000266,-1,20,1.1188537,0.9467224,1.1188537,21814,47.821682,47.418953,32.78402,241668,5,5,3,52.177303,154.72585,-131.6945,32.162926,61.39349,-0.13183361,-0.05547627,-0.11486861,13528927,5,3909,0.011961408,86
2000043000267,25000500003409,2000043000267,2000043000000,25,3.575905,-1,-1,2000043000266,2000043000267,-1,20,0.60245967,0.60245967,0.774591,21814,47.764874,47.284447,32.886528,241668,5,5,3,45.2317,136.47792,-108.76757,33.20089,62.983673,-0.14077821,-0.057431918,-0.06238257,13528814,5,3409,0.013346519,22
2000043000268,44000200000374,2000043000286,2000043000000,44,0.75503564,2000043000269,-1,2000043000222,2000043000019,-1,34,0.0,0.0,0.0,10952,48.40382,49.068214,31.185038,129333,5,5,3,243.0015,181.34688,-113.062965,39.58596,75.1332,-0.024004309,-0.13779432,0.119112216,13532840,2,374,0.0147221,135
2000043000269,43000200002664,2000043000286,2000043000000,43,0.8276991,2000043000270,-1,2000043000268,2000043000269,-1,47,4.3893495,3.6147583,4.217218,10952,48.283955,48.980854,31.248783,129333,5,5,3,205.2679,206.9197,-141.31003,41.795197,81.29005,-0.0019911036,0.050509594,0.14865825,13532729,2,2664,0.019343652,260
2000043000270,42000200003015,2000043000286,2000043000000,42,0.9054624,2000043000271,-1,2000043000269,2000043000270,-1,48,3.442627,2.9262328,3.442627,21815,48.19127,48.88941,31.332293,241681,5,5,3,179.2759,212.14322,-162.70358,34.671947,69.225945,-0.13832201,-0.09083714,0.12443067,13532729,2,3015,0.02090155,532
2000043000271,41000500002632,2000043000286,2000043000000,41,0.98870814,2000043000272,-1,2000043000270,2000043000271,-1,48,3.9590209,3.2704954,3.9590209,21814,48.08826,48.77149,31.417784,241667,5,5,3,157.76306,203.74709,-172.9224,37.200714,70.23123,0.042005908,-0.03184138,0.126532,13532729,5,2632,0.02070489,525
2000043000272,40000500002669,2000043000286,2000043000000,40,1.0778745,2000043000273,-1,2000043000271,2000043000272,-1,48,3.7868896,3.2704954,3.7008238,21814,48.009045,48.665638,31.516426,241667,5,5,3,143.9959,199.71957,-180.31589,38.861855,72.83433,-0.026491443,-0.018876083,0.121326834,13532728,5,2669,0.020381592,699
2000043000273,39000500002535,2000043000286,2000043000000,39,1.173417,2000043000274,-1,2000043000272,2000043000273,-1,50,3.3565612,3.098364,3.3565612,21814,47.929134,48.555244,31.61843,241667,5,5,3,132.3364,196.65071,-182.18918,37.850487,73.64904,0.03942279,0.011058087,0.20627172,13532738,5,2535,0.02424458,643
2000043000274,38000500002556,2000043000286,2000043000000,38,1.2758462,2000043000275,-1,2000043000273,2000043000274,-1,47,3.3565612,2.840167,3.3565612,21814,47.858337,48.45669,31.719545,241667,5,5,3,121.82014,193.7274,-184.72247,36.876415,80.77059,-0.04702502,-0.01173427,0.12886283,13528930,5,2556,0.025158633,982
2000043000275,37000500002701,2000043000286,2000043000000,37,1.3857181,2000043000276,-1,2000043000274,2000043000275,-1,43,3.098364,2.7541015,3.098364,21814,47.804012,48.352253,31.824158,241666,5,5,3,119.393394,190.3182,-182.02454,37.527454,76.91421,-0.09205936,-0.014825702,0.24717456,13532728,5,2701,0.02356335,333
2000043000276,36000500002524,2000043000286,2000043000000,36,1.5036365,2000043000277,-1,2000043000275,2000043000276,-1,45,2.5819702,2.4959044,2.5819702,21814,47.72456,48.24362,31.913486,241666,5,5,3,110.407005,186.56648,-182.17094,38.69139,70.80745,0.004737018,0.046947587,0.2799491,13532728,5,2524,0.01958886,558
2000043000277,35000500002580,2000043000286,2000043000000,35,1.6302707,2000043000278,-1,2000043000276,2000043000277,-1,44,2.1516418,2.065576,2.1516418,21814,47.668423,48.14987,32.01402,241666,5,5,3,103.62313,183.46829,-180.44638,36.344055,69.79227,-0.11139256,0.07957599,0.21441515,13532728,5,2580,0.02452835,92
2000043000278,34000500003257,2000043000286,2000043000000,34,1.766336,2000043000279,-1,2000043000277,2000043000278,-1,33,1.8934448,1.7213135,1.8934448,21814,47.609196,48.04303,32.129784,241666,5,5,3,93.49215,179.9324,-176.26755,32.551365,60.90025,-0.11122297,0.15014453,-0.014843863,13532739,5,3257,0.017464036,809
2000043000279,33000500003219,2000043000286,2000043000000,33,1.9126327,2000043000280,-1,2000043000278,2000043000279,-1,34,1.6352477,1.4631164,1.6352477,21814,47.553467,47.932964,32.22489,241666,5,5,3,89.459236,175.93285,-171.35506,32.600433,70.50097,-0.02188217,0.13205326,-0.03905774,13532728,5,3219,0.0235724,212
2000043000280,32000500004079,2000043000286,2000043000000,32,2.0700274,2000043000281,-1,2000043000279,2000043000280,-1,25,1.2909851,1.2909851,1.2909851,21814,47.51204,47.84038,32.303867,241668,5,5,3,87.5426,170.21602,-164.50406,31.270163,56.78943,0.07782256,0.05421447,0.13505235,13532746,5,4079,0.01795879,544
2000043000281,31000500004234,2000043000286,2000043000000,31,2.2394855,2000043000282,-1,2000043000280,2000043000281,-1,23,1.549182,1.549182,1.549182,21814,47.469494,47.733078,32.408382,241668,5,5,3,85.58723,165.77548,-162.4252,37.63413,65.512566,0.08974162,0.08747204,0.05795847,13532746,5,4234,0.011780234,744
2000043000282,30000500004252,2000043000286,2000043000000,30,2.422044,2000043000283,-1,2000043000281,2000043000282,-1,21,1.6352477,1.6352477,1.6352477,21814,47.42564,47.619003,32.501163,241668,5,5,3,77.58028,167.51793,-156.4982,44.12309,86.4463,0.041796982,0.030678902,0.025549024,13532738,5,4252,0.0057537504,892
2000043000283,29000500003956,2000043000286,2000043000000,29,2.6188614,2000043000284,-1,2000043000282,2000043000283,-1,22,1.549182,1.4631164,1.549182,21814,47.384113,47.531868,32.60128,241668,5,5,3,74.28028,161.01517,-160.37415,34.479958,66.53278,0.070056304,0.08253571,0.0010025047,13532738,5,3956,0.010835588,621
2000043000284,28000500004007,2000043000286,2000043000000,28,2.8311827,2000043000285,-1,2000043000283,2000043000284,-1,20,1.2909851,1.2909851,1.2909851,21814,47.351,47.457584,32.693283,241668,5,5,3,76.30894,146.7118,-149.9438,31.31144,60.37447,0.10516681,0.013455162,0.0017927758,13532738,5,4007,0.014026166,400
2000043000285,27000500003541,2000043000286,2000043000000,27,3.060419,2000043000286,-1,2000043000284,2000043000285,-1,22,0.774591,0.774591,0.774591,21814,47.27166,47.334427,32.77104,241668,5,5,3,71.005875,139.28717,-146.79515,33.66649,56.033,0.061894607,0.07451581,-0.003923253,13532746,5,3541,0.016003188,733
2000043000286,25000500003052,2000043000286,2000043000000,25,3.575905,-1,-1,2000043000285,2000043000286,-1,23,0.60245967,0.60245967,0.60245967,21814,47.23925,47.230812,32.95581,241668,5,5,3,57.95577,126.12668,-135.01813,34.78376,58.57137,0.07201383,0.05490216,-0.0045601027,13532737,5,3052,0.015912483,716
2000043000287,57000200000545,2000043000291,2000043000000,57,0.14438343,2000043000288,-1,2000043000005,2000043000006,-1,20,0.0,0.0,0.0,10952,48.50267,49.23758,30.29169,129333,5,5,3,-127.16098,149.96881,-238.13313,30.074923,39.754025,-0.13265488,-0.021739416,0.062038433,13101934,2,545,0.026979765,171
2000043000288,56000200000537,2000043000291,2000043000000,56,0.17489761,2000043000289,-1,2000043000287,2000043000007,2000043000774,27,0.0,0.0,0.0,10952,48.541813,49.206505,30.362556,129333,5,5,3,-115.06599,104.016556,-241.46953,32.334576,46.535637,-0.06497044,-0.026710745,0.037130583,13101934,2,537,0.024764908,432
2000043000289,55000200000522,2000043000291,2000043000000,55,0.20754863,2000043000290,-1,2000043000288,2000043000008,2000043000775,30,0.0,0.0,0.0,10952,48.5769,49.151726,30.409721,129333,5,5,3,-93.50984,14.709751,-248.97249,32.191475,53.710903,-0.15393656,0.012539277,0.30055508,13101931,2,522,0.0255017,417
2000043000290,54000200000526,2000043000291,2000043000000,54,0.24246909,2000043000291,-1,2000043000289,2000043000009,-1,34,0.0,0.0,0.0,10952,48.604004,49.162197,30.490047,129333,5,5,3,-81.977715,-68.88676,-267.189,36.974586,63.663494,-0.046651006,0.003260637,0.16211823,13101931,2,526,0.021871988,696
2000043000291,52000200000485,2000043000291,2000043000000,52,0.31970343,-1,-1,2000043000290,2000043000011,2000043000777,26,0.0,0.0,0.0,10952,48.57816,49.33905,30.714037,129333,5,5,3,291.0436,-254.39444,-334.99597,53.719643,78.73934,0.05212843,-0.011348069,-0.058258153,13960759,2,485,0.01063973,165
