haloID,subHaloID,lastProgenitorId,treeId,snapNum,redshift,firstProgenitorId,nextProgenitorId,descendantId,firstHaloInFOFgroupId,nextHaloInFOFgroupId,np,m_Mean200,m_Crit200,m_TopHat,phKey,x,y,z,zIndex,ix,iy,iz,velX,velY,velZ,velDisp,vMax,spinX,spinY,spinZ,mostBoundID,fileNr,subhaloIndex,halfmassRadius,random
1000101000000,63000100000553,1000101000093,1000101000000,63,0.0,1000101000001,-1,-1,1000101000000,1000101000094,1129,104.48373,79.52468,94.930435,6592,31.075552,40.566994,30.13623,89963,3,4,3,340.19397,154.10748,45.00134,91.93787,170.51389,-0.5002685,-0.4601617,-0.7297143,3943371,1,553,0.07675643,683
1000101000001,62000100000552,1000101000093,1000101000000,62,0.019932542,1000101000002,-1,1000101000000,1000101000001,-1,1116,103.537,79.26648,95.5329,6592,31.008696,40.541676,30.125658,89963,3,4,3,337.20944,151.59322,44.404556,93.25596,172.21986,-0.43164954,-0.4274802,-0.7581375,3964490,1,552,0.07608899,968
1000101000002,61000100000557,1000101000093,1000101000000,61,0.041403063,1000101000003,-1,1000101000001,1000101000002,-1,1126,102.93454,78.75009,94.84437,6592,30.93499,40.510612,30.111355,89963,3,4,3,331.56677,148.8836,43.638626,95.714226,177.81871,-0.45517474,-0.38007468,-0.611955,3943371,1,557,0.072692126,295
1000101000003,60000100000529,1000101000093,1000101000000,60,0.064493395,1000101000004,-1,1000101000002,1000101000003,-1,1118,102.332085,79.52468,93.381256,6592,30.855452,40.477123,30.100597,89963,3,4,3,326.81357,146.06058,42.432716,98.05068,182.89865,-0.47154215,-0.3047972,-0.60159665,3943461,1,529,0.07350197,928
1000101000004,59000100000496,1000101000093,1000101000000,59,0.08928783,1000101000005,-1,1000101000003,1000101000004,-1,1089,100.868965,78.664024,92.17633,6592,30.778446,40.443947,30.091658,89963,3,4,3,321.29346,144.19623,41.796955,94.55385,173.68141,-0.33022335,-0.3402006,-0.57801485,3943363,1,496,0.074114375,160
1000101000005,58000100000483,1000101000093,1000101000000,58,0.11588337,1000101000006,-1,1000101000004,1000101000005,-1,1063,99.49191,78.75009,91.40174,6592,30.690834,40.41053,30.078526,89963,3,4,3,312.27332,139.30986,39.46565,93.46321,167.75764,-0.44889987,-0.28803468,-0.6947022,3943385,1,483,0.0730703,978
1000101000006,57000100000478,1000101000093,1000101000000,57,0.14438343,1000101000007,-1,1000101000005,1000101000006,-1,1063,99.49191,78.664024,90.799286,6592,30.603258,40.374664,30.068987,89963,3,4,3,308.83008,137.29845,39.901188,94.78687,174.95822,-0.33676407,-0.059781943,-0.73055094,3943367,1,478,0.07170299,268
1000101000007,56000100000494,1000101000093,1000101000000,56,0.17489761,1000101000008,-1,1000101000006,1000101000007,-1,1080,99.23372,77.28697,89.5083,6592,30.513144,40.337082,30.05697,89963,3,4,3,304.65656,134.11183,38.105404,97.051094,180.76427,-0.48534328,-0.0948371,-0.8229442,3964542,1,494,0.072754204,52
1000101000008,55000100000480,1000101000093,1000101000000,55,0.20754863,1000101000009,-1,1000101000007,1000101000008,-1,1084,97.7706,75.73779,89.42223,6592,30.418364,40.297832,30.043211,89963,3,4,3,296.45053,130.66212,37.05616,95.54821,175.58437,-0.4144074,-0.024039825,-1.0836152,3964542,1,480,0.07093325,486
1000101000009,54000100000496,1000101000093,1000101000000,54,0.24246909,1000101000010,-1,1000101000008,1000101000009,-1,1058,96.82388,76.426315,87.959114,6592,30.330166,40.251125,30.037573,89963,3,4,3,293.98734,129.93071,36.809994,95.884254,173.10904,-0.24391986,-0.010466104,-0.89597505,3943525,1,496,0.069695614,342
1000101000010,53000100000535,1000101000093,1000101000000,53,0.2798018,1000101000011,-1,1000101000009,1000101000010,-1,1034,94.50011,76.34025,87.35666,6592,30.236494,40.209595,30.026512,89962,3,4,3,287.32892,126.72896,35.660168,97.63584,177.44092,-0.13296379,0.0029254956,-0.76001847,3943525,1,535,0.07022308,223
1000101000011,52000100000521,1000101000082,1000101000000,52,0.31970343,1000101000012,1000101000083,1000101000010,1000101000011,-1,1052,93.55338,77.200905,86.754196,6592,30.141651,40.165634,30.00945,89962,3,4,3,281.1684,122.84282,37.02351,96.8092,177.49045,-0.6392677,-0.4227119,-1.2522135,3943525,1,521,0.06931857,484
1000101000012,51000100000516,1000101000082,1000101000000,51,0.36234027,1000101000013,-1,1000101000011,1000101000012,-1,1049,92.5206,77.45911,87.78699,6592,30.035593,40.12373,29.997606,89962,3,4,3,275.08694,119.70442,37.727688,98.02505,177.10257,-0.74291646,-0.6217237,-1.236406,3943363,1,516,0.071260534,135
1000101000013,50000100000511,1000101000079,1000101000000,50,0.40789944,1000101000014,1000101000080,1000101000012,1000101000013,1000101000080,1019,92.5206,75.47959,86.58206,6592,29.927015,40.080032,29.980928,89962,3,4,3,269.22876,114.650635,36.77334,99.82239,179.71417,-0.665266,-0.73776084,-0.97890604,3943436,1,511,0.06647374,895
1000101000014,49000100000506,1000101000079,1000101000000,49,0.45657724,1000101000015,-1,1000101000013,1000101000014,1000101000081,1005,93.72552,74.87714,85.11895,6592,29.817657,40.036495,29.965181,89960,3,4,3,264.8865,111.57266,36.04566,99.94903,175.27719,-0.5448825,-0.9699165,-1.0072728,3941370,1,506,0.06482789,238
1000101000015,48000100000512,1000101000079,1000101000000,48,0.5085914,1000101000016,-1,1000101000014,1000101000015,1000101000082,980,92.09027,76.77058,87.01239,6592,29.706991,39.98843,29.956556,89960,3,4,3,258.7308,108.17635,34.14824,100.30116,176.49614,-0.6919146,-0.95832264,-0.8371125,3941370,1,512,0.06217901,581
1000101000016,47000100000497,1000101000079,1000101000000,47,0.5641766,1000101000017,-1,1000101000015,1000101000016,-1,975,89.42223,75.99599,85.377144,6592,29.59934,39.946712,29.94429,89960,3,4,3,256.85922,112.87518,36.773136,104.49522,179.46016,-0.8661402,-1.0514226,-1.0869818,3943444,1,497,0.059281345,257
1000101000017,46000100000504,1000101000079,1000101000000,46,0.6235901,1000101000018,-1,1000101000016,1000101000017,-1,953,85.20502,75.2214,81.67632,6592,29.4856,39.89863,29.937323,89960,3,4,3,249.86343,109.6881,32.65067,102.96903,174.15788,-0.90534955,-1.0905505,-0.9249981,3943444,1,504,0.05975395,578
1000101000018,45000100000509,1000101000066,1000101000000,45,0.6871088,1000101000019,1000101000067,1000101000017,1000101000018,1000101000067,879,81.41812,73.24189,79.438614,6592,29.371954,39.851864,29.923979,89960,3,4,3,247.51315,107.85688,27.614737,105.18966,176.81007,-0.5950014,-1.1391525,-0.7839233,3943409,1,509,0.054450877,87
1000101000019,44000100000538,1000101000066,1000101000000,44,0.75503564,1000101000020,-1,1000101000018,1000101000019,1000101000068,765,73.58615,64.97958,71.262375,6599,29.260744,39.80935,29.921375,89953,3,4,3,241.05754,103.058014,23.015915,107.29379,179.33748,-0.54683024,-1.1004,-0.75199366,3943363,1,538,0.046502803,568
1000101000020,43000100000506,1000101000066,1000101000000,43,0.8276991,1000101000021,-1,1000101000019,1000101000020,-1,741,66.7009,60.159904,65.49598,6599,29.136152,39.754158,29.919243,89953,3,4,3,235.27126,98.3324,22.465405,103.21863,177.94264,-0.30195606,-0.90939945,-0.69483465,3943356,1,506,0.0457374,755
1000101000021,42000100000517,1000101000066,1000101000000,42,0.9054624,1000101000022,-1,1000101000020,1000101000021,-1,732,63.774662,55.68449,62.741875,6599,29.027647,39.69964,29.905764,89953,3,4,3,231.9155,97.93902,23.090256,97.054665,170.3971,-0.367746,-0.93189555,-0.6873199,3943356,1,517,0.049427133,210
1000101000022,41000100000547,1000101000066,1000101000000,41,0.98870814,1000101000023,-1,1000101000021,1000101000022,-1,663,58.86892,51.29514,57.750065,6599,28.902391,39.648106,29.901606,89953,3,4,3,224.8428,91.35795,23.118261,98.36821,175.48303,-0.542173,-0.5901198,-0.25163028,3964540,1,547,0.04215654,392
1000101000023,40000100000524,1000101000066,1000101000000,40,1.0778745,1000101000024,-1,1000101000022,1000101000023,-1,619,54.04924,49.573826,53.61891,6599,28.792608,39.610325,29.89403,89953,3,4,3,219.9894,86.49484,17.164185,98.195015,169.99577,-0.6101706,-0.65358025,-0.42017254,3943382,1,524,0.04130524,287
1000101000024,39000100000533,1000101000066,1000101000000,39,1.173417,1000101000025,-1,1000101000023,1000101000024,-1,622,52.241863,47.76645,51.725468,6599,28.669434,39.565468,29.886917,89953,3,4,3,215.43503,86.17558,19.265276,96.98336,167.20706,-0.291569,-0.70232326,-0.77675086,3964540,1,533,0.04247588,465
1000101000025,38000100000495,1000101000066,1000101000000,38,1.2758462,1000101000026,-1,1000101000024,1000101000025,-1,569,48.28284,43.979557,48.28284,6599,28.57733,39.50513,29.851423,89953,3,4,3,205.52779,79.50693,20.123892,99.09034,172.61137,-0.37092692,-0.40667716,-0.7802045,3943353,1,495,0.037037745,291
1000101000026,37000100000503,1000101000066,1000101000000,37,1.3857181,1000101000027,-1,1000101000025,1000101000026,-1,501,47.33612,44.065624,47.33612,6599,28.460976,39.462425,29.843721,89953,3,4,3,202.13533,76.98462,21.231688,100.328156,170.62102,-0.31993467,-0.5469804,-0.8899693,3964539,1,503,0.032938935,559
1000101000027,36000100000477,1000101000066,1000101000000,36,1.5036365,1000101000028,-1,1000101000026,1000101000027,-1,512,46.647594,44.409885,47.50825,6599,28.324724,39.432644,29.833248,89953,3,4,3,196.67921,73.4246,19.38689,100.74908,169.57585,-0.34163442,-0.40989012,-0.84314686,3964539,1,477,0.03406608,284
1000101000028,35000100000486,1000101000066,1000101000000,35,1.6302707,1000101000029,-1,1000101000027,1000101000028,-1,539,46.30333,44.495953,46.819725,6599,28.208105,39.39132,29.83497,89952,3,4,3,189.85753,71.70684,17.472462,103.22869,169.21864,-0.41355193,-0.37351575,-0.8555654,3964539,1,486,0.035546,279
1000101000029,34000100000457,1000101000066,1000101000000,34,1.766336,1000101000030,-1,1000101000028,1000101000029,-1,534,44.151688,41.397587,45.012344,6599,28.091837,39.376976,29.823483,89952,3,4,3,187.21527,69.250626,14.470382,102.16152,169.78342,-0.25587353,-0.41719893,-0.68138456,3943169,1,457,0.036234405,391
1000101000030,33000100000446,1000101000066,1000101000000,33,1.9126327,1000101000031,-1,1000101000029,1000101000030,-1,499,42.51644,40.450867,43.463165,6599,27.975595,39.310616,29.815376,89952,3,4,3,191.75916,69.68409,6.5777206,109.36588,179.10442,-0.277145,-0.4646584,-0.63890773,3943355,1,446,0.030457998,716
1000101000031,32000100000458,1000101000066,1000101000000,32,2.0700274,1000101000032,-1,1000101000030,1000101000031,-1,470,39.93447,37.868896,40.3648,6599,27.84444,39.263542,29.825714,89952,3,4,3,182.40291,64.182846,5.4683704,104.46421,168.28865,-0.2984542,-0.65370715,-0.70013803,3964539,1,458,0.031115249,735
1000101000032,31000100000452,1000101000059,1000101000000,31,2.2394855,1000101000033,1000101000060,1000101000031,1000101000032,-1,412,35.631187,34.512333,36.319714,6599,27.756292,39.204964,29.823542,89952,3,4,3,181.12003,71.185974,-1.1348852,108.97818,170.82574,-0.44108093,-0.5002068,-0.58617514,3943355,1,452,0.027583702,227
1000101000033,30000100000404,1000101000059,1000101000000,30,2.422044,1000101000034,-1,1000101000032,1000101000033,-1,386,33.651676,32.532825,34.77053,6599,27.658253,39.173157,29.80751,89952,3,4,3,176.6627,73.74146,-1.4223433,102.58338,169.36363,-0.5313893,-0.44337502,-0.3830623,3943355,1,404,0.026210599,772
1000101000034,29000100000388,1000101000059,1000101000000,29,2.6188614,1000101000035,-1,1000101000033,1000101000034,-1,352,29.778723,27.885277,30.553314,6599,27.559761,39.16941,29.7998,89952,3,4,3,170.08266,61.71137,10.733949,100.9108,162.93845,-0.30807805,-0.078423075,-0.2343217,3943306,1,388,0.025982523,992
1000101000035,28000100000350,1000101000059,1000101000000,28,2.8311827,1000101000036,-1,1000101000034,1000101000035,-1,343,28.659868,28.22954,29.090197,6599,27.460657,39.104992,29.778639,89952,3,4,3,161.19447,62.313404,6.5116534,104.286026,171.37492,-0.2046414,0.0031565304,-0.2847789,3943371,1,350,0.023705551,337
1000101000036,27000100000318,1000101000059,1000101000000,27,3.060419,1000101000037,-1,1000101000035,1000101000036,-1,331,25.561504,24.959045,25.991833,6588,27.343933,39.043663,29.758928,89074,3,4,3,156.98302,61.435062,1.7585742,101.878426,172.36494,-0.20024538,0.020947302,-0.24990904,3943305,1,318,0.022074359,783
1000101000037,26000100000321,1000101000056,1000101000000,26,3.3080978,1000101000038,1000101000057,1000101000036,1000101000037,-1,261,21.946747,21.86068,22.635271,6565,27.26154,39.035656,29.791815,89019,3,4,3,153.3202,61.10025,-2.3017097,105.36707,167.5503,-0.21006544,0.10598916,-0.021289412,3941372,1,321,0.018412199,288
1000101000038,25000100000319,1000101000049,1000101000000,25,3.575905,1000101000039,1000101000050,1000101000037,1000101000038,1000101000050,191,17.47133,17.385265,17.557398,6565,27.153288,38.96651,29.753653,89019,3,4,3,145.5025,68.94766,7.413381,103.4255,155.21559,-0.05247103,0.052223984,-0.09126183,3964539,1,319,0.01563831,64
1000101000039,24000100000293,1000101000049,1000101000000,24,3.8656828,1000101000040,-1,1000101000038,1000101000039,1000101000051,156,11.274603,11.188538,12.393456,6565,27.071295,38.915257,29.696978,89019,3,4,3,147.86478,57.497917,18.075052,88.1701,136.38266,-0.165492,-0.054973874,-0.07088033,3943382,1,293,0.01809045,682
1000101000040,23000100000288,1000101000049,1000101000000,23,4.1794686,1000101000041,-1,1000101000039,1000101000040,1000101000052,105,7.573779,7.573779,7.831976,6565,26.977129,38.90568,29.643744,89019,3,4,3,144.1842,39.350563,48.335636,65.96481,125.43211,-0.003965037,-0.18018603,-0.14759676,3941372,1,288,0.014467617,898
1000101000041,22000100000475,1000101000049,1000101000000,22,4.5195556,1000101000042,-1,1000101000040,1000101000041,-1,84,6.799188,6.799188,6.971319,6565,26.868862,38.87523,29.62454,89019,3,4,3,148.66432,50.516926,40.90257,72.59242,124.430824,-0.040059827,-0.04797488,0.027322782,3941370,1,475,0.010722731,275
1000101000042,21000100000352,1000101000049,1000101000000,21,4.888449,1000101000043,-1,1000101000041,1000101000042,-1,87,6.7131224,6.7131224,6.799188,6565,26.792753,38.84331,29.604551,89019,3,4,3,138.42175,49.71037,35.531963,77.079956,129.73973,0.015077114,-0.13847438,0.034752186,3943383,1,352,0.010600062,86
1000101000043,20000100000319,1000101000049,1000101000000,20,5.2888336,1000101000044,-1,1000101000042,1000101000043,-1,73,6.196728,6.196728,6.282794,6565,26.767963,38.837284,29.586327,89019,2,4,3,114.39229,36.251045,35.076088,81.15545,137.24512,-0.056623153,0.0041714846,0.003538501,3943384,1,319,0.0076655103,860
1000101000044,19000100000294,1000101000049,1000101000000,19,5.7238646,1000101000045,-1,1000101000043,1000101000044,-1,61,4.905743,4.905743,5.1639404,6565,26.709438,38.81679,29.536722,89019,2,4,3,108.93279,27.202143,39.63283,80.04952,129.4319,-0.09770831,0.017442094,-0.011420417,3943357,1,294,0.007834348,572
1000101000045,18000100000293,1000101000049,1000101000000,18,6.1968336,1000101000046,-1,1000101000044,1000101000045,-1,48,4.131152,4.131152,4.131152,6565,26.6458,38.807125,29.550854,89019,2,4,3,88.05015,24.613192,26.716331,71.75242,123.24206,-0.07942468,-0.01946802,0.06160697,3943357,1,293,0.0068303687,102
1000101000046,17000100000266,1000101000049,1000101000000,17,6.7115865,1000101000047,-1,1000101000045,1000101000046,-1,40,2.065576,2.065576,2.3237731,6565,26.575964,38.771782,29.49772,89019,2,4,3,101.9434,25.628803,31.521801,65.91247,107.71726,-0.0031177755,0.007846231,-0.04062934,3943382,1,266,0.008063116,745
1000101000047,16000100000294,1000101000049,1000101000000,16,7.272188,1000101000048,-1,1000101000046,1000101000047,-1,29,2.2377074,2.2377074,2.5819702,6565,26.519703,38.7568,29.500277,89019,2,4,3,107.13489,39.583954,23.093454,66.95705,115.052765,-0.0148035465,-0.070293784,0.017121546,3943366,1,294,0.0049298904,949
1000101000048,15000100000194,1000101000049,1000101000000,15,7.8832035,1000101000049,-1,1000101000047,1000101000048,-1,26,1.9795104,1.9795104,2.065576,6565,26.47792,38.738033,29.519894,89019,2,4,3,103.679855,43.55965,22.70171,67.37131,115.69058,-0.026152618,-0.04095255,0.048184473,3943385,1,194,0.0045255315,86
1000101000049,14000100000135,1000101000049,1000101000000,14,8.549912,-1,-1,1000101000048,1000101000049,-1,23,1.6352477,1.6352477,1.6352477,6565,26.437284,38.71156,29.490505,89019,2,4,3,98.53441,46.43111,17.493353,61.70657,107.86129,-0.02401212,-0.014701827,0.04824564,3943382,1,135,0.00426268,291
1000101000050,25000100000320,1000101000056,1000101000000,25,3.575905,1000101000051,-1,1000101000037,1000101000038,-1,28,0.0,0.0,0.0,6565,27.15941,38.997826,29.727316,89019,3,4,3,135.15485,-21.984068,-101.23642,77.83381,120.71184,-0.057211526,-0.08656754,0.020131255,3943310,1,320,0.0048020864,368
1000101000051,24000100000294,1000101000056,1000101000000,24,3.8656828,1000101000052,-1,1000101000050,1000101000039,-1,27,0.0,0.0,0.0,6565,27.069784,38.975777,29.795542,89019,3,4,3,162.5322,69.604805,-92.37697,59.87342,98.11023,-0.034564972,-0.064486265,-0.045647487,3943305,1,294,0.0061788643,860
1000101000052,23000100000289,1000101000056,1000101000000,23,4.1794686,1000101000053,-1,1000101000051,1000101000040,-1,54,0.0,0.0,0.0,6565,26.993366,38.936737,29.867577,89019,3,4,3,136.94696,78.07473,-81.74612,65.13461,112.62943,0.09157867,-0.054829128,-0.11245711,3943457,1,289,0.008982193,454
1000101000053,22000100000625,1000101000056,1000101000000,22,4.5195556,1000101000054,-1,1000101000052,1000101000053,-1,67,5.1639404,4.991809,5.3360715,6565,26.927097,38.886444,29.890308,89019,3,4,3,122.32015,73.73898,-60.86622,68.67414,121.29794,0.21056335,0.023658369,-0.17599155,3943305,1,625,0.009057489,624
1000101000054,21000100000642,1000101000056,1000101000000,21,4.888449,1000101000055,-1,1000101000053,1000101000054,-1,53,3.9590209,3.9590209,4.131152,6565,26.862427,38.850876,29.894924,89019,3,4,3,114.69018,86.627426,-53.87492,65.60318,105.78335,0.1737131,-0.0033259774,-0.05175936,3943429,1,642,0.009938487,396
1000101000055,20000100000522,1000101000056,1000101000000,20,5.2888336,1000101000056,-1,1000101000054,1000101000055,-1,52,2.2377074,2.2377074,2.2377074,6565,26.793344,38.827347,29.897842,89019,3,4,3,108.19462,73.10584,-52.003197,58.16925,95.1605,0.16854438,-0.16280128,-0.11419828,3943457,1,522,0.013008617,494
1000101000056,19000100000670,1000101000056,1000101000000,19,5.7238646,-1,-1,1000101000055,1000101000056,-1,35,1.3770508,1.3770508,1.549182,6565,26.722845,38.775124,29.96004,89019,2,4,3,105.34025,68.418465,-34.898144,50.576153,86.98114,0.20639418,0.035111938,-0.11395684,3943457,1,670,0.009906076,358
1000101000057,25000100002525,1000101000059,1000101000000,25,3.575905,1000101000058,-1,1000101000036,1000101000057,-1,25,0.9467224,0.774591,0.9467224,6599,27.381058,39.117554,29.70306,89952,3,4,3,132.94687,-57.131187,26.466572,37.93084,56.679718,0.07951447,-0.010125815,-0.18511625,3964486,1,2525,0.018595189,458
1000101000058,23000100002149,1000101000059,1000101000000,23,4.1794686,1000101000059,-1,1000101000057,1000101000058,-1,24,0.6885254,0.6885254,0.774591,6600,27.233316,39.133377,29.69874,89897,3,4,3,159.24629,-64.66582,18.604437,42.070534,59.684063,0.08774709,-0.061348557,-0.1361261,3964518,1,2149,0.018639706,418
1000101000059,22000100002284,1000101000059,1000101000000,22,4.5195556,-1,-1,1000101000058,1000101000059,-1,21,0.0,0.0,0.0,6600,27.189962,39.250534,29.667398,89897,3,4,3,153.17165,-56.583786,18.750443,37.090298,62.845894,0.109581254,-0.11044737,-0.06033637,3964536,1,2284,0.011120672,503
1000101000060,31000100004114,1000101000066,1000101000000,31,2.2394855,1000101000061,-1,1000101000031,1000101000060,-1,20,1.7213135,1.7213135,1.7213135,6599,27.935257,39.399162,29.832726,89952,3,4,3,74.54798,-45.33437,19.726019,32.027714,64.29549,0.17914696,0.01916053,0.043983407,3943175,1,4114,0.009849214,650
1000101000061,29000100003633,1000101000066,1000101000000,29,2.6188614,1000101000062,-1,1000101000060,1000101000061,-1,22,1.4631164,1.4631164,1.4631164,6599,27.835262,39.436,29.792349,89952,3,4,3,94.10264,-15.088862,8.112605,36.85179,76.46376,-0.05095754,-0.115788236,0.108563215,3943175,1,3633,0.008217116,544
1000101000062,27000100002979,1000101000066,1000101000000,27,3.060419,1000101000063,-1,1000101000061,1000101000062,-1,20,1.549182,1.549182,1.7213135,6599,27.712317,39.423985,29.789942,89952,3,4,3,99.56392,21.356554,5.6032367,39.691963,82.97441,-0.10300702,-0.05449342,0.07062391,3943175,1,2979,0.010157368,592
1000101000063,26000100002905,1000101000066,1000101000000,26,3.3080978,1000101000064,-1,1000101000062,1000101000063,-1,22,1.9795104,1.9795104,2.2377074,6599,27.6547,39.386192,29.768986,89952,3,4,3,92.872215,37.046978,-3.627171,48.086327,83.91162,0.015156506,-0.12141837,-0.01625295,3943172,1,2905,0.007914753,36
1000101000064,25000100001745,1000101000066,1000101000000,25,3.575905,1000101000065,-1,1000101000063,1000101000064,-1,38,2.5819702,2.5819702,3.0122986,6599,27.605663,39.373272,29.75367,89952,3,4,3,87.787544,16.539068,20.064684,55.11179,86.528656,-0.08577566,-0.1264674,-0.16610478,3943136,1,1745,0.011560617,124
1000101000065,24000100001687,1000101000066,1000101000000,24,3.8656828,1000101000066,-1,1000101000064,1000101000065,-1,29,2.5819702,2.5819702,2.5819702,6599,27.549263,39.352856,29.74876,89952,3,4,3,79.18317,40.437508,10.697551,45.018032,77.33891,-0.0742931,-0.13816483,-0.10258194,3943172,1,1687,0.010799842,19
1000101000066,22000100002362,1000101000066,1000101000000,22,4.5195556,-1,-1,1000101000065,1000101000066,-1,20,1.2909851,1.2909851,1.2909851,6599,27.469364,39.322605,29.758661,89952,3,4,3,79.24341,45.95296,7.036231,41.088707,72.41702,-0.0030129745,-0.03425106,-0.09714529,3943171,1,2362,0.00913436,587
1000101000067,45000100000510,1000101000079,1000101000000,45,0.6871088,1000101000068,-1,1000101000017,1000101000018,-1,21,0.0,0.0,0.0,6592,29.427525,39.755432,29.788189,89960,3,4,3,158.67302,80.926346,228.7009,33.531044,61.18544,-0.049136598,0.069131464,0.12128364,3941552,1,510,0.012345594,780
1000101000068,44000100000539,1000101000079,1000101000000,44,0.75503564,1000101000069,-1,1000101000067,1000101000019,-1,35,0.0,0.0,0.0,6592,29.336117,39.736862,29.686045,89960,3,4,3,174.20811,53.909397,188.42293,34.76256,63.06642,-0.14101799,0.059080623,0.16008487,3941552,1,539,0.017937688,722
1000101000069,43000100002473,1000101000079,1000101000000,43,0.8276991,1000101000070,-1,1000101000068,1000101000069,-1,38,3.098364,2.9262328,3.098364,6599,29.251726,39.698383,29.606743,89953,3,4,3,180.77898,41.833374,161.23572,31.65054,63.989113,-0.062580526,0.1075698,0.22825994,3941589,1,2473,0.018598981,852
1000101000070,42000100002475,1000101000079,1000101000000,42,0.9054624,1000101000071,-1,1000101000069,1000101000070,-1,39,3.3565612,3.0122986,3.18443,6599,29.156172,39.672356,29.528202,89953,3,4,3,186.3423,36.260944,144.08734,31.803823,61.53366,-0.12957948,0.09615688,0.2619777,3941590,1,2475,0.021224547,855
1000101000071,41000100002728,1000101000079,1000101000000,41,0.98870814,1000101000072,-1,1000101000070,1000101000071,-1,36,3.18443,2.6680357,3.18443,6599,29.068676,39.661606,29.46573,89953,3,4,3,186.08414,32.38578,125.317535,32.474533,66.0113,-0.25398225,-0.01904599,0.22415005,3941590,1,2728,0.017138531,819
1000101000072,40000100002596,1000101000079,1000101000000,40,1.0778745,1000101000073,-1,1000101000071,1000101000072,-1,40,3.098364,2.840167,3.098364,6599,28.979742,39.64974,29.407589,89953,3,4,3,186.05179,27.670092,117.403564,33.247723,60.152313,-0.27608642,-0.024953023,0.16730215,3941590,1,2596,0.021482484,471
1000101000073,39000100002684,1000101000079,1000101000000,39,1.173417,1000101000074,-1,1000101000072,1000101000073,-1,39,3.098364,2.1516418,3.098364,6599,28.889479,39.652,29.35191,89953,3,4,3,182.39139,25.613976,106.59202,33.174522,60.559258,-0.25830984,-0.040183038,0.17430753,3941589,1,2684,0.020925285,993
1000101000074,38000100002682,1000101000079,1000101000000,38,1.2758462,1000101000075,-1,1000101000073,1000101000074,-1,39,3.3565612,3.18443,3.3565612,6596,28.779364,39.640987,29.294987,89925,3,4,3,174.7295,23.333403,96.19832,38.598854,79.458015,-0.26532874,-0.13019289,0.12091994,3941595,1,2682,0.020143187,50
1000101000075,37000100002938,1000101000079,1000101000000,37,1.3857181,1000101000076,-1,1000101000074,1000101000075,-1,34,2.4959044,2.3237731,2.4959044,6596,28.680355,39.642136,29.236431,89925,3,4,3,168.83342,26.798458,86.14578,40.591866,69.38008,-0.19404307,-0.12860598,0.03497759,3941589,1,2938,0.016167717,857
1000101000076,36000100002887,1000101000079,1000101000000,36,1.5036365,1000101000077,-1,1000101000075,1000101000076,-1,35,2.6680357,2.6680357,2.6680357,6596,28.575829,39.618034,29.198132,89925,3,4,3,167.10034,23.947992,80.91365,39.28552,70.11867,-0.2153446,-0.08568686,0.13845403,3941589,1,2887,0.014207587,789
1000101000077,35000100003449,1000101000079,1000101000000,35,1.6302707,1000101000078,-1,1000101000076,1000101000077,-1,28,2.3237731,2.2377074,2.3237731,6596,28.470678,39.60352,29.158955,89925,3,4,3,165.2274,22.805449,67.89146,38.784035,70.11569,-0.04288851,-0.055280883,0.21452516,3941590,1,3449,0.011293555,624
1000101000078,34000100003891,1000101000079,1000101000000,34,1.766336,1000101000079,-1,1000101000077,1000101000078,-1,24,1.8073791,1.7213135,1.8934448,6596,28.375458,39.572582,29.126358,89925,3,4,3,158.43286,24.904255,65.21481,31.926857,61.374725,-0.11259181,0.10001379,0.1039265,3941590,1,3891,0.01565949,32
1000101000079,32000100004063,1000101000079,1000101000000,32,2.0700274,-1,-1,1000101000078,1000101000079,-1,22,1.1188537,1.1188537,1.2049193,6596,28.185646,39.534748,29.036707,89924,3,4,3,139.01227,30.951265,58.211826,26.791136,58.8043,-0.1816542,0.15571763,0.2539489,3941585,1,4063,0.013007476,375
1000101000080,50000100000512,1000101000082,1000101000000,50,0.40789944,1000101000081,-1,1000101000012,1000101000013,-1,20,0.0,0.0,0.0,6592,29.870121,40.21934,30.115223,89962,3,4,3,276.67245,192.99565,47.689323,25.153616,35.24029,-0.18944967,0.044802967,0.09139093,3968745,1,512,0.04145114,234
1000101000081,49000100000507,1000101000082,1000101000000,49,0.45657724,1000101000082,-1,1000101000080,1000101000014,-1,23,0.0,0.0,0.0,6592,29.744848,40.16078,30.157858,89962,3,4,3,256.60638,228.47713,75.44383,28.637915,40.206844,-0.21229778,0.091908514,-0.013363631,3941590,1,507,0.029814791,458
1000101000082,48000100000513,1000101000082,1000101000000,48,0.5085914,-1,-1,1000101000081,1000101000015,-1,26,0.0,0.0,0.0,6592,29.65779,40.045677,30.11229,89962,3,4,3,233.15256,268.49005,129.20612,33.737095,53.059235,-0.19841084,0.07679404,0.044743393,3941589,1,513,0.021025976,931
1000101000083,52000100003652,1000101000093,1000101000000,52,0.31970343,1000101000084,-1,1000101000010,1000101000083,-1,21,1.9795104,1.3770508,1.8934448,6592,30.23012,40.03786,30.304615,89964,3,4,3,337.2862,161.31308,-102.22299,20.53251,44.38887,-0.075744666,-0.030104153,0.020744367,3964698,1,3652,0.02175711,306
1000101000084,51000100003471,1000101000093,1000101000000,51,0.36234027,1000101000085,-1,1000101000083,1000101000084,-1,24,1.7213135,1.4631164,1.6352477,6592,30.109882,39.984905,30.34054,89964,3,4,3,338.69427,154.31941,-90.94523,22.2365,46.581856,-0.07150076,0.014910941,-0.17877261,3964698,1,3471,0.029768366,949
1000101000085,50000100003610,1000101000093,1000101000000,50,0.40789944,1000101000086,-1,1000101000084,1000101000085,-1,23,1.4631164,1.1188537,1.3770508,6592,29.978731,39.936764,30.390911,89964,3,4,3,339.53125,144.6824,-81.2617,24.08411,39.56411,-0.06227616,-0.05374883,-0.19301373,3964748,1,3610,0.030502766,726
1000101000086,49000100003630,1000101000093,1000101000000,49,0.45657724,1000101000087,-1,1000101000085,1000101000086,-1,23,1.549182,0.86065674,1.032788,6592,29.852894,39.872444,30.430311,89964,3,4,3,338.0834,135.4066,-72.530815,24.420956,44.312096,-0.0716702,-0.05749336,-0.19191924,3964698,1,3630,0.03237893,223
1000101000087,48000100003790,1000101000093,1000101000000,48,0.5085914,1000101000088,-1,1000101000086,1000101000087,-1,22,1.4631164,0.9467224,1.4631164,6592,29.706663,39.813404,30.461308,89964,3,4,3,336.42114,124.85172,-65.5552,24.422398,42.224075,-0.07654604,-0.091297045,-0.08367516,3964742,1,3790,0.033181988,373
1000101000088,47000100003447,1000101000093,1000101000000,47,0.5641766,1000101000089,-1,1000101000087,1000101000088,-1,25,1.549182,0.86065674,1.3770508,6592,29.564074,39.75833,30.485294,89964,3,4,3,334.70404,119.85602,-58.89466,23.339367,41.418972,0.054236285,-0.10211948,-0.1323573,3964742,1,3447,0.03126624,460
1000101000089,46000100003591,1000101000093,1000101000000,46,0.6235901,1000101000090,-1,1000101000088,1000101000089,-1,24,1.6352477,1.1188537,1.549182,6592,29.414907,39.70428,30.502012,89964,3,4,3,326.61407,111.29861,-52.141872,21.110203,42.442326,0.09518033,-0.042511445,-0.09687815,3964748,1,3591,0.029252982,621
1000101000090,45000100003936,1000101000093,1000101000000,45,0.6871088,1000101000091,-1,1000101000089,1000101000090,-1,21,1.549182,1.2049193,1.4631164,6599,29.252127,39.655956,30.512764,89957,3,4,3,325.34894,102.48035,-48.843887,23.431166,42.938072,-0.026660882,-0.10195935,-0.04552055,3964742,1,3936,0.023100607,752
1000101000091,44000100004011,1000101000093,1000101000000,44,0.75503564,1000101000092,-1,1000101000090,1000101000091,-1,21,1.1188537,1.1188537,1.1188537,6599,29.08202,39.61825,30.539455,89957,3,4,3,318.50992,92.31633,-41.741325,25.082998,48.612305,-0.05492257,-0.034167796,-0.033184003,3964698,1,4011,0.021802867,415
1000101000092,43000100003897,1000101000093,1000101000000,43,0.8276991,1000101000093,-1,1000101000091,1000101000092,-1,21,1.2049193,1.1188537,1.2049193,6599,28.917936,39.567535,30.538898,89957,3,4,3,313.6661,82.82397,-37.049458,22.355837,44.31499,-0.054869577,-0.038256682,-0.0376949,3964698,1,3897,0.022616899,523
1000101000093,41000100004235,1000101000093,1000101000000,41,0.98870814,-1,-1,1000101000092,1000101000093,-1,20,1.032788,0.9467224,1.032788,6599,28.590563,39.493366,30.576357,89957,3,4,3,310.78745,65.604744,-28.786963,19.0772,41.311268,-0.010436581,-0.012875723,-0.076009125,3964698,1,4235,0.024147289,221
