haloID,subHaloID,lastProgenitorId,treeId,snapNum,redshift,firstProgenitorId,nextProgenitorId,descendantId,firstHaloInFOFgroupId,nextHaloInFOFgroupId,np,m_Mean200,m_Crit200,m_TopHat,phKey,x,y,z,zIndex,ix,iy,iz,velX,velY,velZ,velDisp,vMax,spinX,spinY,spinZ,mostBoundID,fileNr,subhaloIndex,halfmassRadius,random
116000000,63000000000579,116000116,116000000,63,0.0,116000001,-1,-1,116000000,116000117,842,95.10257,49.659893,64.63532,2944,17.120928,24.50515,23.843575,31747,1,2,2,101.81998,-32.26081,-132.67403,80.61657,146.03394,0.55102605,0.16775666,1.1510844,1918250,0,579,0.080909654,398
116000001,62000000000581,116000116,116000000,62,0.019932542,116000002,-1,116000000,116000001,116000118,828,79.69681,50.606613,64.204994,2944,17.105022,24.511978,23.871151,31747,1,2,2,103.05899,-30.868135,-134.21329,79.30874,145.45753,0.44250402,0.39080656,1.3628006,1918229,0,581,0.0799886,544
116000002,61000000000594,116000116,116000000,61,0.041403063,116000003,-1,116000001,116000002,116000119,806,72.036964,51.725468,62.914005,2944,17.08394,24.521658,23.898476,31747,1,2,2,104.19419,-27.977825,-135.31686,79.98747,143.22089,0.6028976,0.27915543,1.4410381,1918229,0,594,0.07810057,539
116000003,60000000000582,116000116,116000000,60,0.064493395,116000004,-1,116000002,116000003,116000120,801,69.713196,51.12301,62.914005,2944,17.059256,24.53151,23.928677,31747,1,2,2,103.19495,-26.42748,-137.56912,80.72577,149.13966,0.27971268,0.13301538,1.0376484,1918229,0,582,0.08007198,596
116000004,59000000000695,116000116,116000000,59,0.08928783,116000005,-1,116000003,116000004,-1,739,68.25008,52.67219,62.827938,2944,17.033756,24.535965,23.964489,31747,1,2,2,102.226685,-27.557756,-133.82706,83.06104,146.38263,-0.030997803,0.39627832,0.97318447,1918229,0,695,0.071037464,187
116000005,58000000000667,116000115,116000000,58,0.11588337,116000006,116000116,116000004,116000005,116000116,694,66.7009,51.46727,60.762363,2944,17.012424,24.540773,23.998823,31747,1,2,2,100.67021,-27.231546,-140.43071,81.39648,144.55838,0.045963686,0.16755596,0.8330148,1918229,0,667,0.06391512,400
116000006,57000000000697,116000115,116000000,57,0.14438343,116000007,-1,116000005,116000006,-1,710,66.01237,51.209076,59.47138,2944,16.987944,24.553333,24.042553,31747,1,2,2,101.8107,-23.164194,-134.70963,85.22037,148.11377,0.064697675,0.23031567,1.029174,1918229,0,697,0.061514024,74
116000007,56000000000682,116000108,116000000,56,0.17489761,116000008,116000109,116000006,116000007,116000109,688,64.29105,49.143497,58.954987,2944,16.960102,24.552683,24.085005,31747,1,2,2,101.987236,-20.722414,-137.51596,85.46679,149.29985,-0.1226931,0.31439376,0.733723,1772433,0,682,0.06075658,378
116000008,55000000000697,116000108,116000000,55,0.20754863,116000009,-1,116000007,116000008,116000110,642,62.741875,48.196777,56.975475,2944,16.934818,24.564789,24.13219,31747,1,2,2,100.651886,-20.132387,-137.40286,85.59846,148.72318,-0.09308584,0.20533876,0.8129223,1918199,0,697,0.061832286,587
116000009,54000000000653,116000085,116000000,54,0.24246909,116000010,116000086,116000008,116000009,116000086,620,61.881218,42.688572,54.47957,2944,16.902441,24.582874,24.178442,31747,1,2,2,108.30705,-21.596659,-145.03166,79.486755,144.22018,-0.31317797,0.0076647303,0.82001275,1918199,0,653,0.059259642,415
116000010,53000000000670,116000085,116000000,53,0.2798018,116000011,-1,116000009,116000010,116000087,608,59.987774,40.622997,49.573826,2944,16.863396,24.595045,24.223278,31747,1,2,2,106.941086,-20.207441,-142.62816,78.409615,140.0038,-0.39705405,0.03705688,1.0986289,1918199,0,670,0.06367849,282
116000011,52000000000638,116000085,116000000,52,0.31970343,116000012,-1,116000010,116000011,116000088,612,54.651703,39.332012,46.647594,2944,16.835976,24.609695,24.2782,31747,1,2,2,108.59592,-17.620968,-140.48798,75.86704,138.80782,-0.38932872,0.05921788,1.221935,1918250,0,638,0.06467877,176
116000012,51000000000652,116000085,116000000,51,0.36234027,116000013,-1,116000011,116000012,116000089,591,51.03694,39.073814,46.991856,2944,16.797735,24.621567,24.344616,31747,1,2,2,110.70372,-16.903904,-139.72113,76.17228,140.8327,-0.2715432,0.056447677,1.2896272,1918230,0,652,0.06420835,924
116000013,50000000000693,116000085,116000000,50,0.40789944,116000014,-1,116000012,116000013,116000115,577,50.778748,42.51644,47.163986,2944,16.756924,24.631525,24.398727,31747,1,2,2,112.445404,-17.714586,-139.38907,78.60387,140.389,-0.5820891,0.09609308,1.3169192,1918230,0,693,0.05963456,601
116000014,49000000000656,116000085,116000000,49,0.45657724,116000015,-1,116000013,116000014,-1,566,48.8853,43.032837,47.077923,2944,16.703566,24.636356,24.450348,31751,1,2,2,107.46745,-20.014488,-139.73515,82.32831,145.20337,-0.93516546,-0.03576112,1.5312759,1917396,0,656,0.050501782,187
116000015,48000000000651,116000085,116000000,48,0.5085914,116000016,-1,116000014,116000015,-1,560,47.594315,42.51644,45.95907,2944,16.65472,24.638966,24.501606,31751,1,2,2,103.83528,-18.879553,-140.70804,89.28086,150.43304,-0.9982645,0.0414122,1.9124333,1917396,0,651,0.046486598,731
116000016,47000000000675,116000063,116000000,47,0.5641766,116000017,116000064,116000015,116000016,116000064,485,46.475464,41.913982,45.09841,2944,16.605042,24.650263,24.55962,31751,1,2,2,112.1899,-29.364323,-136.63329,85.608154,149.16539,-0.76780313,0.093170434,1.1900725,1918250,0,675,0.0419482,998
116000017,46000000000691,116000063,116000000,46,0.6235901,116000018,-1,116000016,116000017,116000065,461,44.151688,35.975452,41.74185,2944,16.55064,24.659092,24.619656,31750,1,2,2,104.36994,-24.89135,-135.0303,81.1306,142.06775,-0.51056576,0.15133485,0.56002283,1917425,0,691,0.045049004,642
116000018,45000000000742,116000063,116000000,45,0.6871088,116000019,-1,116000017,116000018,-1,422,38.299225,33.049217,37.094303,2944,16.507566,24.667599,24.68234,31750,1,2,2,103.74224,-28.871138,-132.72243,78.17263,139.38554,-0.32807797,0.2445612,0.3326547,1917398,0,742,0.04075306,902
116000019,44000000000720,116000063,116000000,44,0.75503564,116000020,-1,116000018,116000019,-1,432,37.18037,32.61889,36.061516,2944,16.456383,24.68309,24.739004,31750,1,2,2,98.34753,-24.540754,-129.32974,79.15584,139.25974,-0.21923104,0.121231444,0.40149248,1917398,0,720,0.044977263,587
116000020,43000000000701,116000063,116000000,43,0.8276991,116000021,-1,116000019,116000020,-1,427,37.6107,33.307415,37.18037,2944,16.394373,24.69844,24.806849,31750,1,2,2,96.31908,-22.420477,-126.77518,83.01838,143.62405,-0.13972932,0.14174065,0.4077652,1918250,0,701,0.04124641,63
116000021,42000000000699,116000063,116000000,42,0.9054624,116000022,-1,116000020,116000021,-1,408,36.922173,34.684467,36.491844,2944,16.334787,24.707268,24.86893,31750,1,2,2,95.712616,-22.585047,-125.0036,82.990616,143.28748,-0.21393575,0.042631764,0.4100578,1917508,0,699,0.037948,979
116000022,41000000000703,116000063,116000000,41,0.98870814,116000023,-1,116000021,116000022,-1,412,34.16807,31.672167,34.082005,2944,16.27385,24.731243,24.929836,31750,1,2,2,94.96776,-21.094177,-123.9227,88.61119,144.89406,-0.2805259,0.16418144,0.33852443,1918250,0,703,0.0374321,453
116000023,40000000000694,116000063,116000000,40,1.0778745,116000024,-1,116000022,116000023,-1,390,32.61889,30.036919,32.102497,2944,16.223722,24.73598,24.994276,31750,1,2,2,90.97691,-19.56125,-121.82477,80.85796,137.10326,-0.17641059,0.21690297,0.29268587,1918250,0,694,0.03923024,718
116000024,39000000000684,116000053,116000000,39,1.173417,116000025,116000054,116000023,116000024,116000054,365,29.520525,25.389374,29.26233,2944,16.174297,24.749016,25.089119,31750,1,2,2,94.260445,-21.716534,-123.94755,79.46199,139.63272,-0.506791,0.14630917,0.12559508,1918237,0,684,0.03811272,755
116000025,38000000000676,116000053,116000000,38,1.2758462,116000026,-1,116000024,116000025,-1,361,27.713146,25.64757,27.713146,2944,16.128242,24.757204,25.16047,31750,1,2,2,87.01537,-19.368336,-118.09444,78.86987,134.86592,-0.31968853,0.43201923,0.025417095,1918239,0,676,0.038437292,344
116000026,37000000000772,116000053,116000000,37,1.3857181,116000027,-1,116000025,116000026,-1,305,28.315605,26.938555,28.315605,2944,16.076963,24.774834,25.223951,31750,1,2,2,88.31563,-18.185019,-123.75412,80.24542,135.7869,-0.41802332,0.44426236,0.10924703,1918239,0,772,0.032842293,913
116000027,36000000000746,116000053,116000000,36,1.5036365,116000028,-1,116000026,116000027,-1,299,26.336096,25.64757,26.594292,2944,16.014067,24.775888,25.295567,31750,1,2,2,88.692116,-18.168516,-122.66964,86.4193,141.001,-0.40772244,0.4270335,0.12847462,1918007,0,746,0.028671172,454
116000028,35000000000756,116000053,116000000,35,1.6302707,116000029,-1,116000027,116000028,-1,276,23.754126,22.118877,23.754126,2944,15.978083,24.777653,25.380825,31750,1,2,2,89.61724,-16.484735,-123.50818,90.77435,151.32742,-0.37281263,0.51331794,0.099739544,1917924,0,756,0.023876635,402
116000029,34000000000684,116000053,116000000,34,1.766336,116000030,-1,116000028,116000029,-1,272,20.569695,19.622972,20.741827,2951,15.944738,24.783754,25.466139,31778,1,2,2,86.337135,-15.096594,-121.99996,78.82228,132.59764,-0.46701455,0.48037338,0.012193807,1918230,0,684,0.03372636,884
116000030,33000000000705,116000053,116000000,33,1.9126327,116000031,-1,116000029,116000030,-1,240,15.147558,14.200836,15.836083,2951,15.907455,24.780308,25.540184,31778,1,2,2,82.46631,-15.280533,-116.19226,68.0985,116.54247,-0.37483954,0.4476365,0.1370964,1917508,0,705,0.033428397,233
116000031,32000000000696,116000045,116000000,32,2.0700274,116000032,116000046,116000030,116000031,116000046,190,13.598376,13.340179,13.856573,2951,15.876487,24.785528,25.623842,31778,1,2,2,77.212425,-7.2206173,-124.95003,69.800674,124.04954,-0.4718802,0.12372397,0.20316724,1917924,0,696,0.02549769,914
116000032,31000000000670,116000045,116000000,31,2.2394855,116000033,-1,116000031,116000032,116000047,174,12.995916,12.73772,13.51231,2951,15.815745,24.782726,25.703072,31778,1,2,2,73.384254,-4.320527,-120.442276,73.61346,127.24544,-0.33775592,0.08946398,0.04688694,1918204,0,670,0.023365837,641
116000033,30000000000801,116000045,116000000,30,2.422044,116000034,-1,116000032,116000033,-1,149,11.5328,11.446734,12.049194,2951,15.767558,24.785315,25.777683,31778,1,2,2,68.98284,2.0354142,-119.52391,70.7953,119.000626,-0.18266726,0.12952264,0.064777926,1918265,0,801,0.020604903,615
116000034,29000000000815,116000045,116000000,29,2.6188614,116000035,-1,116000033,116000034,-1,131,10.413946,10.241815,10.8442745,2951,15.740045,24.779701,25.816944,31778,1,2,2,70.81049,3.0488586,-119.68019,68.48724,116.04842,-0.06868774,0.21160752,0.036787193,1917992,0,815,0.018950567,970
116000035,28000000000751,116000045,116000000,28,2.8311827,116000036,-1,116000034,116000035,-1,124,8.434436,8.176239,9.036896,2951,15.700293,24.788296,25.843674,31778,1,2,2,65.15034,2.1038883,-111.731026,69.9969,119.862366,-0.16086085,0.17269503,0.103061825,1918224,0,751,0.019247565,840
116000036,27000000000735,116000045,116000000,27,3.060419,116000037,-1,116000035,116000036,-1,113,8.606567,8.606567,8.9508295,2951,15.666348,24.782963,25.924139,31778,1,2,2,66.89773,0.83771586,-104.5475,72.52473,122.5202,-0.042445287,0.15953979,0.06713697,1918202,0,735,0.01432783,766
116000037,26000000000768,116000045,116000000,26,3.3080978,116000038,-1,116000036,116000037,-1,97,7.2295165,7.2295165,7.4016476,2951,15.636054,24.801304,25.975172,31778,1,2,2,62.90559,-6.6683464,-99.23717,70.37125,116.71533,-0.033826593,0.087546825,-0.048436772,1917992,0,768,0.014255508,932
116000038,25000000000619,116000045,116000000,25,3.575905,116000039,-1,116000037,116000038,-1,104,6.971319,6.799188,6.971319,3192,15.586841,24.792973,26.038074,28267,1,2,2,68.14791,3.132781,-104.57717,68.634125,114.425835,-0.14206164,0.14159593,-0.0011337283,1918224,0,619,0.015842196,571
116000039,24000000000504,116000045,116000000,24,3.8656828,116000040,-1,116000038,116000039,-1,106,7.2295165,7.2295165,7.4877133,3192,15.556478,24.782578,26.138733,28267,1,2,2,63.71027,-8.442408,-96.56996,71.30118,121.96698,-0.23495306,0.21430296,0.0852384,1918226,0,504,0.014345928,145
116000040,23000000000559,116000045,116000000,23,4.1794686,116000041,-1,116000039,116000040,-1,84,7.057385,7.057385,7.2295165,3192,15.515578,24.778162,26.214293,28267,1,2,2,69.3578,0.19249478,-99.27054,84.51018,131.03825,-0.07257279,0.07148613,0.018490072,1917992,0,559,0.010109866,777
116000041,22000000000498,116000045,116000000,22,4.5195556,116000042,-1,116000040,116000041,-1,72,5.3360715,5.3360715,5.7664,3192,15.492683,24.76873,26.276922,28267,1,2,2,68.21738,0.7296616,-92.63174,78.52137,120.88715,-0.04743939,0.036712483,-0.025503317,1918222,0,498,0.009755986,45
116000042,21000000000501,116000045,116000000,21,4.888449,116000043,-1,116000041,116000042,-1,61,3.18443,3.18443,3.2704954,3192,15.444223,24.785055,26.295969,28267,1,2,2,62.514458,-1.3471298,-91.14697,64.0667,102.437294,-0.15702699,0.15433803,0.021943647,1917984,0,501,0.011124972,756
116000043,20000000000479,116000045,116000000,20,5.2888336,116000044,-1,116000042,116000043,-1,52,2.065576,2.065576,2.1516418,3192,15.412753,24.800718,26.30128,28267,1,2,2,64.55414,3.63574,-86.36519,53.705544,90.02508,-0.04174625,0.07369507,-0.019055184,1918204,0,479,0.013691654,725
116000044,19000000000421,116000045,116000000,19,5.7238646,116000045,-1,116000043,116000044,-1,44,1.8073791,1.8073791,1.8073791,3192,15.349502,24.803453,26.304918,28267,1,2,2,64.77214,6.3307185,-87.64719,50.701965,100.103584,0.050888803,0.036793694,-0.018898478,1918222,0,421,0.018707423,657
116000045,18000000000460,116000045,116000000,18,6.1968336,-1,-1,116000044,116000045,-1,33,1.1188537,1.1188537,1.2909851,3192,15.336792,24.795254,26.36585,28267,1,2,2,62.90791,-1.6556263,-64.94627,43.76871,84.59603,0.010869791,-0.044443738,-0.017366262,1918226,0,460,0.01025076,739
116000046,32000000000697,116000053,116000000,32,2.0700274,116000047,-1,116000030,116000031,-1,29,0.0,0.0,0.0,2951,15.758938,24.924942,25.40531,31778,1,2,2,97.370735,-56.355446,-39.851562,37.337257,71.21432,0.09418454,0.064154245,0.040330973,1918185,0,697,0.013133221,72
116000047,31000000000671,116000053,116000000,31,2.2394855,116000048,-1,116000046,116000032,-1,39,0.0,0.0,0.0,2951,15.705485,24.930157,25.437828,31778,1,2,2,80.1351,-55.526337,-46.26448,40.4361,75.06203,0.108849294,-0.1549582,-0.0054650353,1918186,0,671,0.014195158,31
116000048,30000000002364,116000053,116000000,30,2.422044,116000049,-1,116000047,116000048,-1,37,3.098364,3.0122986,3.2704954,2951,15.644239,24.979954,25.451666,31778,1,2,2,68.431725,-47.19847,-51.863495,45.53466,74.91026,-0.14141503,-0.1931362,-0.03080288,1918537,0,2364,0.013736265,40
116000049,29000000002345,116000053,116000000,29,2.6188614,116000050,-1,116000048,116000049,-1,38,2.4959044,2.4959044,2.840167,3192,15.600437,24.992752,25.502157,28267,1,2,2,63.08432,-43.16699,-50.74324,44.474686,79.22595,-0.15066227,-0.14668854,-0.07667193,1918185,0,2345,0.015383981,596
116000050,28000000002477,116000053,116000000,28,2.8311827,116000051,-1,116000049,116000050,-1,29,1.6352477,1.549182,1.7213135,3192,15.579504,24.995853,25.565273,28267,1,2,2,77.388985,-52.17533,-53.48409,40.138317,62.02484,0.012879609,0.051758766,-0.053485263,1918537,0,2477,0.017668271,348
116000051,27000000002539,116000053,116000000,27,3.060419,116000052,-1,116000050,116000051,-1,28,1.4631164,1.4631164,1.4631164,3192,15.534981,25.031641,25.591301,28267,1,2,2,57.79688,-29.367422,-54.52452,36.371326,64.39502,-0.05841731,-0.13476288,0.054786824,1918512,0,2539,0.0133892605,11
116000052,26000000003147,116000053,116000000,26,3.3080978,116000053,-1,116000051,116000052,-1,20,1.1188537,1.1188537,1.1188537,3192,15.466787,25.079575,25.5999,28267,1,2,2,47.20544,-40.718002,-48.130325,31.72752,59.5521,-0.0037881087,0.037066884,0.07362583,1918284,0,3147,0.012908375,23
116000053,25000000001806,116000053,116000000,25,3.575905,-1,-1,116000052,116000053,-1,37,0.516394,0.0,0.60245967,3192,15.441969,25.079735,25.633717,28267,1,2,2,52.49466,-44.53023,-60.661327,35.38378,65.68678,0.12768221,-0.07092775,-0.089044504,1918537,0,1806,0.01912306,881
116000054,39000000000685,116000063,116000000,39,1.173417,116000055,-1,116000023,116000024,-1,25,0.0,0.0,0.0,2944,16.271944,24.727547,24.981895,31750,1,2,2,19.4537,33.4354,-23.984175,29.49202,58.60516,-0.11390638,-0.032039177,0.050209,1917777,0,685,0.014500407,455
116000055,37000000003234,116000063,116000000,37,1.3857181,116000056,-1,116000054,116000055,-1,28,1.8073791,1.3770508,1.8073791,2944,16.228514,24.693953,25.029318,31750,1,2,2,57.84729,46.04547,-51.32877,29.27342,62.1116,0.031959035,-0.13851927,0.0991994,1917834,0,3234,0.022548078,457
116000056,36000000002519,116000063,116000000,36,1.5036365,116000057,-1,116000055,116000056,-1,35,1.1188537,0.9467224,1.1188537,2944,16.19582,24.682793,25.068386,31750,1,2,2,59.956604,39.895,-58.206932,27.799006,54.515797,-0.071295805,-0.0730442,0.1345591,1917777,0,2519,0.029773738,575
116000057,35000000002416,116000063,116000000,35,1.6302707,116000058,-1,116000056,116000057,-1,42,1.4631164,1.3770508,1.4631164,2944,16.16315,24.64939,25.10173,31750,1,2,2,66.99829,37.489376,-55.07553,33.078815,53.19304,-0.14456892,-0.1491685,0.16454889,1918150,0,2416,0.029950183,616
116000058,34000000003050,116000063,116000000,34,1.766336,116000059,-1,116000057,116000058,-1,32,2.4959044,1.9795104,2.5819702,2944,16.14594,24.62908,25.098936,31750,1,2,2,69.92053,38.59363,-64.10262,32.706615,60.19727,-0.021720033,-0.009315757,0.11060508,1917777,0,3050,0.019186849,518
116000059,33000000002826,116000063,116000000,33,1.9126327,116000060,-1,116000058,116000059,-1,37,2.9262328,2.840167,3.0122986,2944,16.099127,24.58891,25.14014,31750,1,2,2,69.63881,33.037712,-60.06617,41.294987,70.868835,-0.0073859026,-0.03444398,0.10553731,1918150,0,2826,0.015372632,409
116000060,32000000002555,116000063,116000000,32,2.0700274,116000061,-1,116000059,116000060,-1,41,2.9262328,2.9262328,3.0122986,2944,16.08849,24.5543,25.155603,31750,1,2,2,71.49774,33.103283,-62.640198,49.566334,79.67489,0.032214575,-0.10066623,0.14469598,1918155,0,2555,0.014060475,677
116000061,31000000002697,116000063,116000000,31,2.2394855,116000062,-1,116000060,116000061,-1,37,2.4098387,2.4098387,2.9262328,2944,16.024773,24.524977,25.221626,31750,1,2,2,74.02341,32.49384,-59.69011,43.734436,70.91609,0.06590716,-0.0018660594,0.08873626,1917777,0,2697,0.016156474,975
116000062,30000000003125,116000063,116000000,30,2.422044,116000063,-1,116000061,116000062,-1,29,2.1516418,2.065576,2.2377074,2944,16.005156,24.529295,25.227694,31750,1,2,2,66.47183,24.637938,-55.657593,37.636036,64.313156,0.026892819,-0.020883007,0.052750826,1917834,0,3125,0.015214001,224
116000063,29000000003382,116000063,116000000,29,2.6188614,-1,-1,116000062,116000063,-1,26,0.6885254,0.6885254,0.6885254,2944,15.968233,24.522253,25.279594,31750,1,2,2,71.73076,32.6667,-58.605648,31.708626,57.276,-0.044391334,-0.046272673,-0.030016886,1917769,0,3382,0.019560749,564
116000064,47000000000676,116000085,116000000,47,0.5641766,116000065,-1,116000015,116000016,-1,33,0.0,0.0,0.0,2944,16.703772,24.648186,24.598639,31751,1,2,2,-18.524303,125.799225,-172.3302,39.46992,79.37495,0.123134784,-0.17337702,0.100587934,1917722,0,676,0.014869961,30
116000065,46000000000692,116000085,116000000,46,0.6235901,116000066,-1,116000064,116000017,-1,38,0.0,0.0,0.0,2944,16.699194,24.597145,24.676912,31751,1,2,2,32.698162,121.70802,-163.06215,40.47241,78.20527,0.122070126,-0.118506774,0.062104747,1917722,0,692,0.013648204,51
116000066,45000000001757,116000085,116000000,45,0.6871088,116000067,-1,116000065,116000066,-1,72,6.540991,5.594269,6.4549255,2944,16.67501,24.540144,24.747185,31751,1,2,2,50.60664,111.65854,-153.03882,37.389378,74.93007,-0.050378542,-0.3630334,0.21177012,1917684,0,1757,0.03185694,645
116000067,44000000001969,116000085,116000000,44,0.75503564,116000068,-1,116000066,116000067,-1,71,5.8524656,5.508203,5.7664,2944,16.650341,24.480398,24.819462,31751,1,2,2,64.04675,105.53134,-143.31903,43.5597,92.73152,0.114528775,-0.27460942,0.25276315,1917692,0,1969,0.028112741,789
116000068,43000000001932,116000085,116000000,43,0.8276991,116000069,-1,116000067,116000068,-1,72,5.3360715,5.2500057,5.3360715,2944,16.611471,24.433474,24.894754,31751,1,2,2,73.76591,99.318146,-138.57547,44.344368,82.29952,0.12995078,-0.27191132,0.21193106,1917684,0,1932,0.026220528,111
116000069,42000000002059,116000085,116000000,42,0.9054624,116000070,-1,116000068,116000069,-1,66,4.8196774,4.6475463,4.8196774,2944,16.576868,24.402428,24.96843,31748,1,2,2,81.45124,92.22219,-135.42085,44.871433,84.1859,0.04184447,-0.22246902,0.25563934,1917692,0,2059,0.019065639,50
116000070,41000000002132,116000085,116000000,41,0.98870814,116000071,-1,116000069,116000070,-1,61,4.733612,4.4754148,4.733612,2944,16.534817,24.366081,25.042536,31748,1,2,2,84.54408,86.604126,-133.0518,41.279266,77.921906,0.0089073945,-0.15129367,0.09149127,1917722,0,2132,0.019590719,821
116000071,40000000002074,116000085,116000000,40,1.0778745,116000072,-1,116000070,116000071,-1,63,4.4754148,4.131152,4.4754148,2944,16.501106,24.323492,25.110872,31748,1,2,2,85.90049,81.16004,-131.96603,41.823704,82.806335,-0.14414932,-0.27144516,0.111847416,1917722,0,2074,0.025006294,428
116000072,39000000002108,116000085,116000000,39,1.173417,116000073,-1,116000071,116000072,-1,61,4.217218,3.8729553,4.131152,2944,16.452274,24.278574,25.174702,31748,1,2,2,88.74922,78.7692,-134.85199,39.82906,81.37142,-0.11338686,-0.21708834,0.061353777,1917651,0,2108,0.025718868,533
116000073,38000000002023,116000085,116000000,38,1.2758462,116000074,-1,116000072,116000073,-1,63,4.3893495,3.7868896,4.3893495,2944,16.399422,24.23536,25.255009,31748,1,2,2,90.21427,77.167946,-127.70773,40.98788,75.64027,-0.09264033,-0.26890498,0.059202664,1917690,0,2023,0.026342783,996
116000074,37000000002152,116000085,116000000,37,1.3857181,116000075,-1,116000073,116000074,-1,58,4.4754148,3.6147583,4.4754148,2944,16.336212,24.18112,25.310455,31748,1,2,2,91.97554,74.8388,-123.49058,39.699715,71.28442,-0.049884923,-0.24012446,0.03509549,1917684,0,2152,0.023021335,199
116000075,36000000002272,116000085,116000000,36,1.5036365,116000076,-1,116000074,116000075,-1,53,4.131152,3.7008238,4.131152,2951,16.285177,24.147554,25.393,31776,1,2,2,91.883865,73.3599,-122.45279,44.534916,83.49689,-0.116241135,-0.198636,0.025099352,1917684,0,2272,0.018090552,858
116000076,35000000002419,116000085,116000000,35,1.6302707,116000077,-1,116000075,116000076,-1,49,3.6147583,3.6147583,3.7008238,2951,16.231222,24.100584,25.479788,31776,1,2,2,90.087715,71.92683,-122.17477,45.234676,78.493576,-0.1095061,-0.10823502,0.09185774,1917690,0,2419,0.016090248,700
116000077,34000000002178,116000085,116000000,34,1.766336,116000078,-1,116000076,116000077,-1,53,3.3565612,3.2704954,3.3565612,2951,16.167614,24.054024,25.541046,31776,1,2,2,89.31371,70.97897,-119.78619,43.84531,77.44524,-0.09615987,-0.20620207,0.09403319,1917651,0,2178,0.017791538,619
116000078,33000000002415,116000085,116000000,33,1.9126327,116000079,-1,116000077,116000078,-1,46,3.098364,3.098364,3.098364,2951,16.130838,24.024788,25.626183,31776,1,2,2,84.203926,69.6307,-124.201805,44.368984,80.521706,-0.004830917,-0.08344303,0.057332944,1927294,0,2415,0.0154530015,767
116000079,32000000002453,116000085,116000000,32,2.0700274,116000080,-1,116000078,116000079,-1,43,3.0122986,2.9262328,3.18443,2951,16.080795,23.996658,25.657066,31776,1,2,2,79.28732,63.357666,-123.80069,44.077057,75.490845,-0.0644918,0.011354457,0.033696327,1917690,0,2453,0.016721426,967
116000080,31000000002315,116000085,116000000,31,2.2394855,116000081,-1,116000079,116000080,-1,44,1.7213135,1.3770508,2.4098387,2951,16.062937,23.980865,25.769974,31776,1,2,2,79.05246,56.75947,-118.19383,44.4194,67.95388,-0.06003523,-0.043064374,-0.03809154,1927254,0,2315,0.021949628,88
116000081,30000000002787,116000085,116000000,30,2.422044,116000082,-1,116000080,116000081,-1,34,2.840167,2.840167,2.9262328,2951,16.00767,23.921597,25.791431,31776,1,2,2,72.7317,55.12922,-107.20941,43.3441,72.955666,-0.23111188,-0.007677083,0.045251008,1917718,0,2787,0.013727301,549
116000082,29000000002591,116000085,116000000,29,2.6188614,116000083,-1,116000081,116000082,-1,35,2.2377074,2.2377074,2.2377074,2951,15.952793,23.859756,25.838114,31776,1,2,2,72.62088,54.688534,-100.662315,43.207485,73.46746,-0.19659542,-0.026296947,0.06308641,1927293,0,2591,0.013000628,968
116000083,28000000003278,116000085,116000000,28,2.8311827,116000084,-1,116000082,116000083,-1,25,2.1516418,2.1516418,2.2377074,2951,15.909192,23.853016,25.889402,31776,1,2,2,72.805954,53.301758,-83.27718,48.35213,84.93609,-0.09516313,0.053973883,0.045637913,1927224,0,3278,0.007148215,264
116000084,27000000002618,116000085,116000000,27,3.060419,116000085,-1,116000083,116000084,-1,30,1.9795104,1.9795104,1.9795104,2951,15.857282,23.80747,25.939718,31776,1,2,2,69.328445,50.131737,-90.744385,41.616447,75.439064,-0.1310654,0.046777904,0.026739446,1917678,0,2618,0.011138235,570
116000085,26000000003023,116000085,116000000,26,3.3080978,-1,-1,116000084,116000085,-1,24,0.6885254,0.6885254,0.6885254,2951,15.827887,23.780468,26.016645,31776,1,2,2,68.51623,49.54517,-85.90841,34.904003,60.732773,-0.033777863,0.0024705753,0.044837195,1917723,0,3023,0.014650396,96
116000086,54000000000654,116000108,116000000,54,0.24246909,116000087,-1,116000008,116000009,116000111,31,0.0,0.0,0.0,2944,16.918205,24.546127,24.023123,31747,1,2,2,10.846811,31.759655,-26.711285,27.417223,57.66153,-0.07942408,-0.0704702,-0.098157465,1772929,0,654,0.019065004,496
116000087,53000000000671,116000108,116000000,53,0.2798018,116000088,-1,116000086,116000010,116000112,33,0.0,0.0,0.0,2944,16.921732,24.539248,24.03248,31747,1,2,2,14.343398,25.435358,-53.17398,28.169277,57.531963,-0.063232005,0.008955565,-0.0663045,1772547,0,671,0.021963265,56
116000088,52000000000639,116000108,116000000,52,0.31970343,116000089,-1,116000087,116000011,116000113,35,0.0,0.0,0.0,2944,16.920494,24.527327,24.05659,31747,1,2,2,17.142311,22.03452,-67.39221,30.820087,61.481964,-0.086743675,0.023491155,-0.053753037,1772547,0,639,0.023328967,701
116000089,51000000000653,116000108,116000000,51,0.36234027,116000090,-1,116000088,116000012,116000114,37,0.0,0.0,0.0,2944,16.911081,24.51674,24.086222,31747,1,2,2,20.489532,19.870436,-77.750916,28.968645,58.19088,9.6283644E-4,0.123756774,-0.09096428,1772542,0,653,0.022557737,893
116000090,50000000002823,116000108,116000000,50,0.40789944,116000091,-1,116000089,116000090,-1,38,3.18443,2.6680357,2.840167,2944,16.904202,24.50382,24.124746,31747,1,2,2,20.691452,19.610676,-87.83886,28.034124,61.209343,0.0058322693,0.10224826,-0.057802945,1772547,0,2823,0.02101362,339
116000091,49000000002922,116000108,116000000,49,0.45657724,116000092,-1,116000090,116000091,-1,36,3.098364,2.6680357,2.7541015,2944,16.89913,24.495363,24.172834,31747,1,2,2,25.704258,16.47533,-95.9046,30.255909,61.833717,0.038651522,0.17959128,-0.024558004,1772547,0,2922,0.018930439,333
116000092,48000000002185,116000108,116000000,48,0.5085914,116000093,-1,116000091,116000092,-1,48,2.9262328,2.6680357,2.7541015,2944,16.88888,24.490612,24.219717,31747,1,2,2,33.320568,20.356153,-99.304214,34.375748,67.45975,-0.18816912,0.56771857,-0.4203313,1772547,0,2185,0.026885882,878
116000093,47000000002684,116000108,116000000,47,0.5641766,116000094,-1,116000092,116000093,-1,38,3.5286925,3.098364,3.5286925,2944,16.863678,24.488653,24.246368,31747,1,2,2,25.614855,13.056671,-102.653854,31.2501,60.42171,0.05739211,0.058723275,-0.05564294,1772547,0,2684,0.022000216,386
116000094,46000000002683,116000108,116000000,46,0.6235901,116000095,-1,116000093,116000094,-1,41,3.3565612,3.098364,3.2704954,2944,16.857388,24.469835,24.313938,31747,1,2,2,24.053158,11.335882,-106.55455,33.659092,62.54519,0.076122336,0.086585015,-0.036348894,1772542,0,2683,0.02366289,556
116000095,45000000002601,116000108,116000000,45,0.6871088,116000096,-1,116000094,116000095,-1,38,3.7008238,2.9262328,3.6147583,2944,16.836786,24.47343,24.361372,31747,1,2,2,27.020353,12.786841,-104.88557,32.61195,64.14683,0.070165485,0.05277762,-0.08106601,1772542,0,2601,0.020244986,445
116000096,44000000002180,116000108,116000000,44,0.75503564,116000097,-1,116000095,116000096,-1,47,3.3565612,2.6680357,3.18443,2944,16.833736,24.470058,24.42083,31751,1,2,2,42.858112,14.952438,-105.02677,35.218475,64.03881,-0.029884834,0.46632493,-0.34139547,1772511,0,2180,0.027716836,68
116000097,43000000002332,116000108,116000000,43,0.8276991,116000098,-1,116000096,116000097,-1,42,3.7868896,2.7541015,3.6147583,2944,16.811142,24.457972,24.458498,31751,1,2,2,34.002556,1.8514829,-112.620285,31.939318,58.01664,0.21704777,0.08832493,0.016780108,1918151,0,2332,0.025421828,564
116000098,42000000002894,116000108,116000000,42,0.9054624,116000099,-1,116000097,116000098,-1,39,3.2704954,3.18443,3.2704954,2944,16.782368,24.46664,24.520914,31751,1,2,2,35.9815,5.168581,-114.1357,35.261185,62.337692,0.27866963,0.24771762,0.0019598694,1772923,0,2894,0.02080063,277
116000099,41000000002844,116000108,116000000,41,0.98870814,116000100,-1,116000098,116000099,-1,40,3.442627,3.2704954,3.442627,2944,16.785534,24.46408,24.567581,31751,1,2,2,39.68134,7.1954412,-112.88915,38.27589,65.05012,0.26159388,0.23610714,0.0022076345,1772542,0,2844,0.020042304,291
116000100,40000000002846,116000108,116000000,40,1.0778745,116000101,-1,116000099,116000100,-1,41,2.840167,2.5819702,2.840167,2944,16.750397,24.469206,24.633282,31751,1,2,2,41.395496,7.161433,-112.90435,37.586334,69.24305,0.2677454,0.23410848,-0.045088474,1772489,0,2846,0.016925192,489
116000101,39000000003131,116000108,116000000,39,1.173417,116000102,-1,116000100,116000101,-1,31,2.4959044,2.4098387,2.4959044,2944,16.724964,24.476315,24.700554,31751,1,2,2,45.43998,1.7149297,-107.30469,31.397562,59.500305,-0.1714877,-0.099711336,0.015552524,1772489,0,3131,0.018130276,16
116000102,38000000002717,116000108,116000000,38,1.2758462,116000103,-1,116000101,116000102,-1,42,2.1516418,1.6352477,2.1516418,2944,16.680098,24.469019,24.749126,31751,1,2,2,45.585953,0.33166477,-105.854454,31.928247,54.676514,0.12684242,0.18892103,0.078411154,1772489,0,2717,0.029484654,687
116000103,37000000003773,116000108,116000000,37,1.3857181,116000104,-1,116000102,116000103,-1,28,1.2049193,1.032788,1.2049193,2944,16.642294,24.452879,24.799913,31751,1,2,2,50.721554,0.9903274,-102.05059,26.552765,58.406765,-0.06720485,-0.0015389633,-0.022175888,1772542,0,3773,0.026812883,350
116000104,36000000004041,116000108,116000000,36,1.5036365,116000105,-1,116000103,116000104,-1,25,1.2049193,1.1188537,1.2049193,2944,16.620464,24.460526,24.868958,31751,1,2,2,50.943653,-3.3267329,-101.84118,26.138922,50.745983,-0.012979684,-0.045271583,-0.06464551,1772536,0,4041,0.020866903,603
116000105,35000000004434,116000108,116000000,35,1.6302707,116000106,-1,116000104,116000105,-1,22,1.2909851,1.2909851,1.3770508,2944,16.614332,24.459337,24.919106,31751,1,2,2,49.201427,-0.8935967,-102.87535,32.11955,54.63951,0.0380224,0.05661664,0.05990784,1772539,0,4434,0.016462026,148
116000106,34000000004265,116000108,116000000,34,1.766336,116000107,-1,116000105,116000106,-1,23,1.4631164,1.4631164,1.4631164,2944,16.569675,24.475027,24.978622,31750,1,2,2,52.57812,-1.4586473,-101.80658,32.414375,62.099228,0.031190835,0.13387159,0.09169313,1772539,0,4265,0.013033191,532
116000107,33000000003834,116000108,116000000,33,1.9126327,116000108,-1,116000106,116000107,-1,26,1.6352477,1.4631164,1.6352477,2944,16.533356,24.48419,25.01909,31750,1,2,2,52.763943,-2.182347,-98.21132,33.37573,56.200874,0.04853402,0.12126844,0.050887115,1772539,0,3834,0.016937722,481
116000108,31000000003916,116000108,116000000,31,2.2394855,-1,-1,116000107,116000108,-1,24,1.549182,1.2049193,1.549182,2944,16.506287,24.459045,25.15742,31750,1,2,2,50.295486,-4.7689314,-92.303665,30.782162,56.908485,0.0053374404,0.06911711,-0.05251502,1772512,0,3916,0.01542578,430
116000109,56000000000683,116000115,116000000,56,0.17489761,116000110,-1,116000006,116000007,-1,23,0.0,0.0,0.0,2944,16.795872,24.508316,24.032745,31747,1,2,2,149.66151,-73.95574,-134.74043,26.540142,68.13915,-0.08095414,0.011310658,-0.13967459,1917722,0,683,0.010257915,606
116000110,55000000000698,116000115,116000000,55,0.20754863,116000111,-1,116000109,116000008,-1,22,0.0,0.0,0.0,2944,16.748743,24.531897,24.070137,31747,1,2,2,129.39127,-82.163086,-140.87898,32.44852,82.05549,-0.08196423,0.041766748,-0.106807746,1917722,0,698,0.0070884787,447
116000111,54000000000655,116000115,116000000,54,0.24246909,116000112,-1,116000110,116000009,-1,23,0.0,0.0,0.0,2944,16.705812,24.559544,24.116907,31747,1,2,2,109.197014,-78.61147,-148.66687,27.416634,67.68188,-0.12688644,0.033580318,-0.101458214,1917722,0,655,0.009696308,484
116000112,53000000000672,116000115,116000000,53,0.2798018,116000113,-1,116000111,116000010,-1,23,0.0,0.0,0.0,2944,16.669308,24.58991,24.175716,31747,1,2,2,86.54935,-78.62589,-155.27274,26.795507,78.954094,-0.13190854,0.010262227,-0.08615372,1917722,0,672,0.0173002,30
116000113,52000000000640,116000115,116000000,52,0.31970343,116000114,-1,116000112,116000011,-1,23,0.0,0.0,0.0,2944,16.63886,24.614872,24.232306,31747,1,2,2,60.41644,-79.65076,-160.96791,29.458525,67.64168,-0.09449073,-0.094790265,-0.0850329,1927295,0,640,0.011459632,529
116000114,51000000000654,116000115,116000000,51,0.36234027,116000115,-1,116000113,116000012,-1,26,0.0,0.0,0.0,2944,16.625566,24.640503,24.296051,31747,1,2,2,27.922174,-79.963036,-167.30923,32.93367,72.03535,-0.06814149,-0.08226474,0.07596146,1917684,0,654,0.013594703,149
116000115,50000000000694,116000115,116000000,50,0.40789944,-1,-1,116000114,116000013,-1,22,0.0,0.0,0.0,2944,16.618504,24.665949,24.36638,31747,1,2,2,-17.76221,-73.71226,-185.40547,31.519073,68.588585,-0.022360994,0.017020242,0.010496076,1927293,0,694,0.011324456,259
116000116,58000000000668,116000116,116000000,58,0.11588337,-1,-1,116000004,116000005,-1,21,0.0,0.0,0.0,2944,16.995523,24.562515,24.083532,31747,1,2,2,167.81865,-43.691265,34.280766,36.79543,60.78287,-0.08442491,0.04504378,-0.1298509,1772548,0,668,0.012821946,142
