haloID,subHaloID,lastProgenitorId,treeId,snapNum,redshift,firstProgenitorId,nextProgenitorId,descendantId,firstHaloInFOFgroupId,nextHaloInFOFgroupId,np,m_Mean200,m_Crit200,m_TopHat,phKey,x,y,z,zIndex,ix,iy,iz,velX,velY,velZ,velDisp,vMax,spinX,spinY,spinZ,mostBoundID,fileNr,subhaloIndex,halfmassRadius,random
631000000,63000000001261,631000034,631000000,63,0.0,631000001,-1,-1,631000000,-1,141,9.8975525,6.4549255,8.434436,446,2.170052,8.000319,15.261881,3372,0,0,1,-133.10005,45.29336,98.24785,35.475674,70.80141,-0.46173254,0.95845884,0.2391506,284102,0,1261,0.059865408,71
631000001,62000000001424,631000034,631000000,62,0.019932542,631000002,-1,631000000,631000001,-1,113,9.725421,6.36886,8.434436,446,2.1908224,7.993468,15.229826,3372,0,0,1,-134.66772,52.790237,100.99854,35.31434,68.54321,-0.46123913,0.7747895,0.5162696,284102,0,1424,0.047058243,741
631000002,61000000001440,631000034,631000000,61,0.041403063,631000003,-1,631000001,631000002,-1,113,8.520501,6.540991,7.9180417,446,2.2277842,7.9797306,15.23023,3372,0,0,1,-137.07188,53.526768,101.04261,34.8572,68.284805,-0.49567515,0.74894994,0.44665635,284102,0,1440,0.046277776,385
631000003,60000000001433,631000034,631000000,60,0.064493395,631000004,-1,631000002,631000003,-1,114,8.606567,6.196728,7.573779,446,2.2616317,7.9621696,15.208147,3372,0,0,1,-139.33565,53.456318,100.62311,35.066288,67.64862,-0.501603,0.72836316,0.53735006,284251,0,1433,0.0508451,0
631000004,59000000001328,631000034,631000000,59,0.08928783,631000005,-1,631000003,631000004,-1,135,8.262304,5.594269,7.4877133,446,2.2944047,7.947395,15.186253,3372,0,0,1,-139.66364,50.928288,97.577324,34.531338,67.098625,-0.4787856,0.91868824,-0.037114944,284251,0,1328,0.06292929,756
631000005,58000000001386,631000034,631000000,58,0.11588337,631000006,-1,631000004,631000005,-1,118,8.090173,5.2500057,7.4016476,446,2.3318124,7.9308023,15.1618185,3372,0,0,1,-137.21165,52.712936,94.72039,35.242138,66.20431,-0.40722334,0.5863558,0.10200879,284251,0,1386,0.058468014,641
631000006,57000000001460,631000034,631000000,57,0.14438343,631000007,-1,631000005,631000006,-1,112,7.9180417,5.8524656,7.3155823,446,2.3626082,7.9173465,15.132848,3372,0,0,1,-136.91774,54.45423,95.54739,33.9887,66.275665,-0.4696646,0.6187864,-0.10425817,284186,0,1460,0.05164747,417
631000007,56000000001517,631000034,631000000,56,0.17489761,631000008,-1,631000006,631000007,-1,104,7.7459106,5.9385314,6.6270566,446,2.400875,7.904707,15.106407,3372,0,0,1,-144.80437,57.71655,97.578865,34.773907,66.85276,-0.56769377,0.49200907,0.65767366,284186,0,1517,0.04779393,335
631000008,55000000001541,631000034,631000000,55,0.20754863,631000009,-1,631000007,631000008,-1,101,7.7459106,5.2500057,6.6270566,446,2.4385877,7.896682,15.078284,3372,0,0,1,-144.34306,58.47894,96.28396,35.69263,65.0495,-0.55203134,0.5105423,0.6067529,284186,0,1541,0.045288116,901
631000009,54000000001352,631000034,631000000,54,0.24246909,631000010,-1,631000008,631000009,-1,119,6.971319,5.0778747,6.36886,446,2.4803584,7.8584776,15.049501,3372,0,0,1,-142.18867,56.768135,94.985794,35.093464,63.993996,-0.5163765,0.78291583,-0.121633045,284251,0,1352,0.058742624,869
631000010,53000000001401,631000034,631000000,53,0.2798018,631000011,-1,631000009,631000010,-1,117,6.971319,5.4221373,6.1106625,446,2.5306497,7.848952,15.0202875,3372,0,0,1,-144.15475,56.92921,93.247154,34.924248,66.288704,-0.57212776,0.94461185,-0.22033384,284249,0,1401,0.052514166,590
631000011,52000000001507,631000031,631000000,52,0.31970343,631000012,631000032,631000010,631000011,-1,101,6.799188,4.5614805,6.024597,446,2.5686717,7.8294883,14.958138,3372,0,0,1,-153.24323,59.897953,92.66456,35.23288,61.917923,-0.59015805,0.7030547,0.72527945,284202,0,1507,0.049814813,735
631000012,51000000001498,631000031,631000000,51,0.36234027,631000013,-1,631000011,631000012,-1,103,7.2295165,5.8524656,6.4549255,451,2.6492267,7.7998333,14.945682,2494,0,0,1,-148.96425,63.178684,90.7961,37.096786,69.3455,-0.3913445,0.47657257,0.67859817,284249,0,1498,0.041242603,167
631000013,50000000001549,631000031,631000000,50,0.40789944,631000014,-1,631000012,631000013,-1,100,7.4016476,5.8524656,6.799188,451,2.7148788,7.7730007,14.9037075,2494,0,0,1,-148.13004,64.43441,89.7954,38.121105,68.23732,-0.4904819,0.5033817,0.6560504,284251,0,1549,0.04130738,192
631000014,49000000001565,631000031,631000000,49,0.45657724,631000015,-1,631000013,631000014,-1,98,7.057385,5.4221373,6.7131224,451,2.7557383,7.7369685,14.877177,2494,0,0,1,-150.3623,63.267387,86.704834,38.237564,69.835434,-0.5160051,0.46423483,0.5797756,284239,0,1565,0.040481985,258
631000015,48000000001540,631000031,631000000,48,0.5085914,631000016,-1,631000014,631000015,-1,100,8.176239,5.1639404,6.540991,451,2.839657,7.7284565,14.822254,2494,0,0,1,-150.04709,65.4108,85.03298,38.781044,68.533325,-0.57405984,0.4531138,0.5576092,283742,0,1540,0.045804296,814
631000016,47000000001580,631000031,631000000,47,0.5641766,631000017,-1,631000015,631000016,-1,95,7.659845,5.1639404,6.196728,451,2.8996725,7.6925507,14.800335,2494,0,0,1,-148.81564,66.21943,84.41315,37.947433,66.90184,-0.5587751,0.69360554,0.5545114,283742,0,1580,0.045388658,980
631000017,46000000001627,631000031,631000000,46,0.6235901,631000018,-1,631000016,631000017,-1,97,7.3155823,5.508203,6.4549255,451,2.9573956,7.6647863,14.745567,2495,0,0,1,-146.04697,66.58282,78.10793,38.198547,69.87302,-0.48374274,0.63630277,0.5960957,284264,0,1627,0.044419073,379
631000018,45000000001686,631000031,631000000,45,0.6871088,631000019,-1,631000017,631000018,-1,89,6.971319,6.024597,6.7131224,451,3.022944,7.6574655,14.706842,2495,0,0,1,-146.00397,66.087654,76.46143,38.979565,71.151024,-0.53983617,0.6419871,0.4689044,284250,0,1686,0.04094566,405
631000019,44000000001611,631000031,631000000,44,0.75503564,631000020,-1,631000018,631000019,-1,93,6.7131224,4.905743,6.540991,451,3.1107,7.6297593,14.668446,2495,0,0,1,-142.26628,70.358955,69.333435,39.491364,69.66951,-0.5660259,0.6811404,0.6051114,284209,0,1611,0.037600268,716
631000020,43000000001585,631000031,631000000,43,0.8276991,631000021,-1,631000019,631000020,-1,93,5.7664,3.9590209,5.680334,451,3.184656,7.6132092,14.631305,2491,0,0,1,-139.98817,70.851456,65.52976,40.36598,67.04492,-0.6015677,0.6598639,0.6061071,284209,0,1585,0.04353723,219
631000021,42000000001612,631000031,631000000,42,0.9054624,631000022,-1,631000020,631000021,-1,89,6.196728,4.131152,5.508203,451,3.257051,7.5699296,14.613378,2491,0,0,1,-142.80922,72.07642,64.4374,41.130135,70.474205,-0.59209335,0.73552555,0.5895917,284209,0,1612,0.03876514,263
631000022,41000000001505,631000031,631000000,41,0.98870814,631000023,-1,631000021,631000022,-1,91,5.1639404,4.131152,4.991809,451,3.338241,7.527464,14.56875,2491,0,0,1,-141.03302,73.39644,59.55673,41.74946,70.24725,-0.62021375,0.70028013,0.63031256,284247,0,1505,0.039713345,318
631000023,40000000001497,631000031,631000000,40,1.0778745,631000024,-1,631000022,631000023,-1,86,4.4754148,3.7868896,4.4754148,451,3.3777978,7.4662857,14.562972,2491,0,0,1,-144.56267,70.55547,56.176426,40.651245,68.784065,-0.48379147,0.36908275,0.50282747,284249,0,1497,0.038235575,316
631000024,39000000001517,631000031,631000000,39,1.173417,631000025,-1,631000023,631000024,-1,84,2.840167,2.840167,2.840167,451,3.4524677,7.4192653,14.493726,2491,0,0,1,-146.70164,71.060486,49.885418,41.5955,63.775467,-0.5730244,0.4142895,0.5183999,284102,0,1517,0.04520137,809
631000025,38000000001725,631000031,631000000,38,1.2758462,631000026,-1,631000024,631000025,-1,64,2.4959044,2.4959044,2.4959044,451,3.6231892,7.449347,14.491316,2491,0,0,1,-141.73076,70.737,39.96159,39.194,58.319027,-0.6812757,0.7945238,0.41663334,284215,0,1725,0.047510732,819
631000026,37000000002923,631000029,631000000,37,1.3857181,631000027,631000030,631000025,631000026,-1,37,1.8934448,1.8073791,1.8934448,451,3.569394,7.349076,14.422097,2491,0,0,1,-130.93018,72.34495,57.57387,33.66695,57.059875,-0.2583319,0.19115299,0.25457513,284251,0,2923,0.024511684,134
631000027,36000000003984,631000029,631000000,36,1.5036365,631000028,-1,631000026,631000027,-1,25,1.6352477,1.4631164,1.6352477,451,3.622361,7.3225846,14.388253,2491,0,0,1,-138.70299,54.91823,41.67491,32.43493,53.17095,0.076018944,0.15892231,0.015945775,284250,0,3984,0.01845778,327
631000028,34000000002932,631000029,631000000,34,1.766336,631000029,-1,631000027,631000028,-1,33,0.516394,0.516394,0.516394,451,3.757956,7.1112432,14.324193,2491,0,0,1,-134.71658,70.25049,36.200794,30.810951,41.351013,-0.1101984,0.13418737,0.2750062,284247,0,2932,0.051002763,870
631000029,33000000003356,631000029,631000000,33,1.9126327,-1,-1,631000028,631000029,-1,30,0.0,0.0,0.0,451,3.8625615,7.1742253,14.3576355,2491,0,0,1,-145.33852,59.258503,29.397816,31.927927,49.63777,0.35551175,0.15079352,0.082493626,284214,0,3356,0.03025093,933
631000030,37000000003362,631000031,631000000,37,1.3857181,631000031,-1,631000025,631000030,-1,25,1.6352477,1.549182,1.6352477,451,3.7134097,7.440555,14.477307,2491,0,0,1,-172.88582,77.44641,-17.625927,32.22853,54.149437,-0.13699558,0.081495434,0.17355393,283740,0,3362,0.017179918,610
631000031,36000000003301,631000031,631000000,36,1.5036365,-1,-1,631000030,631000031,-1,25,0.9467224,0.60245967,0.9467224,451,3.8136702,7.426087,14.473389,2491,0,0,1,-165.54436,77.006805,-15.408971,26.665869,43.43378,0.0034749424,0.06763173,0.13134903,284102,0,3301,0.027625466,444
631000032,52000000004100,631000034,631000000,52,0.31970343,631000033,-1,631000010,631000032,-1,21,1.4631164,1.3770508,1.4631164,446,2.6144,8.015065,15.056156,3372,0,0,1,-104.31405,49.92626,86.992615,26.79992,56.092976,0.0057217977,-0.03937944,0.026672853,284194,0,4100,0.013218716,29
631000033,51000000004159,631000034,631000000,51,0.36234027,631000034,-1,631000032,631000033,-1,21,1.6352477,1.4631164,1.6352477,446,2.6448545,7.9873466,15.027586,3372,0,0,1,-102.99764,53.26312,87.67251,25.746395,43.92476,0.013876387,-0.042864263,0.04064936,284194,0,4159,0.023362285,313
631000034,50000000003759,631000034,631000000,50,0.40789944,-1,-1,631000033,631000034,-1,20,1.4631164,1.032788,1.2049193,446,2.7095046,7.9907146,14.988382,3372,0,0,1,-98.21214,57.4315,88.71013,22.651854,42.1831,-0.015993537,-0.06375682,-0.08245823,284887,0,3759,0.026623363,629
