galaxyID,lastProgenitorId,descendantId,haloID,subHaloID,fofID,treeId,firstProgenitorId,nextProgenitorId,type,snapnum,redshift,centralMvir,phkey,x,y,z,zIndex,ix,iy,iz,velX,velY,velZ,np,mvir,rvir,vvir,vmax,coldGas,stellarMass,bulgeMass,hotGas,ejectedMass,blackHoleMass,metalsColdGas,metalsStellarMass,metalsBulgeMass,metalsHotGas,metalsEjectedMass,sfr,sfrBulge,xrayLum,diskRadius,coolingRadius,mag_b,mag_v,mag_r,mag_i,mag_k,mag_bBulge,mag_vBulge,mag_rBulge,mag_iBulge,mag_kBulge,mag_bDust,mag_vDust,mag_rDust,mag_iDust,mag_kDust,massWeightedAge,random
569000000,569000048,-1,569000000,63000000001192,63000000001192,569000000,569000001,-1,0,63,0.0,5.7664,2077,26.563189,15.809506,12.783492,15117,2,1,1,235.03435,171.90778,203.97534,150,5.7664,0.062827244,62.82729,76.620575,0.24747476,0.09502949,0.0877293,0.0051869187,0.22780782,1.7959044E-4,0.0013768288,4.4421875E-4,3.9856054E-4,9.683231E-6,0.0016101004,0.0,0.0,43.632664,0.02745923,0.0643847,-16.846735,-17.57526,-18.198093,-18.69839,-19.999973,-16.700167,-17.429388,-18.05399,-18.555624,-19.8494,-16.8463,-17.574903,-18.197807,-18.698185,-19.999908,6.1390758,323
569000001,569000048,569000000,569000001,62000000001178,62000000001178,569000000,569000002,-1,0,62,0.019932542,5.2500057,2077,26.511711,15.772666,12.731912,15117,2,1,1,247.68779,162.54163,234.78246,118,5.2500057,0.060586445,61.04669,84.33136,0.14091668,0.09502949,0.0877293,0.01127996,0.2500524,1.7958999E-4,0.0010498987,4.4421875E-4,3.9856054E-4,1.7465356E-4,0.0017716434,0.0,0.0,40.454636,0.02212066,0.047090486,-16.91342,-17.635237,-18.252174,-18.746891,-20.041296,-16.75872,-17.48333,-18.103113,-18.599878,-19.88683,-16.912794,-17.634727,-18.25177,-18.746601,-20.041208,5.8756495,398
569000002,569000048,569000001,569000002,61000000001320,61000000001320,569000000,569000003,-1,0,61,0.041403063,5.0778747,2077,26.466787,15.734775,12.683072,15113,2,1,1,236.89322,178.89563,208.75558,131,5.0778747,0.059584137,60.540447,76.854004,0.1405193,0.09502949,0.0877293,0.0014276718,0.27572057,1.7958996E-4,0.0010439637,4.4421875E-4,3.9856054E-4,1.0017896E-5,0.0019417156,0.0,0.0,0.0,0.023448221,0.013782399,-16.999666,-17.71484,-18.325987,-18.814772,-20.108234,-16.83281,-17.553802,-18.169147,-18.660587,-19.94636,-16.99907,-17.714365,-18.32561,-18.814503,-20.108152,5.5997896,550
569000003,569000048,569000002,569000003,60000000001338,60000000001338,569000000,569000004,-1,0,60,0.064493395,4.905743,2077,26.412271,15.697071,12.627772,15113,2,1,1,236.43726,182.00667,206.97296,124,4.905743,0.058542397,60.032597,74.025185,0.1405193,0.09502949,0.0877293,0.001654426,0.30546796,1.7958996E-4,0.0010439637,4.4421875E-4,3.9856054E-4,1.160747E-5,0.0021512625,0.0,0.0,0.0,0.035482064,0.014952861,-17.12755,-17.838472,-18.445276,-18.928864,-20.220764,-16.945087,-17.667387,-18.281046,-18.768545,-20.053354,-17.127268,-17.838253,-18.445105,-18.928741,-20.220728,5.3119397,729
569000004,569000048,569000003,569000004,59000000001384,59000000001384,569000000,569000005,-1,0,59,0.08928783,4.8196774,2077,26.357094,15.657595,12.571183,15112,2,1,1,237.32167,183.97112,207.63776,121,4.8196774,0.057805512,59.881725,80.04449,0.1405193,0.09502949,0.0877293,0.0019232485,0.34000346,1.7958996E-4,0.0010439637,4.4421875E-4,3.9856054E-4,1.349161E-5,0.0023945519,0.0,0.0,0.0,0.037763532,0.01616042,-17.252201,-17.944054,-18.539633,-19.016039,-20.300188,-17.039478,-17.751041,-18.357784,-18.840168,-20.117628,-17.251913,-17.943836,-18.539465,-19.01592,-20.300154,5.0126233,621
569000005,569000048,569000004,569000005,58000000001365,58000000001365,569000000,569000006,-1,0,58,0.11588337,4.991809,2018,26.288513,15.615631,12.511146,8090,2,1,1,234.42886,183.42105,205.1844,116,4.991809,0.058051616,60.81235,77.55546,0.1405193,0.09502949,0.0877293,0.002247957,0.38022584,1.7958996E-4,0.0010439637,4.4421875E-4,3.9856054E-4,1.5767044E-5,0.0026779189,0.0,0.0,0.0,0.039693993,0.01722724,-17.392334,-18.042406,-18.61394,-19.075478,-20.335526,-17.128555,-17.812944,-18.403372,-18.87435,-20.129229,-17.39202,-18.042175,-18.613766,-19.075357,-20.33549,4.7023683,837
569000006,569000048,569000005,569000006,57000000001412,57000000001412,569000000,569000007,-1,0,57,0.14438343,5.7664,2018,26.222046,15.563901,12.455318,8090,2,1,1,252.8802,168.03578,230.23221,82,5.7664,0.0604142,64.06972,66.63032,0.1405193,0.09502949,0.0877293,0.0015802915,0.42733914,1.7958996E-4,0.0010439637,4.4421875E-4,3.9856054E-4,1.108091E-5,0.00300985,0.033902995,0.0,0.0,0.0101815965,0.013723427,-17.639324,-18.217287,-18.754927,-19.199123,-20.433489,-17.2393,-17.908125,-18.490902,-18.95809,-20.207193,-17.629124,-18.210924,-18.750534,-19.196146,-20.432606,4.38178,306
569000007,569000048,569000006,569000007,56000000001739,56000000001739,569000000,569000008,-1,0,56,0.17489761,5.3360715,2018,26.15606,15.505631,12.394955,8090,2,1,1,255.95258,169.6407,233.51788,81,5.3360715,0.058344908,62.716137,65.44196,0.1397674,0.09456362,0.0877293,6.2647578E-6,0.45606816,1.7958943E-4,0.001030113,4.4079576E-4,3.9856054E-4,4.465832E-8,0.0032378095,0.09696506,0.0,0.0,0.008534301,0.058344908,-17.931723,-18.429543,-18.92609,-19.345732,-20.538713,-17.430614,-18.06287,-18.626003,-19.079327,-20.306463,-17.917356,-18.420532,-18.919952,-19.341644,-20.537567,4.0723224,99
569000008,569000048,569000007,569000008,55000000001722,55000000001722,569000000,569000009,-1,0,55,0.20754863,5.1639404,2018,26.07963,15.455901,12.32863,8090,2,1,1,255.83824,167.68272,232.32137,83,5.1639404,0.057143442,62.34152,77.552216,0.14953823,0.09319522,0.0877293,0.0,0.447672,1.7958943E-4,0.0010277351,4.3107168E-4,3.9856054E-4,0.0,0.0031779353,0.20047261,0.0,0.0,0.00716225,0.057143442,-18.209507,-18.647964,-19.117786,-19.527735,-20.730446,-17.659182,-18.255325,-18.803411,-19.25426,-20.510168,-18.192417,-18.637224,-19.110567,-19.523045,-20.729273,3.7903807,704
569000009,569000048,569000008,569000009,54000000001685,54000000001685,569000000,569000010,-1,0,54,0.24246909,5.7664,2018,25.994686,15.410776,12.259816,8090,2,1,1,258.71375,168.33484,231.94756,83,5.7664,0.058645874,65.02848,82.171104,0.17022383,0.09029822,0.0877293,0.0,0.42988348,1.7958943E-4,0.0010077166,4.1264048E-4,3.9856054E-4,0.0,0.0030639109,0.15608567,0.0,0.0,0.008846659,0.058645874,-18.322903,-18.75185,-19.195944,-19.574142,-20.685837,-18.024248,-18.536453,-19.019398,-19.416306,-20.550331,-18.311754,-18.745047,-19.191275,-19.570902,-20.684761,3.5588622,821
569000010,569000048,569000009,569000010,53000000001627,53000000001627,569000000,569000011,-1,0,53,0.2798018,5.8524656,2018,25.904375,15.358539,12.191052,8090,2,1,1,252.93686,167.45906,230.30495,90,5.8524656,0.05824132,65.739105,78.19126,0.1866659,0.0879954,0.0877293,0.0022284086,0.41444108,1.7958943E-4,9.783845E-4,3.9984033E-4,3.9856054E-4,2.7266895E-5,0.002957576,0.017719338,0.0,38.322353,0.012800254,0.017598107,-18.420856,-18.818602,-19.238298,-19.611292,-20.704762,-18.374426,-18.784159,-19.20936,-19.585684,-20.683067,-18.42008,-18.818121,-19.237967,-19.611063,-20.704687,3.2926087,981
569000011,569000048,569000010,569000011,52000000001625,52000000001625,569000000,569000012,-1,0,52,0.31970343,6.024597,2018,25.807245,15.29622,12.109405,8090,2,1,1,253.24643,165.35443,225.46072,86,6.024597,0.058048863,66.80933,81.68861,0.12247813,0.0877293,0.0877293,0.043390732,0.46763992,1.7958922E-4,4.8785543E-4,3.9856054E-4,3.9856054E-4,1.8301005E-4,0.0032827146,0.0,0.0,41.32347,0.010649881,0.05640537,-18.974306,-19.242693,-19.581156,-19.924162,-20.95725,-18.974306,-19.242693,-19.581156,-19.924162,-20.95725,-18.974306,-19.242693,-19.581156,-19.924162,-20.95725,2.9413216,617
569000012,569000048,569000011,569000012,51000000001593,51000000001593,569000000,569000013,-1,0,51,0.36234027,5.680334,2018,25.708282,15.235196,12.024083,8090,2,1,1,248.7142,163.86908,228.447,89,5.680334,0.05612068,65.97744,74.99955,0.035178035,0.0877293,0.0877293,0.0,0.54765356,1.7958872E-4,1.09190056E-4,3.9856054E-4,3.9856054E-4,0.0,0.0038443902,3.0913162,3.0913162,41.240036,0.017242042,0.034844846,-21.927242,-21.949867,-22.142984,-22.32017,-23.01251,-21.927242,-21.949867,-22.142984,-22.32017,-23.01251,-21.182825,-21.209953,-21.407455,-21.589663,-22.297945,2.5750463,580
569000013,569000039,569000012,569000013,50000000001659,50000000001659,569000000,569000014,569000040,0,50,0.40789944,5.3360715,2018,25.605675,15.165898,11.943375,8090,2,1,1,250.14854,161.92044,223.56245,87,5.3360715,0.054120652,65.11774,69.81385,0.2762317,0.040059146,0.0,0.0,0.20753337,0.0,0.0011161302,2.4953455E-4,0.0,-8.4703295E-22,4.7807852E-4,0.062125027,0.0,0.0,0.014252409,0.054120652,-16.948265,-17.354177,-17.826368,-18.250721,-19.50646,99.0,99.0,99.0,99.0,99.0,-16.937965,-17.346182,-17.820095,-18.246187,-19.505096,5.2530823,444
569000014,569000039,569000013,569000014,49000000001633,49000000001633,569000000,569000015,-1,0,49,0.45657724,4.905743,2018,25.502523,15.100307,11.857144,8090,2,1,1,245.1412,161.15704,224.93184,90,4.905743,0.051747397,63.85253,75.225044,0.19046392,0.03909288,0.0,0.039903585,0.19103651,0.0,9.876956E-4,2.4537052E-4,0.0,6.305175E-5,4.9676903E-4,0.0,0.0,41.402706,0.016146818,0.043758955,-16.27105,-16.8992,-17.467838,-17.946894,-19.266773,99.0,99.0,99.0,99.0,99.0,-16.26444,-16.893751,-17.46343,-17.943687,-19.265837,5.0064287,286
569000015,569000039,569000014,569000015,48000000001749,48000000001749,569000000,569000016,-1,0,48,0.5085914,4.733612,2017,25.388,15.044583,11.750138,8083,2,1,1,245.88771,160.42108,221.14975,81,4.733612,0.050209455,63.675674,77.88082,0.12522168,0.03909288,0.0,0.046388008,0.22730471,0.0,8.9142035E-4,2.4537052E-4,0.0,6.5015534E-5,5.910805E-4,0.064188845,0.0,41.512405,0.008110035,0.04527093,-16.873894,-17.304281,-17.778414,-18.207346,-19.472797,99.0,99.0,99.0,99.0,99.0,-16.83413,-17.274649,-17.75551,-18.190845,-19.467667,4.6305895,824
569000016,569000039,569000015,569000016,47000000002067,47000000002067,569000000,569000017,-1,0,47,0.5641766,4.3032837,2014,25.278376,14.96983,11.655121,7863,2,1,1,249.82207,152.88489,219.84074,57,4.3032837,0.047685903,62.298122,74.22166,0.12631658,0.03808682,0.0,0.0,0.2112937,0.0,8.812368E-4,2.3823712E-4,0.0,0.0,6.2046223E-4,0.16441356,0.0,0.0,0.0066275857,0.047685903,-17.200373,-17.535837,-17.95876,-18.355558,-19.56916,99.0,99.0,99.0,99.0,99.0,-17.152203,-17.497576,-17.928333,-18.333462,-19.562449,4.3712287,578
569000017,569000039,569000016,569000017,46000000001970,46000000001970,569000000,569000018,-1,0,46,0.6235901,4.131152,2014,25.170626,14.910526,11.562168,7863,2,1,1,238.02296,160.4326,213.7002,69,4.131152,0.04604501,62.117542,80.03062,0.1446814,0.035512522,0.0,0.002780541,0.17104271,0.0,8.6488336E-4,2.2165729E-4,0.0,9.60011E-6,5.083061E-4,0.0,0.0,39.439304,0.012392282,0.011004322,-16.257551,-16.888609,-17.461884,-17.94486,-19.289938,99.0,99.0,99.0,99.0,99.0,-16.247663,-16.880457,-17.455288,-17.940063,-19.288536,4.297434,563
569000018,569000039,569000017,569000018,45000000002360,45000000002360,569000000,569000019,-1,0,45,0.6871088,4.131152,2014,25.053308,14.844582,11.464014,7863,2,1,1,243.92245,147.03117,216.53761,53,4.131152,0.044993877,62.83894,76.871605,0.11638445,0.035512522,0.0,0.0,0.20673348,0.0,7.684174E-4,2.2165729E-4,0.0,0.0,6.143721E-4,0.07874299,0.0,0.0,0.0058768783,0.044993877,-17.096867,-17.45545,-17.893919,-18.295023,-19.519054,99.0,99.0,99.0,99.0,99.0,-17.046299,-17.415653,-17.862417,-18.272156,-19.512087,3.9227889,419
569000019,569000039,569000018,569000019,44000000002174,44000000002174,569000000,569000020,-1,0,44,0.75503564,3.5286925,2014,24.936108,14.772139,11.363177,7863,2,1,1,234.26973,155.69891,212.56947,61,3.5286925,0.041643303,60.367653,83.06202,0.075756386,0.03429451,0.0,0.0018565062,0.18600893,0.0,6.9461577E-4,2.133856E-4,0.0,6.2488416E-6,6.260902E-4,0.0,0.0,39.68874,0.010459039,0.013014404,-16.453962,-17.02985,-17.565968,-18.023554,-19.333694,99.0,99.0,99.0,99.0,99.0,-16.438677,-17.017246,-17.555767,-18.016134,-19.331526,3.6866527,98
569000020,569000039,569000019,569000020,43000000002674,43000000002674,569000000,569000021,-1,0,43,0.8276991,3.3565612,2014,24.81037,14.702982,11.257894,7863,2,1,1,235.71658,142.18468,213.27766,44,3.3565612,0.03987784,60.166042,81.1801,0.07550207,0.03429451,0.0,0.0,0.22716133,0.0,6.937599E-4,2.133856E-4,0.0,0.0,7.646058E-4,0.19333324,0.0,0.0,0.003902602,0.03987784,-17.310312,-17.635326,-18.050898,-18.439987,-19.648863,99.0,99.0,99.0,99.0,99.0,-17.174133,-17.527424,-17.964624,-18.376612,-19.628796,3.3190565,197
569000021,569000039,569000020,569000021,42000000002656,42000000002656,569000000,569000022,-1,0,42,0.9054624,3.098364,2014,24.703102,14.645702,11.135137,7861,2,1,1,234.03625,139.14084,212.90317,45,3.098364,0.037736747,59.422916,63.45213,0.09513628,0.031380348,0.0,0.0,0.18668242,0.0,7.119589E-4,1.894358E-4,0.0,0.0,6.169799E-4,0.039892014,0.0,0.0,0.0055301595,0.037736747,-16.825037,-17.255924,-17.73417,-18.154623,-19.408468,99.0,99.0,99.0,99.0,99.0,-16.749825,-17.199377,-17.690311,-18.1229,-19.398651,3.2467968,534
569000022,569000039,569000021,569000022,41000000002693,41000000002693,569000000,569000023,-1,0,41,0.98870814,2.6680357,2014,24.558537,14.559004,11.048915,7861,2,1,1,225.8133,140.4627,212.37302,43,2.6680357,0.034827072,57.399395,66.98068,0.051639877,0.030789925,0.0,0.0,0.1890951,0.0,6.2964525E-4,1.8455104E-4,0.0,0.0,6.731033E-4,0.06850243,0.0,0.0,0.003721716,0.034827072,-16.74058,-17.228369,-17.738321,-18.180653,-19.472654,99.0,99.0,99.0,99.0,99.0,-16.557564,-17.089249,-17.626715,-18.09682,-19.443708,2.951456,229
569000023,569000039,569000022,569000023,40000000002831,40000000002831,569000000,569000024,-1,0,40,1.0778745,2.7541015,2014,24.43051,14.48282,10.927898,7861,2,1,1,222.85681,141.46626,208.99416,40,2.7541015,0.03407836,58.954994,79.48852,0.058705535,0.02979774,0.0,0.002054981,0.18185303,0.0,6.604218E-4,1.7295626E-4,0.0,7.952686E-6,5.937488E-4,0.031728476,0.0,39.794693,0.0043995096,0.013155673,-16.676416,-17.20346,-17.723988,-18.163912,-19.445415,99.0,99.0,99.0,99.0,99.0,-16.584898,-17.128466,-17.663322,-18.11966,-19.432339,2.6953754,306
569000024,569000039,569000023,569000024,39000000003062,39000000003062,569000000,569000025,-1,0,39,1.173417,2.6680357,2014,24.328716,14.399177,10.82711,7860,2,1,1,220.97699,141.54068,204.4482,35,2.6680357,0.032584406,59.341824,70.461006,0.04753338,0.029349651,0.0,0.0018734098,0.19336282,0.0,6.2691414E-4,1.680079E-4,0.0,6.1827136E-6,6.1039126E-4,0.0031282406,0.0,39.88934,0.0040705157,0.013203689,-16.715261,-17.268974,-17.79015,-18.23081,-19.53273,99.0,99.0,99.0,99.0,99.0,-16.601038,-17.174839,-17.713844,-18.175127,-19.516315,2.3952198,662
569000025,569000039,569000024,569000025,38000000003030,38000000003030,569000000,569000026,-1,0,38,1.2758462,2.6680357,2014,24.219685,14.322246,10.70693,7856,2,1,1,209.2991,137.95453,201.9753,37,2.6680357,0.031426564,60.425095,65.520584,0.043100983,0.029306723,0.0,0.0,0.23931032,0.0,5.258218E-4,1.6744231E-4,0.0,0.0,7.543426E-4,0.17490444,0.0,0.0,0.0024288686,0.031426564,-17.379385,-17.741959,-18.169542,-18.555258,-19.751034,99.0,99.0,99.0,99.0,99.0,-17.11111,-17.523727,-17.99269,-18.42494,-19.710981,2.0688334,920
569000026,569000039,569000025,569000026,37000000003215,37000000003215,569000000,569000027,-1,0,37,1.3857181,2.5819702,2014,24.098473,14.261031,10.572338,7856,2,1,1,202.52252,136.8221,193.95906,33,2.5819702,0.029922664,60.917976,65.16464,0.05968284,0.026982514,0.0,0.0016203171,0.22505265,0.0,5.857694E-4,1.4215424E-4,0.0,4.783669E-6,5.973564E-4,0.03457623,0.0,39.87437,0.0045524626,0.011599798,-17.052721,-17.502762,-17.961294,-18.360527,-19.584389,99.0,99.0,99.0,99.0,99.0,-16.96886,-17.435692,-17.907497,-18.321236,-19.572582,1.912255,30
569000027,569000039,569000026,569000027,36000000003100,36000000003100,569000000,569000028,-1,0,36,1.5036365,2.7541015,2014,23.966526,14.175652,10.482193,7856,2,1,1,198.1127,132.31377,197.43921,33,2.7541015,0.0293741,63.500576,72.63232,0.06257416,0.026539123,0.0,0.0,0.2546458,0.0,5.922493E-4,1.3788442E-4,0.0,0.0,6.666631E-4,0.16498446,0.0,0.0,0.0033885913,0.0293741,-17.580236,-17.890478,-18.27056,-18.62265,-19.750898,99.0,99.0,99.0,99.0,99.0,-17.448608,-17.783161,-18.18386,-18.559149,-19.731783,1.6332952,626
569000028,569000039,569000027,569000028,35000000002778,35000000002778,569000000,569000029,-1,0,35,1.6302707,3.0122986,2014,23.879898,14.113159,10.367571,7856,2,1,1,182.39082,132.95796,187.28798,37,3.0122986,0.029022882,66.81111,70.96083,0.07710436,0.024504185,0.0,0.0,0.24215052,0.0,6.115501E-4,1.2031769E-4,0.0,0.0,5.5782706E-4,0.4180658,0.0,0.0,0.0028351634,0.029022882,-17.984512,-18.223133,-18.560574,-18.881184,-19.93352,99.0,99.0,99.0,99.0,99.0,-17.797298,-18.069475,-18.43595,-18.789268,-19.905336,1.4591557,589
569000029,569000039,569000028,569000029,34000000002109,34000000002109,569000000,569000030,-1,0,34,1.766336,2.9262328,2014,23.756361,14.043589,10.256064,7856,2,1,1,186.02277,140.19992,188.48808,50,2.9262328,0.027513487,67.6319,71.33006,0.112111256,0.019561222,0.0,0.013618802,0.19265379,0.0,5.8094895E-4,8.8705136E-5,0.0,1.8654311E-5,3.4123033E-4,0.044248387,0.0,41.229755,0.0065102833,0.021959784,-17.100876,-17.459652,-17.866673,-18.227327,-19.358938,99.0,99.0,99.0,99.0,99.0,-17.075216,-17.43882,-17.84996,-18.215199,-19.35541,1.5041482,414
569000030,569000039,569000029,569000030,33000000002646,33000000002646,569000000,569000031,-1,0,33,1.9126327,2.6680357,2014,23.654083,13.9552555,10.160024,7856,2,1,1,166.87903,141.63448,184.10237,37,2.6680357,0.025491152,67.09205,67.58278,0.0647652,0.019061305,0.0,0.0029421605,0.21849972,0.0,5.1291025E-4,8.608934E-5,0.0,5.5076425E-6,3.9871968E-4,0.20143203,0.0,40.242695,0.0032041187,0.010873755,-17.480413,-17.78281,-18.160288,-18.503176,-19.60493,99.0,99.0,99.0,99.0,99.0,-17.329506,-17.661285,-18.062712,-18.431213,-19.58301,1.2702513,105
569000031,569000039,569000030,569000031,32000000002090,32000000002090,569000000,569000032,-1,0,32,2.0700274,2.4098387,2014,23.544497,13.842599,10.066675,7856,2,1,1,179.97275,124.38673,187.81181,47,2.4098387,0.023502054,66.40657,70.082016,0.080068685,0.016893506,0.0,0.004690531,0.17112929,0.0,5.0897204E-4,7.076524E-5,0.0,1.5224886E-5,2.941701E-4,0.0,0.0,40.692142,0.014403566,0.016353037,-16.857573,-17.281729,-17.715698,-18.093876,-19.258179,99.0,99.0,99.0,99.0,99.0,-16.852867,-17.277851,-17.71256,-18.091595,-19.257511,1.1566491,341
569000032,569000039,569000031,569000032,31000000002875,31000000002875,569000000,569000033,-1,0,31,2.2394855,2.4959044,2014,23.485405,13.798197,9.938005,7856,2,1,1,154.82991,152.50226,168.40253,30,2.4959044,0.022640748,68.85549,68.88,0.05341553,0.016893506,0.0,0.002147368,0.222101,0.0,4.327408E-4,7.076524E-5,0.0,3.8359753E-6,3.8179022E-4,0.22485204,0.0,40.048634,0.0022682664,0.00819227,-17.727013,-17.950407,-18.27271,-18.576551,-19.598063,99.0,99.0,99.0,99.0,99.0,-17.446522,-17.728706,-18.09741,-18.44882,-19.560476,0.911015,130
569000033,569000039,569000032,569000033,30000000002909,30000000002909,569000000,569000034,-1,0,30,2.422044,2.1516418,1831,23.415161,13.695461,9.838737,7417,2,1,1,154.72282,149.81293,164.16714,29,2.1516418,0.020482669,67.2143,72.085266,0.05646868,0.014717464,0.0,0.0025749365,0.17482303,0.0,4.244671E-4,5.3577653E-5,0.0,6.7716246E-6,2.8978728E-4,0.10447911,0.0,40.52917,0.003337773,0.012464298,-17.349693,-17.610313,-17.94242,-18.249968,-19.24446,99.0,99.0,99.0,99.0,99.0,-17.25936,-17.537397,-17.88407,-18.207691,-19.23218,0.7961688,288
569000034,569000039,569000033,569000034,29000000003118,29000000003118,569000000,569000035,-1,0,29,2.6188614,2.1516418,1824,23.315132,13.597163,9.765984,7403,2,1,1,155.94357,145.76143,162.50641,28,2.1516418,0.01943864,68.995705,74.585335,0.062433604,0.01376278,0.0,0.00491124,0.17605916,0.0,4.2100376E-4,4.6804787E-5,0.0,9.724165E-6,2.468243E-4,0.10048568,0.0,40.969326,0.0034797895,0.015386687,-17.494526,-17.709389,-18.010042,-18.302649,-19.26521,99.0,99.0,99.0,99.0,99.0,-17.414375,-17.64496,-17.958632,-18.265532,-19.254484,0.62371653,138
569000035,569000039,569000034,569000035,28000000002926,28000000002926,569000000,569000036,-1,0,28,2.8311827,1.7213135,1825,23.253405,13.5103035,9.671308,7375,2,1,1,150.5814,139.24072,149.25075,27,1.7213135,0.017098691,65.79888,71.29062,0.059498653,0.012898305,0.0,0.0,0.18572153,0.0,4.0132686E-4,4.1091065E-5,0.0,0.0,2.3644033E-4,0.3585238,0.0,0.0,0.002295602,0.017098691,-17.952772,-18.07216,-18.313469,-18.569275,-19.472738,99.0,99.0,99.0,99.0,99.0,-17.778624,-17.931282,-18.200714,-18.487726,-19.4491,0.4522838,395
569000036,569000039,569000035,569000036,27000000002372,27000000002372,569000000,569000037,-1,0,27,3.060419,2.065576,1825,23.159906,13.429162,9.60453,7375,2,1,1,144.4892,141.48123,146.84785,33,2.065576,0.017190812,71.88567,75.53058,0.070628665,0.0100018745,0.0,0.010366064,0.17031085,0.0,3.541319E-4,2.5038875E-5,0.0,9.410316E-6,1.3783344E-4,0.23632768,0.0,41.43273,0.0028833067,0.014939188,-17.819193,-17.930094,-18.159117,-18.405237,-19.260183,99.0,99.0,99.0,99.0,99.0,-17.746698,-17.871195,-18.111929,-18.371075,-19.250322,0.35860267,498
569000037,569000039,569000036,569000037,26000000002256,26000000002256,569000000,569000038,-1,0,26,3.3080978,1.7213135,1825,23.083717,13.363415,9.499716,7375,2,1,1,137.29793,136.49901,137.46867,32,1.7213135,0.015282768,69.59835,75.28709,0.067323156,0.008213658,0.0,0.0,0.13915873,0.0,3.0959194E-4,1.665038E-5,0.0,0.0,1.0605552E-4,0.29499382,0.0,0.0,0.0027606995,0.015282768,-17.91295,-18.002367,-18.213415,-18.451887,-19.258072,99.0,99.0,99.0,99.0,99.0,-17.819574,-17.927675,-18.154446,-18.40939,-19.24614,0.23610692,809
569000038,569000039,569000037,569000038,25000000002656,25000000002656,569000000,569000039,-1,0,25,3.575905,1.4631164,1825,22.99781,13.298845,9.449786,7375,2,1,1,138.19083,138.01042,136.5561,25,1.4631164,0.013656914,67.87864,72.389946,0.082213424,0.0061282874,0.0,0.0,0.1016481,0.0,2.574157E-4,8.718742E-6,0.0,0.0,5.6406992E-5,0.6734795,0.0,0.0,0.002158147,0.013656914,-18.245745,-18.26673,-18.434557,-18.619059,-19.279171,99.0,99.0,99.0,99.0,99.0,-18.15907,-18.196077,-18.378088,-18.57784,-19.267265,0.11576366,811
569000039,569000039,569000038,569000039,24000000002316,24000000002316,569000000,-1,-1,0,24,3.8656828,1.4631164,1825,22.931192,13.217565,9.374964,7375,2,1,1,134.08777,132.4384,137.36385,26,1.4631164,0.012865513,69.9352,71.22198,0.11383764,0.001691443,0.0,0.0047982745,0.07009478,0.0,8.456959E-5,6.7893626E-7,0.0,4.2030155E-7,3.3544843E-6,0.27616554,0.0,40.571697,0.0024449269,0.0039349217,-17.786324,-17.707697,-17.77668,-17.840221,-18.049978,99.0,99.0,99.0,99.0,99.0,-17.770279,-17.694105,-17.76539,-17.83129,-18.046377,0.037653282,701
569000040,569000048,569000012,569000013,50000000001659,50000000001659,569000000,569000041,-1,2,50,0.40789944,5.3360715,2018,25.5968,15.224279,11.945254,8090,2,1,1,297.73483,186.974,219.84595,21,1.8073797,0.030586952,50.411144,38.883644,0.096640855,0.0,0.0,0.0,0.0,0.0,0.0,0.0,0.0,0.0,0.0,0.0,0.0,41.299038,0.01608004,0.027998507,99.0,99.0,99.0,99.0,99.0,99.0,99.0,99.0,99.0,99.0,99.0,99.0,99.0,99.0,99.0,0.0,872
569000041,569000048,569000040,569000014,49000000001633,49000000001633,569000000,569000042,-1,2,49,0.45657724,4.905743,2018,25.483847,15.141708,11.857299,8090,2,1,1,266.86603,220.37852,215.81047,21,1.8073797,0.030586952,50.411144,38.883644,0.096640855,0.0,0.0,0.0,0.0,0.0,0.0,0.0,0.0,0.0,0.0,0.0,0.0,41.299038,0.01608004,0.027998507,99.0,99.0,99.0,99.0,99.0,99.0,99.0,99.0,99.0,99.0,99.0,99.0,99.0,99.0,99.0,0.0,330
569000042,569000048,569000041,569000015,48000000001749,48000000001749,569000000,569000043,-1,2,48,0.5085914,4.733612,2017,25.378344,15.043174,11.765636,8083,2,1,1,225.54588,253.51886,240.65407,21,1.8073797,0.030586952,50.411144,38.883644,0.096640855,0.0,0.0,0.0,0.0,0.0,0.0,0.0,0.0,0.0,0.0,0.0,0.0,41.299038,0.01608004,0.027998507,99.0,99.0,99.0,99.0,99.0,99.0,99.0,99.0,99.0,99.0,99.0,99.0,99.0,99.0,99.0,0.0,920
569000043,569000048,569000042,569000016,47000000002067,47000000002067,569000000,569000044,-1,2,47,0.5641766,4.3032837,2014,25.291391,14.941131,11.651949,7863,2,1,1,190.3041,201.47629,266.3963,21,1.8073797,0.030586952,50.411144,38.883644,0.096640855,0.0,0.0,0.0,0.0,0.0,0.0,0.0,0.0,0.0,0.0,0.0,0.0,41.299038,0.01608004,0.027998507,99.0,99.0,99.0,99.0,99.0,99.0,99.0,99.0,99.0,99.0,99.0,99.0,99.0,99.0,99.0,0.0,776
569000044,569000048,569000043,569000017,46000000001970,46000000001970,569000000,569000045,-1,2,46,0.6235901,4.131152,2014,25.204464,14.860404,11.538984,7863,2,1,1,201.11798,162.77475,237.24841,21,1.8073797,0.030586952,50.411144,38.883644,0.096640855,0.0,0.0,0.0,0.0,0.0,0.0,0.0,0.0,0.0,0.0,0.0,0.0,41.299038,0.01608004,0.027998507,99.0,99.0,99.0,99.0,99.0,99.0,99.0,99.0,99.0,99.0,99.0,99.0,99.0,99.0,99.0,0.0,647
569000045,569000048,569000044,569000018,45000000002360,45000000002360,569000000,569000046,-1,2,45,0.6871088,4.131152,2014,25.108469,14.790268,11.434165,7863,2,1,1,215.07738,140.12816,212.96172,21,1.8073797,0.030586952,50.411144,38.883644,0.096640855,0.0,0.0,0.0,0.0,0.0,0.0,0.0,0.0,0.0,0.0,0.0,0.0,41.299038,0.01608004,0.027998507,99.0,99.0,99.0,99.0,99.0,99.0,99.0,99.0,99.0,99.0,99.0,99.0,99.0,99.0,99.0,0.0,191
569000046,569000048,569000045,569000019,44000000002174,44000000002174,569000000,569000047,-1,2,44,0.75503564,3.5286925,2014,25.004435,14.725999,11.343091,7863,2,1,1,215.8741,136.97104,169.51282,21,1.8073797,0.030586952,50.411144,38.883644,0.096640855,0.0,0.0,0.0,0.0,0.0,0.0,0.0,0.0,0.0,0.0,0.0,0.0,41.299038,0.01608004,0.027998507,99.0,99.0,99.0,99.0,99.0,99.0,99.0,99.0,99.0,99.0,99.0,99.0,99.0,99.0,99.0,0.0,722
569000047,569000048,569000046,569000020,43000000002674,43000000002674,569000000,569000048,-1,2,43,0.8276991,3.3565612,2014,24.898886,14.654256,11.262806,7863,2,1,1,212.06277,152.2496,162.93037,21,1.8073797,0.030586952,50.411144,38.883644,0.096640855,0.0,0.0,0.0,0.0,0.0,0.0,0.0,0.0,0.0,0.0,0.0,0.0,41.299038,0.01608004,0.027998507,99.0,99.0,99.0,99.0,99.0,99.0,99.0,99.0,99.0,99.0,99.0,99.0,99.0,99.0,99.0,0.0,149
569000048,569000048,569000047,569000040,41000000004553,41000000004553,569000000,-1,-1,0,41,0.98870814,1.8073797,2014,24.69644,14.501917,11.075852,7861,2,1,1,224.8758,166.15488,204.21223,21,1.8073797,0.030586952,50.411144,38.883644,0.096640855,0.0,0.0,0.039057285,0.0,0.0,0.0,0.0,0.0,0.0,0.0,0.0,0.0,41.299038,0.01608004,0.027998507,99.0,99.0,99.0,99.0,99.0,99.0,99.0,99.0,99.0,99.0,99.0,99.0,99.0,99.0,99.0,0.0,149
569000049,569000068,-1,569000000,63000000001192,63000000001192,569000000,569000050,-1,2,63,0.0,5.7664,2077,26.538546,15.846027,12.856831,15117,2,1,1,178.52019,240.19513,124.59774,23,1.9795111,0.042301595,44.861168,42.218,0.068741724,0.0048280647,0.0,0.0,0.0,0.0,2.05672E-4,6.66721E-6,0.0,0.0,0.0,0.0020751737,0.0,0.0,0.00793426,0.040014345,-14.560078,-15.101606,-15.614485,-16.024282,-17.11923,99.0,99.0,99.0,99.0,99.0,-14.55804,-15.09999,-15.6132,-16.023355,-17.118961,2.9846127,29
569000050,569000068,569000049,569000001,62000000001178,62000000001178,569000000,569000051,-1,2,62,0.019932542,5.2500057,2077,26.50222,15.797503,12.830652,15117,2,1,1,186.21329,245.7241,142.55296,23,1.9795111,0.042301595,44.861168,42.218,0.06890414,0.004805318,0.0,0.0,0.0,0.0,2.0495943E-4,6.5993604E-6,0.0,0.0,0.0,0.0023862235,0.0,0.0,0.00793426,0.040014345,-14.649804,-15.179237,-15.684928,-16.090336,-17.178373,99.0,99.0,99.0,99.0,99.0,-14.647757,-15.177614,-15.683637,-16.089403,-17.178104,2.734672,459
569000051,569000068,569000050,569000002,61000000001320,61000000001320,569000000,569000052,-1,2,61,0.041403063,5.0778747,2077,26.46324,15.745896,12.798766,15117,2,1,1,182.59972,241.39421,157.18677,23,1.9795111,0.042301595,44.861168,42.218,0.069099724,0.0047779283,0.0,0.0,0.0,0.0,2.040976E-4,6.5181875E-6,0.0,0.0,0.0,0.0027613589,0.0,0.0,0.00793426,0.040014345,-14.762407,-15.276188,-15.773041,-16.173204,-17.254227,99.0,99.0,99.0,99.0,99.0,-14.759608,-15.274179,-15.7715225,-16.172129,-17.253922,2.4736817,617
569000052,569000068,569000051,569000003,60000000001338,60000000001338,569000000,569000053,-1,2,60,0.064493395,4.905743,2077,26.422094,15.69254,12.76203,15117,2,1,1,183.15143,230.75665,166.24329,23,1.9795111,0.042301595,44.861168,42.218,0.06933591,0.004744854,0.0,0.0,0.0,0.0,2.0305153E-4,6.4209335E-6,0.0,0.0,0.0,0.003214897,0.0,0.0,0.00793426,0.040014345,-14.9070835,-15.404032,-15.892524,-16.289207,-17.379604,99.0,99.0,99.0,99.0,99.0,-14.904937,-15.4023485,-15.891193,-16.288248,-17.379326,2.202043,273
569000053,569000068,569000052,569000004,59000000001384,59000000001384,569000000,569000054,-1,2,59,0.08928783,4.8196774,2077,26.377726,15.638106,12.721722,15117,2,1,1,186.97269,226.6143,167.30014,23,1.9795111,0.042301595,44.861168,42.218,0.06962179,0.004704814,0.0,0.0,0.0,0.0,2.017773E-4,6.304313E-6,0.0,0.0,0.0,0.0037647819,0.0,0.0,0.00793426,0.040014345,-15.082612,-15.552955,-16.023153,-16.40748,-17.477892,99.0,99.0,99.0,99.0,99.0,-15.080603,-15.551338,-16.02186,-16.406544,-17.477617,1.9201624,435
569000054,569000068,569000053,569000005,58000000001365,58000000001365,569000000,569000055,-1,2,58,0.11588337,4.991809,2018,26.329353,15.579619,12.680398,8090,2,1,1,192.16232,230.9425,154.17004,23,1.9795111,0.042301595,44.861168,42.218,0.06996885,0.0046562124,0.0,0.0,0.0,0.0,2.0021893E-4,6.164391E-6,0.0,0.0,0.0,0.0044330917,0.0,0.0,0.00793426,0.040014345,-15.294193,-15.719838,-16.157627,-16.519531,-17.532108,99.0,99.0,99.0,99.0,99.0,-15.292363,-15.718385,-16.156471,-16.518696,-17.531864,1.6282886,243
569000055,569000068,569000054,569000041,57000000001413,57000000001412,569000000,569000056,-1,1,57,0.14438343,5.7664,2018,26.274342,15.520591,12.639554,8090,2,1,1,195.69356,213.86734,159.0209,23,1.9795111,0.042301595,44.861168,42.218,0.070391096,0.004597076,0.0,0.0,0.0,0.0,1.9830572E-4,5.9965487E-6,0.0,0.0,0.0,0.005247114,0.0,0.0,0.00793426,0.040014345,-15.5594635,-15.910697,-16.29932,-16.636248,-17.590855,99.0,99.0,99.0,99.0,99.0,-15.557795,-15.909329,-16.298216,-16.635445,-17.59062,1.326527,400
569000056,569000068,569000055,569000042,56000000002942,56000000002942,569000000,569000057,-1,0,56,0.17489761,1.7213135,2018,26.21584,15.4598465,12.593965,8090,2,1,1,192.58667,219.49716,162.97017,31,1.7213135,0.040014345,43.01224,47.187492,0.07090591,0.004524977,0.0,0.0,0.09500854,0.0,1.9594796E-4,5.7954644E-6,0.0,0.0,3.6275684E-5,0.059574652,0.0,0.0,0.005827912,0.040014345,-16.285149,-16.487259,-16.7876,-17.07548,-17.955303,99.0,99.0,99.0,99.0,99.0,-16.280918,-16.483923,-16.78496,-17.073563,-17.954714,1.0147285,133
569000057,569000068,569000056,569000043,55000000003201,55000000003201,569000000,569000058,-1,0,55,0.20754863,1.9795104,2018,26.147354,15.407016,12.547622,8090,2,1,1,190.44258,219.43639,164.62492,31,1.9795104,0.04151056,45.286583,55.21182,0.076909035,0.0036842457,0.0,0.0,0.08984615,0.0,1.665336E-4,3.7395691E-6,0.0,0.0,2.349694E-5,0.09340465,0.0,0.0,0.0053333696,0.04151056,-16.385721,-16.53305,-16.798172,-17.05631,-17.859516,99.0,99.0,99.0,99.0,99.0,-16.380978,-16.529385,-16.795303,-17.054228,-17.858847,0.8669594,631
569000058,569000068,569000057,569000044,54000000003006,54000000003006,569000000,569000059,-1,0,54,0.24246909,1.8934448,2018,26.073622,15.342934,12.499439,8090,2,1,1,192.16438,220.38567,167.2981,33,1.8934448,0.04045946,44.862785,49.654297,0.08654686,0.0023344683,0.0,7.9440135E-5,0.081558056,0.0,1.1224591E-4,1.4438568E-6,0.0,1.31118565E-8,9.039367E-6,0.006854027,0.0,37.06417,0.009633851,0.0017562651,-15.137594,-15.405636,-15.728827,-16.007711,-16.777477,99.0,99.0,99.0,99.0,99.0,-15.137064,-15.405225,-15.728504,-16.007479,-16.777409,0.9160252,629
569000059,569000068,569000058,569000045,53000000002920,53000000002920,569000000,569000060,-1,0,53,0.2798018,2.1516418,2018,26.004168,15.276775,12.43933,8090,2,1,1,188.71637,220.91856,168.1218,32,2.1516418,0.041722942,47.094208,47.392864,0.08726849,0.0022333472,0.0,0.0,0.08177528,0.0,1.0783884E-4,1.3159635E-6,0.0,0.0,8.38979E-6,0.033600546,0.0,0.0,0.007903316,0.041722942,-15.726733,-15.8616495,-16.098103,-16.33206,-17.024948,99.0,99.0,99.0,99.0,99.0,-15.725477,-15.86072,-16.09739,-16.331553,-17.024788,0.59470505,474
569000060,569000068,569000059,569000046,52000000002882,52000000002882,569000000,569000061,-1,0,52,0.31970343,2.3237731,2018,25.935709,15.203301,12.375329,8090,2,1,1,186.77548,220.93265,169.56068,35,2.3237731,0.042255405,48.6324,48.20336,0.09087162,0.0017287284,0.0,0.0,0.07867673,0.0,8.52113E-5,7.7186405E-7,0.0,0.0,5.0025433E-6,0.07797132,0.0,0.0,0.0065771285,0.042255405,-16.027525,-16.071554,-16.253565,-16.44934,-17.052303,99.0,99.0,99.0,99.0,99.0,-16.026592,-16.070835,-16.253,-16.448938,-17.052181,0.35297215,571
569000061,569000068,569000060,569000047,51000000002914,51000000002914,569000000,569000062,-1,0,51,0.36234027,1.9795104,2018,25.870466,15.128741,12.317953,8090,2,1,1,184.2254,221.65675,170.60516,33,1.9795104,0.039492767,46.42908,51.40785,0.09935674,5.40396E-4,0.0,0.0,0.03197149,0.0,2.7896123E-5,7.32747E-8,0.0,0.0,4.724967E-7,0.024520744,0.0,0.0,0.009550285,0.039492767,-14.687087,-14.676316,-14.8181,-14.980421,-15.485322,99.0,99.0,99.0,99.0,99.0,-14.68703,-14.676272,-14.818066,-14.980397,-15.485315,0.34355655,404
569000062,569000068,569000061,569000048,50000000003149,50000000003149,569000000,569000063,-1,0,50,0.40789944,1.9795104,2018,25.80857,15.0527315,12.254231,8090,2,1,1,180.48715,216.10481,171.60892,32,1.9795104,0.038887355,46.789097,49.36788,0.1015297,1.6226983E-4,0.0,0.015839918,0.015123141,0.0,8.492719E-6,6.4751267E-9,0.0,2.8509536E-8,1.2815763E-8,0.004059686,0.0,40.587414,0.0109354565,0.022755949,-13.214524,-13.202277,-13.334779,-13.487973,-13.990515,99.0,99.0,99.0,99.0,99.0,-13.214515,-13.2022705,-13.334773,-13.487969,-13.990514,0.33094874,509
569000063,569000068,569000062,569000049,49000000003351,49000000003351,569000000,569000064,-1,0,49,0.45657724,1.8934448,2018,25.743374,14.9687605,12.191545,8090,2,1,1,179.04536,213.63467,172.53905,30,1.8934448,0.03767655,46.490128,48.96939,0.09889464,9.912733E-5,0.0,0.014955006,0.010442903,0.0,5.196856E-6,2.2328954E-9,0.0,1.2708492E-8,5.4308313E-9,0.006338629,0.0,40.465565,0.0098055145,0.020371592,-13.661328,-13.511465,-13.534046,-13.545727,-13.6522455,99.0,99.0,99.0,99.0,99.0,-13.661322,-13.511459,-13.534042,-13.545724,-13.652245,0.06603663,459
569000064,569000068,569000063,569000050,48000000003368,48000000003368,569000000,569000065,-1,0,48,0.5085914,1.2049193,2018,25.675491,14.878432,12.122749,8090,2,1,1,178.59837,213.92131,173.50443,31,1.2049193,0.03182052,40.354813,46.290363,0.049568582,0.0,0.0,0.0029957853,0.0,0.0,0.0,0.0,0.0,0.0,0.0,0.0,0.0,39.50285,0.008928122,0.008909883,99.0,99.0,99.0,99.0,99.0,99.0,99.0,99.0,99.0,99.0,99.0,99.0,99.0,99.0,99.0,0.0,204
569000065,569000068,569000064,569000051,47000000003818,47000000003818,569000000,569000066,-1,0,47,0.5641766,1.2909851,2018,25.607162,14.783459,12.054277,8090,2,1,1,176.25105,212.353,171.82669,26,1.2909851,0.031922515,41.704414,45.046032,0.04817089,0.0,0.0,0.013915389,0.0,0.0,0.0,0.0,0.0,0.0,0.0,0.0,0.0,40.499306,0.009386187,0.019268787,99.0,99.0,99.0,99.0,99.0,99.0,99.0,99.0,99.0,99.0,99.0,99.0,99.0,99.0,99.0,0.0,878
569000066,569000068,569000065,569000052,46000000004118,46000000004118,569000000,569000067,-1,0,46,0.6235901,1.3770508,2018,25.531223,14.685257,11.983374,8090,2,1,1,171.56877,211.07202,168.79475,24,1.3770508,0.031925827,43.0699,45.636787,0.042101238,0.0,0.0,0.030294329,0.0,0.0,0.0,0.0,0.0,0.0,0.0,0.0,0.0,41.016083,0.0089028105,0.028878376,99.0,99.0,99.0,99.0,99.0,99.0,99.0,99.0,99.0,99.0,99.0,99.0,99.0,99.0,99.0,0.0,454
569000067,569000068,569000066,569000053,45000000003547,45000000003547,569000000,569000068,-1,0,45,0.6871088,0.86065674,2018,25.476484,14.568913,11.903595,8088,2,1,1,172.12074,210.7166,170.36081,30,0.86065674,0.02667307,37.251904,50.419487,0.03780422,0.0,0.0,0.0,0.0,0.0,0.0,0.0,0.0,0.0,0.0,0.0,0.0,0.0,0.011340771,0.02667307,99.0,99.0,99.0,99.0,99.0,99.0,99.0,99.0,99.0,99.0,99.0,99.0,99.0,99.0,99.0,0.0,954
569000068,569000068,569000067,569000054,43000000003934,43000000003934,569000000,-1,-1,0,43,0.8276991,1.032788,2017,25.301285,14.340493,11.737087,8081,2,1,1,164.2168,206.72145,163.97198,26,1.032788,0.026921785,40.618477,50.83217,0.037423916,0.0,0.0,0.0065507246,0.0,0.0,0.0,0.0,0.0,0.0,0.0,0.0,0.0,39.81028,0.014213006,0.010100041,99.0,99.0,99.0,99.0,99.0,99.0,99.0,99.0,99.0,99.0,99.0,99.0,99.0,99.0,99.0,0.0,65