galaxyID,lastProgenitorId,descendantId,haloID,subHaloID,fofID,treeId,firstProgenitorId,nextProgenitorId,type,snapnum,redshift,centralMvir,phkey,x,y,z,zIndex,ix,iy,iz,velX,velY,velZ,np,mvir,rvir,vvir,vmax,coldGas,stellarMass,bulgeMass,hotGas,ejectedMass,blackHoleMass,metalsColdGas,metalsStellarMass,metalsBulgeMass,metalsHotGas,metalsEjectedMass,sfr,sfrBulge,xrayLum,diskRadius,coolingRadius,mag_b,mag_v,mag_r,mag_i,mag_k,mag_bBulge,mag_vBulge,mag_rBulge,mag_iBulge,mag_kBulge,mag_bDust,mag_vDust,mag_rDust,mag_iDust,mag_kDust,massWeightedAge,random
631000000,631000037,-1,631000000,63000000001261,63000000001261,631000000,631000001,-1,0,63,0.0,6.4549255,446,2.170052,8.000319,15.261881,3372,0,0,1,-133.10005,45.29336,98.24785,141,6.4549255,0.06523443,65.234474,70.80141,0.36786917,0.07034749,0.0024195784,0.013655251,0.28496698,1.4742505E-4,0.0015391749,1.6085588E-4,1.8475002E-6,4.7025176E-5,0.0012758846,0.04687785,0.0,40.340115,0.02508085,0.032112565,-17.016848,-17.536339,-18.059078,-18.495651,-19.651827,-12.725524,-13.382076,-13.966902,-14.412344,-15.466561,-17.014587,-17.534542,-18.057652,-18.494621,-19.65153,6.5242796,111
631000001,631000037,631000000,631000001,62000000001424,62000000001424,631000000,631000002,-1,0,62,0.019932542,6.36886,446,2.1908224,7.993468,15.229826,3372,0,0,1,-134.66772,52.790237,100.99854,113,6.36886,0.064616404,65.10726,68.54321,0.37133488,0.06983362,0.0024195784,0.0,0.2863444,1.4742503E-4,0.0015266528,1.5872555E-4,1.8475002E-6,0.0,0.0013104442,0.0647072,0.0,0.0,0.023945248,0.064616404,-17.108923,-17.605288,-18.117077,-18.548094,-19.705126,-12.759017,-13.413075,-13.996473,-14.44073,-15.492965,-17.10628,-17.603313,-18.11556,-18.547014,-19.704819,6.3078885,350
631000002,631000037,631000001,631000002,61000000001440,61000000001440,631000000,631000003,-1,0,61,0.041403063,6.540991,446,2.2277842,7.9797306,15.23023,3372,0,0,1,-137.07188,53.526768,101.04261,113,6.540991,0.064831264,65.871796,68.284805,0.37541533,0.069090895,0.0024195784,0.033189505,0.27713716,1.4742486E-4,0.0015048396,1.557132E-4,1.8475002E-6,6.10213E-5,0.0012439227,0.075557426,0.0,40.943764,0.022848,0.041443475,-17.143707,-17.628803,-18.134193,-18.559238,-19.707663,-12.793854,-13.445079,-14.026762,-14.469567,-15.519639,-17.140888,-17.626667,-18.132542,-18.558058,-19.707325,6.0983353,322
631000003,631000037,631000002,631000003,60000000001433,60000000001433,631000000,631000004,-1,0,60,0.064493395,6.196728,446,2.2616317,7.9621696,15.208147,3372,0,0,1,-139.33565,53.456318,100.62311,114,6.196728,0.063283384,64.894264,67.64862,0.31074527,0.06818591,0.0024195784,0.063614726,0.26013005,1.4742457E-4,0.0013311382,1.5213173E-4,1.8475002E-6,1.402301E-4,0.0012941043,0.011091506,0.0,41.48808,0.02392672,0.06231114,-16.829975,-17.434528,-17.993534,-18.44367,-19.619589,-12.831026,-13.478982,-14.058647,-14.499817,-15.547756,-16.828028,-17.432941,-17.992258,-18.442743,-19.619316,5.8896337,969
631000004,631000037,631000003,631000004,59000000001328,59000000001328,631000000,631000005,-1,0,59,0.08928783,5.594269,446,2.2944047,7.947395,15.186253,3372,0,0,1,-139.66364,50.928288,97.577324,135,5.594269,0.060749736,62.931698,67.098625,0.30753937,0.06804777,0.0024195784,0.0013779845,0.28365478,1.4742414E-4,0.0013187006,1.5153909E-4,1.8475002E-6,6.9565895E-6,0.0014326276,0.009744689,0.0,0.0,0.024715912,0.011967637,-16.949995,-17.522556,-18.06438,-18.50704,-19.674562,-12.870982,-13.515266,-14.09268,-14.53209,-15.578396,-16.948174,-17.521076,-18.06319,-18.506176,-19.674309,5.6019845,932
631000005,631000037,631000004,631000005,58000000001386,58000000001386,631000000,631000006,-1,0,58,0.11588337,5.2500057,446,2.3318124,7.9308023,15.1618185,3372,0,0,1,-137.21165,52.712936,94.72039,118,5.2500057,0.059035726,61.84326,66.20431,0.30843762,0.067921974,0.0024195784,0.0,0.31149215,1.4742414E-4,0.0013159221,1.5100109E-4,1.8475002E-6,0.0,0.0015733422,0.11779084,0.0,0.0,0.017496552,0.059035726,-17.420996,-17.845001,-18.312529,-18.716478,-19.836376,-12.914318,-13.554642,-14.129622,-14.567274,-15.612885,-17.415926,-17.841188,-18.309593,-18.714376,-19.835756,5.3018136,985
631000006,631000037,631000005,631000006,57000000001460,57000000001460,631000000,631000007,-1,0,57,0.14438343,5.8524656,446,2.3626082,7.9173465,15.132848,3372,0,0,1,-136.91774,54.45423,95.54739,112,5.8524656,0.060713284,64.3869,66.275665,0.31965724,0.0663507,0.0024195784,0.0,0.30165583,1.4742414E-4,0.0012796574,1.4451567E-4,1.8475002E-6,0.0,0.0015313375,0.11004995,0.0,0.0,0.018265571,0.060713284,-17.338793,-17.782461,-18.261652,-18.670506,-19.796743,-12.961742,-13.597944,-14.170378,-14.606384,-15.652899,-17.335379,-17.77978,-18.259535,-18.668976,-19.796293,5.1029143,27
631000007,631000037,631000006,631000007,56000000001517,56000000001517,631000000,631000008,-1,0,56,0.17489761,5.9385314,446,2.400875,7.904707,15.106407,3372,0,0,1,-144.80437,57.71655,97.578865,104,5.9385314,0.06046287,64.99278,66.85276,0.3304548,0.06483852,0.0024195784,4.7618494E-4,0.29197955,1.4742414E-4,0.0012420126,1.3865741E-4,1.8475002E-6,2.4872645E-6,0.0014910463,0.041495197,0.0,0.0,0.02305046,0.006795936,-17.035427,-17.576138,-18.103563,-18.535587,-19.689207,-13.013695,-13.645593,-14.215299,-14.649856,-15.699008,-17.033371,-17.574575,-18.102345,-18.53471,-19.68895,4.88778,874
631000008,631000037,631000007,631000008,55000000001541,55000000001541,631000000,631000009,-1,0,55,0.20754863,5.2500057,446,2.4385877,7.896682,15.078284,3372,0,0,1,-144.34306,58.47894,96.28396,101,5.2500057,0.057459157,62.68595,65.0495,0.33463606,0.064252935,0.0024195784,0.0,0.2942637,1.4742414E-4,0.0012267205,1.3648505E-4,1.8475002E-6,0.0,0.0015046542,0.05149634,0.0,0.0,0.02312698,0.057459157,-17.111439,-17.637497,-18.157331,-18.585508,-19.735035,-13.0687065,-13.695765,-14.262301,-14.695333,-15.74743,-17.108822,-17.635626,-18.155918,-18.584501,-19.734734,4.5916033,379
631000009,631000037,631000008,631000009,54000000001352,54000000001352,631000000,631000010,-1,0,54,0.24246909,5.0778747,446,2.4803584,7.8584776,15.049501,3372,0,0,1,-142.18867,56.768135,94.985794,119,5.0778747,0.05621211,62.32984,63.993996,0.33994964,0.06350877,0.0024195784,0.0,0.28791752,1.4742414E-4,0.0012067345,1.338025E-4,1.8475002E-6,0.0,0.0014708875,0.061903216,0.0,0.0,0.022766247,0.05621211,-17.166718,-17.690151,-18.208626,-18.635883,-19.786543,-13.129209,-13.751052,-14.313927,-14.745271,-15.800325,-17.164295,-17.688362,-18.207249,-18.634895,-19.786247,4.296048,582
631000010,631000037,631000009,631000010,53000000001401,53000000001401,631000000,631000011,-1,0,53,0.2798018,5.4221373,446,2.5306497,7.848952,15.0202875,3372,0,0,1,-144.15475,56.92921,93.247154,117,5.4221373,0.056777347,64.08666,66.288704,0.34647098,0.062595494,0.0024195784,0.0,0.27843887,1.4742414E-4,0.0011813734,1.3062786E-4,1.8475002E-6,0.0,0.0014187633,0.019753316,0.0,0.0,0.026365941,0.056777347,-17.017977,-17.61081,-18.156717,-18.59357,-19.75202,-13.196519,-13.8122835,-14.370454,-14.799282,-15.85757,-17.016735,-17.609829,-18.155937,-18.593004,-19.751854,4.001537,375
631000011,631000037,631000010,631000011,52000000001507,52000000001507,631000000,631000012,-1,0,52,0.31970343,4.5614805,446,2.5686717,7.8294883,14.958138,3372,0,0,1,-153.24323,59.897953,92.66456,101,4.5614805,0.052907795,60.892395,61.917923,0.3478458,0.062298827,0.0024195784,0.0016356567,0.25538835,1.4742406E-4,0.0011705022,1.2962338E-4,1.8475002E-6,8.327211E-6,0.0013096875,0.009638609,0.0,0.0,0.02882691,0.013476897,-17.119886,-17.714493,-18.258228,-18.692945,-19.856739,-13.271014,-13.880221,-14.432982,-14.8587265,-15.919925,-17.118933,-17.713713,-18.2576,-18.69249,-19.856606,3.6587942,945
631000012,631000037,631000011,631000012,51000000001498,51000000001498,631000000,631000013,-1,0,51,0.36234027,5.8524656,451,2.6492267,7.7998333,14.945682,2494,0,0,1,-148.96425,63.178684,90.7961,103,5.8524656,0.056681924,66.63726,69.3455,0.3488947,0.062151928,0.0024195784,0.0,0.28943396,1.4742406E-4,0.0011662892,1.291308E-4,1.8475002E-6,1.6940659E-21,0.0014846273,0.0917703,0.0,0.0,0.020646347,0.056681924,-17.49109,-17.98162,-18.476582,-18.886469,-20.019163,-13.355933,-13.958739,-14.505894,-14.928353,-15.991897,-17.487627,-17.9792,-18.47477,-18.885176,-20.018759,3.3007286,963
631000013,631000037,631000012,631000013,50000000001549,50000000001549,631000000,631000014,-1,0,50,0.40789944,5.8524656,451,2.7148788,7.7730007,14.9037075,2494,0,0,1,-148.13004,64.43441,89.7954,100,5.8524656,0.055813007,67.15397,68.23732,0.35890007,0.060736775,0.0024195784,0.009088582,0.27351627,1.4742403E-4,0.0011241621,1.245572E-4,1.8475002E-6,2.4626821E-5,0.0014324319,0.049525272,0.0,40.018562,0.021481922,0.022036374,-17.446135,-17.952766,-18.452272,-18.859411,-19.978983,-13.450044,-14.044654,-14.585081,-15.003331,-16.066158,-17.44406,-17.951218,-18.451073,-18.858547,-19.978722,3.002642,238
631000014,631000037,631000013,631000014,49000000001565,49000000001565,631000000,631000015,-1,0,49,0.45657724,5.4221373,451,2.7557383,7.7369685,14.877177,2494,0,0,1,-150.3623,63.267387,86.704834,98,5.4221373,0.05350287,66.018654,69.835434,0.31472686,0.059966486,0.0024195784,4.875111E-4,0.28217772,1.4742365E-4,9.620591E-4,1.22172E-4,1.8475002E-6,2.604531E-6,0.0015784008,0.059429534,0.0,0.0,0.02055464,0.0068396474,-17.521805,-18.03586,-18.537922,-18.947577,-20.068748,-13.5553665,-14.140077,-14.673333,-15.087104,-16.146852,-17.51993,-18.034441,-18.536814,-18.94678,-20.068508,2.6654181,64
631000015,631000037,631000014,631000015,48000000001540,48000000001540,631000000,631000016,-1,0,48,0.5085914,5.1639404,451,2.839657,7.7284565,14.822254,2494,0,0,1,-150.04709,65.4108,85.03298,100,5.1639404,0.051687043,65.54955,68.533325,0.32136303,0.059037097,0.0024195784,5.2380207E-4,0.28432214,1.4742365E-4,9.329357E-4,1.1940629E-4,1.8475002E-6,2.815321E-6,0.0016033186,0.059823245,0.0,0.0,0.02105148,0.0071537145,-17.642149,-18.131205,-18.615864,-19.012274,-20.112482,-13.679516,-14.250458,-14.775243,-15.183797,-16.23822,-17.639975,-18.129627,-18.614656,-19.011408,-20.112217,2.328529,528
631000016,631000037,631000015,631000016,47000000001580,47000000001580,631000000,631000017,-1,0,47,0.5641766,5.1639404,451,2.8996725,7.6925507,14.800335,2494,0,0,1,-148.81564,66.21943,84.41315,95,5.1639404,0.050673835,66.20163,66.90184,0.32805744,0.05809946,0.0024195784,0.001792023,0.28721294,1.4742365E-4,9.0252643E-4,1.167593E-4,1.8475002E-6,9.965873E-6,0.0016335159,0.025993152,0.0,38.69285,0.0237798,0.01338449,-17.92406,-18.45219,-18.960487,-19.37507,-20.563427,-13.83148,-14.384458,-14.899353,-15.302448,-16.354656,-17.923086,-18.451391,-18.95984,-19.374601,-20.56329,1.9863379,953
631000017,631000037,631000016,631000017,46000000001627,46000000001627,631000000,631000018,-1,0,46,0.6235901,5.508203,451,2.9573956,7.6647863,14.745567,2495,0,0,1,-146.04697,66.58282,78.10793,97,5.508203,0.05067909,68.3692,69.87302,0.3309375,0.05769247,0.0024195784,0.0016356709,0.32283077,1.4742365E-4,8.888616E-4,1.1565359E-4,1.8475002E-6,8.994498E-6,0.001838848,0.047326464,0.0,38.607178,0.021882795,0.012368511,-18.156757,-18.544949,-18.94953,-19.292448,-20.275024,-14.019804,-14.541758,-15.037302,-15.42763,-16.457327,-18.155464,-18.543919,-18.94871,-19.291853,-20.274847,1.622712,171
631000018,631000037,631000017,631000018,45000000001686,45000000001686,631000000,631000019,-1,0,45,0.6871088,6.024597,451,3.022944,7.6574655,14.706842,2495,0,0,1,-146.00397,66.087654,76.46143,89,6.024597,0.051023748,71.26032,71.151024,0.33608022,0.056954693,0.0024195784,0.010483777,0.3521468,1.4742362E-4,8.6299446E-4,1.1371735E-4,1.8475002E-6,1.7558688E-5,0.0019984937,0.003375731,0.0,43.612827,0.020233892,0.05544558,-18.611158,-18.8888,-19.223484,-19.54373,-20.493732,-14.262998,-14.735274,-15.2004795,-15.573389,-16.56959,-18.609926,-18.887794,-19.222677,-19.543142,-20.49356,1.2666181,568
631000019,631000037,631000018,631000019,44000000001611,44000000001611,631000000,631000020,-1,0,44,0.75503564,4.905743,451,3.1107,7.6297593,14.668446,2495,0,0,1,-142.26628,70.358955,69.333435,93,4.905743,0.046477437,67.37539,69.66951,0.07699851,0.056902476,0.0024195784,0.023018528,0.42514494,1.4742269E-4,4.033697E-4,1.13583694E-4,1.8475002E-6,4.9506907E-5,0.0024235554,2.6778033,0.007291713,40.61341,0.02388713,0.026243594,-19.707474,-19.819063,-20.07361,-20.395924,-21.365225,-14.643122,-15.02798,-15.442363,-15.792064,-16.741917,-19.706827,-19.818531,-20.073183,-20.395613,-21.365135,0.8960277,606
631000020,631000029,631000019,631000020,43000000001585,43000000001585,631000000,631000021,631000030,0,43,0.8276991,3.9590209,451,3.184656,7.6132092,14.631305,2491,0,0,1,-139.98817,70.851456,65.52976,93,3.9590209,0.042133678,63.569557,67.04492,0.23614004,0.013635728,0.0,0.027831523,0.08708259,0.0,5.9044885E-4,2.1741625E-5,0.0,3.305933E-5,7.83629E-5,0.0,0.0,41.354275,0.025472682,0.033610374,-15.562007,-16.166328,-16.708088,-17.131842,-18.25163,99.0,99.0,99.0,99.0,99.0,-15.561472,-16.165888,-16.707731,-17.131582,-18.251554,2.7249835,197
631000021,631000029,631000020,631000021,42000000001612,42000000001612,631000000,631000022,-1,0,42,0.9054624,4.131152,451,3.257051,7.5699296,14.613378,2491,0,0,1,-142.80922,72.07642,64.4374,89,4.131152,0.041534662,65.40338,70.474205,0.21980117,0.013635728,0.0,0.06759309,0.09502948,0.0,5.780637E-4,2.1741625E-5,0.0,3.5466473E-5,8.661142E-5,0.0,0.0,41.800194,0.02553826,0.03594952,-15.695392,-16.27998,-16.810583,-17.22741,-18.333382,99.0,99.0,99.0,99.0,99.0,-15.694897,-16.279572,-16.810253,-17.227169,-18.333311,2.362734,680
631000022,631000029,631000021,631000022,41000000001505,41000000001505,631000000,631000023,-1,0,41,0.98870814,4.131152,451,3.338241,7.527464,14.56875,2491,0,0,1,-141.03302,73.39644,59.55673,91,4.131152,0.040291194,66.40496,70.24725,0.1905426,0.013635728,0.0,0.09327993,0.10323081,0.0,5.653711E-4,2.1741625E-5,0.0,3.212461E-5,1.00708436E-4,0.0,0.0,41.965126,0.025487393,0.0352138,-15.884952,-16.44641,-16.965925,-17.376747,-18.477901,99.0,99.0,99.0,99.0,99.0,-15.884372,-16.445932,-16.965538,-17.376467,-18.47782,2.0070364,267
631000023,631000029,631000022,631000023,40000000001497,40000000001497,631000000,631000024,-1,0,40,1.0778745,3.7868896,451,3.3777978,7.4662857,14.562972,2491,0,0,1,-144.56267,70.55547,56.176426,86,3.7868896,0.037894797,65.557365,68.784065,0.1632352,0.013635728,0.0,0.06315685,0.11110916,0.0,5.559944E-4,2.1741625E-5,0.0,2.1072552E-5,1.1908009E-4,0.0,0.0,41.732075,0.018066911,0.028806621,-16.137676,-16.668333,-17.173174,-17.57725,-18.69456,99.0,99.0,99.0,99.0,99.0,-16.136528,-16.667387,-17.17241,-17.576693,-18.694395,1.6589494,778
631000024,631000029,631000023,631000024,39000000001517,39000000001517,631000000,631000025,-1,0,39,1.173417,2.840167,451,3.4524677,7.4192653,14.493726,2491,0,0,1,-146.70164,71.060486,49.885418,84,2.840167,0.033270594,60.59149,63.775467,0.15448461,0.013635728,0.0,1.8369211E-4,0.11696491,0.0,5.530207E-4,2.1741625E-5,0.0,2.1393828E-7,1.409016E-4,0.0,0.0,38.171562,0.02171191,0.0027314534,-16.425892,-16.902502,-17.368965,-17.745998,-18.806711,99.0,99.0,99.0,99.0,99.0,-16.425018,-16.901783,-17.368383,-17.745575,-18.80659,1.319545,157
631000025,631000029,631000024,631000025,38000000001725,38000000001725,631000000,631000026,-1,0,38,1.2758462,2.4959044,451,3.6231892,7.449347,14.491316,2491,0,0,1,-141.73076,70.737,39.96159,64,2.4959044,0.030735644,59.09664,58.319027,0.15448286,0.013635728,0.0,0.0,0.11549844,0.0,5.5301853E-4,2.1741625E-5,0.0,0.0,1.4076507E-4,0.0,0.0,0.0,0.028601473,0.030735644,-16.751284,-17.134611,-17.532322,-17.863516,-18.796482,99.0,99.0,99.0,99.0,99.0,-16.75078,-17.134195,-17.531986,-17.863272,-18.79641,0.9897477,309
631000026,631000029,631000025,631000026,37000000002923,37000000002923,631000000,631000027,-1,0,37,1.3857181,1.8073791,451,3.569394,7.349076,14.422097,2491,0,0,1,-130.93018,72.34495,57.57387,37,1.8073791,0.026568452,54.089314,57.059875,0.15367976,0.013635728,0.0,0.0,0.110671975,0.0,5.5279525E-4,2.1741625E-5,0.0,0.0,1.4313319E-4,0.057642393,0.0,0.0,0.011372954,0.026568452,-17.321573,-17.56741,-17.879255,-18.17176,-19.043913,99.0,99.0,99.0,99.0,99.0,-17.317556,-17.564224,-17.876728,-18.169926,-19.043362,0.6703907,177
631000027,631000029,631000026,631000027,36000000003984,36000000003984,631000000,631000028,-1,0,36,1.5036365,1.4631164,451,3.622361,7.3225846,14.388253,2491,0,0,1,-138.70299,54.91823,41.67491,25,1.4631164,0.02379017,51.429302,53.17095,0.15895781,0.012896545,0.0,0.0,0.10613315,0.0,5.3223956E-4,1.9179792E-5,0.0,1.6940659E-21,1.2734614E-4,0.44442108,0.0,0.0,0.005160725,0.02379017,-17.961763,-18.088413,-18.327757,-18.580404,-19.41475,99.0,99.0,99.0,99.0,99.0,-17.9481,-18.077147,-18.31864,-18.573774,-19.412811,0.39160052,530
631000028,631000029,631000027,631000028,34000000002932,34000000002932,631000000,631000029,-1,0,34,1.766336,0.516394,451,3.757956,7.1112432,14.324193,2491,0,0,1,-134.71658,70.25049,36.200794,33,0.516394,0.015432505,37.9352,41.351013,0.2356175,0.002160412,0.0,0.0,0.040209517,0.0,1.10226916E-4,4.8407253E-7,0.0,0.0,2.994937E-6,0.13434531,0.0,0.0,0.012864072,0.015432505,-16.501324,-16.477598,-16.616833,-16.779306,-17.290993,99.0,99.0,99.0,99.0,99.0,-16.501125,-16.477444,-16.61671,-16.77922,-17.290968,0.1869668,432
631000029,631000029,631000028,631000029,33000000003356,33000000003356,631000000,-1,-1,0,33,1.9126327,2.581971,451,3.8625615,7.1742253,14.3576355,2491,0,0,1,-145.33852,59.258503,29.397816,30,2.581971,0.025214056,66.36274,49.63777,0.21516539,6.425746E-4,0.0,0.044711392,0.03127902,0.0,3.3414883E-5,3.9811926E-8,0.0,2.5095744E-7,1.1406781E-7,0.059708018,0.0,41.488262,0.008928251,0.011859001,-16.06576,-15.843802,-15.808042,-15.731863,-15.594899,99.0,99.0,99.0,99.0,99.0,-16.065672,-15.843731,-15.807983,-15.73182,-15.594885,0.032501854,522
631000030,631000037,631000019,631000020,43000000001585,43000000001585,631000000,631000031,-1,2,43,0.8276991,3.9590209,451,3.1782353,7.584047,14.588186,2491,0,0,1,-199.62332,18.134468,90.68825,25,1.549182,0.025237752,51.380207,54.149437,0.0721099,0.002308047,0.0,0.0,0.0,0.0,1.0933295E-4,1.6741682E-6,0.0,0.0,0.0,0.012893158,0.0,40.83424,0.0068816324,0.016398236,-15.015099,-15.297099,-15.650939,-15.959683,-16.834833,99.0,99.0,99.0,99.0,99.0,-15.013971,-15.296211,-15.650237,-15.959177,-16.834684,1.3263137,699
631000031,631000037,631000030,631000021,42000000001612,42000000001612,631000000,631000032,-1,2,42,0.9054624,4.131152,451,3.2768233,7.575484,14.547361,2491,0,0,1,-187.36995,17.682009,70.43075,25,1.549182,0.025237752,51.380207,54.149437,0.07349757,0.002113705,0.0,0.0,0.0,0.0,1.0111422E-4,1.3938843E-6,0.0,0.0,0.0,0.016481834,0.0,40.83424,0.0068816324,0.016398236,-15.14186,-15.378261,-15.697263,-15.9815235,-16.793709,99.0,99.0,99.0,99.0,99.0,-15.1402235,-15.377073,-15.696367,-15.980892,-16.793518,1.0686704,693
631000032,631000037,631000031,631000022,41000000001505,41000000001505,631000000,631000033,-1,2,41,0.98870814,4.131152,451,3.3637443,7.563837,14.516005,2491,0,0,1,-142.4631,30.711195,49.707447,25,1.549182,0.025237752,51.380207,54.149437,0.0752394,0.0018697648,0.0,0.0,0.0,0.0,9.052612E-5,1.0804716E-6,0.0,0.0,0.0,0.020966182,0.0,40.83424,0.0068816324,0.016398236,-15.264683,-15.452502,-15.732889,-15.990086,-16.729002,99.0,99.0,99.0,99.0,99.0,-15.263906,-15.451871,-15.732383,-15.989718,-16.728895,0.8282565,163
631000033,631000037,631000032,631000023,40000000001497,40000000001497,631000000,631000034,-1,2,40,1.0778745,3.7868896,451,3.428222,7.543837,14.4996195,2491,0,0,1,-118.7853,43.262997,22.32107,25,1.549182,0.025237752,51.380207,54.149437,0.07740773,0.0015660932,0.0,0.0,0.0,0.0,7.6932476E-5,7.4862925E-7,0.0,0.0,0.0,0.02652068,0.0,40.83424,0.0068816324,0.016398236,-15.353043,-15.471957,-15.696779,-15.918636,-16.570671,99.0,99.0,99.0,99.0,99.0,-15.352179,-15.471295,-15.696263,-15.918269,-16.570562,0.6056887,897
631000034,631000037,631000033,631000024,39000000001517,39000000001517,631000000,631000035,-1,2,39,1.173417,2.840167,451,3.4994996,7.520414,14.48618,2491,0,0,1,-152.70692,45.769505,32.786983,25,1.549182,0.025237752,51.380207,54.149437,0.08008211,0.0011915512,0.0,0.0,0.0,0.0,5.955334E-5,4.25861E-7,0.0,0.0,0.0,0.033335287,0.0,40.83424,0.0068816324,0.016398236,-15.372257,-15.431876,-15.617086,-15.814754,-16.403608,99.0,99.0,99.0,99.0,99.0,-15.371657,-15.431417,-15.61673,-15.814502,-16.403536,0.40127024,30
631000035,631000037,631000034,631000025,38000000001725,38000000001725,631000000,631000036,-1,2,38,1.2758462,2.4959044,451,3.595492,7.487747,14.472381,2491,0,0,1,-192.38042,72.638054,14.968693,25,1.549182,0.025237752,51.380207,54.149437,0.083348505,7.3409546E-4,0.0,0.0,0.0,0.0,3.7439033E-5,1.5685369E-7,0.0,0.0,0.0,0.04161205,0.0,40.83424,0.0068816324,0.016398236,-15.22922,-15.216774,-15.362332,-15.53132,-16.055248,99.0,99.0,99.0,99.0,99.0,-15.228939,-15.21656,-15.362168,-15.531207,-16.055216,0.2149172,6
631000036,631000037,631000035,631000030,37000000003362,37000000003362,631000000,631000037,-1,0,37,1.3857181,1.549182,451,3.7134097,7.440555,14.477307,2491,0,0,1,-172.88582,77.44641,-17.625927,25,1.549182,0.025237752,51.380207,54.149437,0.08729684,1.8113588E-4,0.0,0.014862731,0.015374117,0.0,9.455599E-6,8.169933E-9,0.0,4.2349985E-8,2.7349556E-8,0.014125189,0.0,40.83424,0.0068816324,0.016398236,-14.491491,-14.300122,-14.28711,-14.250445,-14.217154,99.0,99.0,99.0,99.0,99.0,-14.491443,-14.300084,-14.28708,-14.250423,-14.217146,0.04649656,197
631000037,631000037,631000036,631000031,36000000003301,36000000003301,631000000,-1,-1,0,36,1.5036365,0.60245967,451,3.8136702,7.426087,14.473389,2491,0,0,1,-165.54436,77.006805,-15.408971,25,0.60245967,0.01769894,38.261353,43.43378,0.018103177,0.0,0.0,9.5279794E-4,0.0,0.0,0.0,0.0,0.0,0.0,0.0,0.0,0.0,42.50122,0.0057952935,0.017925575,99.0,99.0,99.0,99.0,99.0,99.0,99.0,99.0,99.0,99.0,99.0,99.0,99.0,99.0,99.0,0.0,845
631000038,631000051,-1,631000000,63000000001261,63000000001261,631000000,631000039,-1,2,63,0.0,6.4549255,446,2.2540224,8.113077,15.285271,3372,0,0,1,-103.16056,28.80921,76.031586,21,1.3770508,0.035492316,40.848656,56.092976,0.013667183,0.006798434,0.0,0.0,0.0,0.0,1.5166847E-4,2.7956143E-5,0.0,0.0,0.0,9.747894E-5,0.0,0.0,0.0017596588,0.035492316,-14.399308,-15.076671,-15.667675,-16.141321,-17.404207,99.0,99.0,99.0,99.0,99.0,-14.335489,-15.024038,-15.625054,-16.110281,-17.39511,3.480028,669
631000039,631000051,631000038,631000001,62000000001424,62000000001424,631000000,631000040,-1,2,62,0.019932542,6.36886,446,2.2736373,8.107448,15.271289,3372,0,0,1,-96.33715,26.339262,67.60993,21,1.3770508,0.035492316,40.848656,56.092976,0.013674813,0.0067973644,0.0,0.0,0.0,0.0,1.5169686E-4,2.7944288E-5,0.0,0.0,0.0,1.7422528E-4,0.0,0.0,0.0017596588,0.035492316,-14.4915085,-15.160813,-15.745015,-16.211796,-17.470547,99.0,99.0,99.0,99.0,99.0,-14.426955,-15.10779,-15.702135,-16.180574,-17.461386,3.2171233,139
631000040,631000051,631000039,631000002,61000000001440,61000000001440,631000000,631000041,-1,2,61,0.041403063,6.540991,446,2.295571,8.101433,15.257863,3372,0,0,1,-111.73702,30.017902,61.126484,21,1.3770508,0.035492316,40.848656,56.092976,0.013689091,0.006795364,0.0,0.0,0.0,0.0,1.5175E-4,2.792211E-5,0.0,0.0,0.0,3.1983264E-4,0.0,0.0,0.0017596588,0.035492316,-14.608729,-15.269098,-15.846779,-16.307508,-17.564173,99.0,99.0,99.0,99.0,99.0,-14.542693,-15.215258,-15.803335,-16.275871,-17.554848,2.9421678,442
631000041,631000051,631000040,631000003,60000000001433,60000000001433,631000000,631000042,-1,2,60,0.064493395,6.196728,446,2.322731,8.095446,15.243491,3372,0,0,1,-127.494415,24.940027,66.33636,21,1.3770508,0.035492316,40.848656,56.092976,0.013716451,0.006791533,0.0,0.0,0.0,0.0,1.5185139E-4,2.7879674E-5,0.0,0.0,0.0,6.022936E-4,0.0,0.0,0.0017596588,0.035492316,-14.739896,-15.382572,-15.94945,-16.402525,-17.650862,99.0,99.0,99.0,99.0,99.0,-14.675007,-15.329317,-15.906388,-16.371166,-17.641653,2.6558847,401
631000042,631000051,631000041,631000004,59000000001328,59000000001328,631000000,631000043,-1,2,59,0.08928783,5.594269,446,2.355627,8.089067,15.227295,3372,0,0,1,-148.62654,27.397032,72.601845,21,1.3770508,0.035492316,40.848656,56.092976,0.013770013,0.006784032,0.0,0.0,0.0,0.0,1.5204884E-4,2.7796741E-5,0.0,0.0,0.0,0.001162191,0.0,0.0,0.0017596588,0.035492316,-14.88392,-15.496502,-16.046064,-16.487883,-17.72291,99.0,99.0,99.0,99.0,99.0,-14.818457,-15.44286,-16.002705,-16.4563,-17.71362,2.3593225,351
631000043,631000051,631000042,631000005,58000000001386,58000000001386,631000000,631000044,-1,2,58,0.11588337,5.2500057,446,2.396224,8.084631,15.207774,3372,0,0,1,-158.24721,2.7275035,79.90216,21,1.3770508,0.035492316,40.848656,56.092976,0.013877143,0.00676903,0.0,0.0,0.0,0.0,1.5243921E-4,2.7631526E-5,0.0,0.0,0.0,0.0022952366,0.0,0.0,0.0017596588,0.035492316,-15.067265,-15.646888,-16.178596,-16.60942,-17.833029,99.0,99.0,99.0,99.0,99.0,-15.00114,-15.592728,-16.134819,-16.577522,-17.823631,2.053916,817
631000044,631000051,631000043,631000006,57000000001460,57000000001460,631000000,631000045,-1,2,57,0.14438343,5.8524656,446,2.4367435,8.084397,15.1847,3372,0,0,1,-139.39151,2.3827183,90.27611,21,1.3770508,0.035492316,40.848656,56.092976,0.014095765,0.0067384117,0.0,0.0,0.0,0.0,1.5321713E-4,2.7297052E-5,0.0,0.0,0.0,0.0046327584,0.0,0.0,0.0017596588,0.035492316,-15.316035,-15.850908,-16.359383,-16.778133,-17.989473,99.0,99.0,99.0,99.0,99.0,-15.24763,-15.79516,-16.314371,-16.745304,-17.979736,1.7418487,415
631000045,631000051,631000044,631000007,56000000001517,56000000001517,631000000,631000046,-1,2,56,0.17489761,5.9385314,446,2.474027,8.082278,15.158113,3372,0,0,1,-123.32942,13.616365,94.97484,21,1.3770508,0.035492316,40.848656,56.092976,0.014550304,0.006674754,0.0,0.0,0.0,0.0,1.5475594E-4,2.6612977E-5,0.0,0.0,0.0,0.009542213,0.0,0.0,0.0017596588,0.035492316,-15.611923,-16.085241,-16.560068,-16.961332,-18.157572,99.0,99.0,99.0,99.0,99.0,-15.540565,-16.027159,-16.513166,-16.927082,-18.147346,1.4264725,811
631000046,631000051,631000045,631000008,55000000001541,55000000001541,631000000,631000047,-1,2,55,0.20754863,5.2500057,446,2.5104823,8.076185,15.130676,3372,0,0,1,-118.65041,26.62739,84.2501,21,1.3770508,0.035492316,40.848656,56.092976,0.015511839,0.006540091,0.0,0.0,0.0,0.0,1.5767482E-4,2.5214433E-5,0.0,0.0,0.0,0.020023387,0.0,0.0,0.0017596588,0.035492316,-15.955555,-16.356503,-16.78629,-17.1589,-18.301693,99.0,99.0,99.0,99.0,99.0,-15.888102,-16.30181,-16.742132,-17.12656,-18.291878,1.1127774,303
631000047,631000051,631000046,631000009,54000000001352,54000000001352,631000000,631000048,-1,2,54,0.24246909,5.0778747,446,2.546363,8.064056,15.106393,3372,0,0,1,-110.027084,51.286777,75.591156,21,1.3770508,0.035492316,40.848656,56.092976,0.017577937,0.006250736,0.0,0.0,0.0,0.0,1.625127E-4,2.2415927E-5,0.0,0.0,0.0,0.042728312,0.0,0.0,0.0017596588,0.035492316,-16.316826,-16.607262,-16.959248,-17.279896,-18.293623,99.0,99.0,99.0,99.0,99.0,-16.242867,-16.547945,-16.911308,-17.244358,-18.281952,0.80796677,136
631000048,631000051,631000047,631000010,53000000001401,53000000001401,631000000,631000049,-1,2,53,0.2798018,5.4221373,446,2.5823288,8.043338,15.081534,3372,0,0,1,-103.71432,74.45187,71.11413,21,1.3770508,0.035492316,40.848656,56.092976,0.02207917,0.0056203417,0.0,0.0,0.0,0.0,1.6717905E-4,1.716266E-5,0.0,0.0,0.0,0.09254059,0.0,0.0,0.0017596588,0.035492316,-16.711416,-16.905573,-17.194254,-17.483337,-18.428022,99.0,99.0,99.0,99.0,99.0,-16.62002,-16.832787,-17.135227,-17.438744,-18.411291,0.5216354,922
631000049,631000051,631000048,631000032,52000000004100,52000000004100,631000000,631000050,-1,0,52,0.31970343,1.3770508,446,2.6144,8.015065,15.056156,3372,0,0,1,-104.31405,49.92626,86.992615,21,1.3770508,0.035492316,40.848656,56.092976,0.03200276,0.0042305514,0.0,0.0,0.03725101,0.0,1.5534954E-4,8.741792E-6,0.0,0.0,5.8569312E-5,0.20298305,0.0,0.0,0.0017596588,0.035492316,-17.070105,-17.194983,-17.440191,-17.70447,-18.581093,99.0,99.0,99.0,99.0,99.0,-16.998693,-17.13685,-17.392433,-17.667925,-18.566824,0.2651912,326
631000050,631000051,631000049,631000033,51000000004159,51000000004159,631000000,631000051,-1,0,51,0.36234027,1.4631164,446,2.6448545,7.9873466,15.027586,3372,0,0,1,-102.99764,53.26312,87.67251,21,1.4631164,0.035707373,41.97884,43.92476,0.054092076,0.0011369609,0.0,0.0,0.018255265,0.0,5.528725E-5,4.7090145E-7,0.0,0.0,4.0818986E-6,0.073729694,0.0,0.0,0.0021689513,0.035707373,-16.543661,-16.469307,-16.563665,-16.644463,-16.987898,99.0,99.0,99.0,99.0,99.0,-16.532408,-16.460314,-16.556417,-16.639006,-16.985832,0.05738475,350
631000051,631000051,631000050,631000034,50000000003759,50000000003759,631000000,-1,-1,0,50,0.40789944,1.032788,446,2.7095046,7.9907146,14.988382,3372,0,0,1,-98.21214,57.4315,88.71013,20,1.032788,0.0313059,37.667126,42.1831,0.0036188897,0.0,0.0,0.032285657,0.0,0.0,0.0,0.0,0.0,0.0,0.0,0.0,0.0,40.83183,0.0042006257,0.025531499,99.0,99.0,99.0,99.0,99.0,99.0,99.0,99.0,99.0,99.0,99.0,99.0,99.0,99.0,99.0,0.0,331