galaxyID,lastProgenitorId,descendantId,haloID,subHaloID,fofID,treeId,firstProgenitorId,nextProgenitorId,type,snapnum,redshift,centralMvir,phkey,x,y,z,zIndex,ix,iy,iz,velX,velY,velZ,np,mvir,rvir,vvir,vmax,coldGas,stellarMass,bulgeMass,hotGas,ejectedMass,blackHoleMass,metalsColdGas,metalsStellarMass,metalsBulgeMass,metalsHotGas,metalsEjectedMass,sfr,sfrBulge,xrayLum,diskRadius,coolingRadius,mag_b,mag_v,mag_r,mag_i,mag_k,mag_bBulge,mag_vBulge,mag_rBulge,mag_iBulge,mag_kBulge,mag_bDust,mag_vDust,mag_rDust,mag_iDust,mag_kDust,massWeightedAge,random
606000000,606000053,-1,606000000,63000000001236,63000000001236,606000000,606000001,-1,0,63,0.0,5.1639404,2610,24.566944,27.450975,19.83192,30593,2,3,2,185.33888,34.28396,117.95701,122,5.1639404,0.060558278,60.55832,65.83897,0.118541665,0.097063854,0.01660856,0.002262916,0.45853877,8.641095E-5,0.0013899468,4.603835E-4,6.981754E-5,1.1641493E-5,0.0023589372,0.0,0.0,39.117836,0.040928144,0.015958231,-17.95942,-18.473171,-18.958086,-19.37105,-20.58467,-14.6900215,-15.443258,-16.087902,-16.606157,-17.90825,-17.958303,-18.472263,-18.95736,-19.370525,-20.584517,4.22095,921
606000001,606000053,606000000,606000001,62000000001197,62000000001197,606000000,606000002,-1,0,62,0.019932542,5.4221373,2610,24.529219,27.44945,19.80904,30593,2,3,2,182.56215,21.226763,109.33628,94,5.4221373,0.061241485,61.706707,66.7334,0.11849236,0.097063854,0.01660856,0.0023086364,0.5060321,8.641095E-5,0.001389693,4.603835E-4,6.981754E-5,1.2092628E-5,0.0026032648,0.011599906,0.0,39.15611,0.009642021,0.01591587,-18.309555,-18.71586,-19.140793,-19.526989,-20.718018,-14.730063,-15.478739,-16.11972,-16.634611,-17.934134,-18.287947,-18.698526,-19.126986,-19.517017,-20.715092,3.957517,366
606000002,606000053,606000001,606000002,61000000001273,61000000001273,606000000,606000003,-1,0,61,0.041403063,5.8524656,2610,24.49604,27.438269,19.789576,30593,2,3,2,184.16917,24.9322,116.97089,98,5.8524656,0.062471647,63.4743,72.05951,0.11938825,0.0969307,0.01660856,0.0029701283,0.55324435,8.641095E-5,0.0013935274,4.588259E-4,6.981754E-5,1.5324355E-5,0.0028453593,2.6965048,7.92113E-6,39.40474,0.009813147,0.017542044,-18.891386,-19.179554,-19.535137,-19.888132,-21.005219,-14.772946,-15.515644,-16.152111,-16.662865,-17.95908,-18.871218,-19.163137,-19.52199,-19.878633,-21.00246,3.6869068,456
606000003,606000029,606000002,606000003,60000000001469,60000000001469,606000000,606000004,606000030,0,60,0.064493395,5.2500057,2610,24.446362,27.431139,19.76741,30593,2,3,2,185.09846,29.258,123.09914,97,5.2500057,0.05988097,61.405243,70.25323,0.25460765,0.048024673,0.0,0.0,0.4165379,0.0,0.0016408078,1.8443301E-4,0.0,0.0,8.5036445E-4,0.12008911,0.0,0.0,0.014416409,0.05988097,-17.209478,-17.622032,-18.084038,-18.488598,-19.665339,99.0,99.0,99.0,99.0,99.0,-17.201067,-17.61534,-18.078722,-18.484749,-19.66421,4.8286853,72
606000004,606000029,606000003,606000004,59000000001303,59000000001303,606000000,606000005,-1,0,59,0.08928783,5.0778747,2610,24.40505,27.424309,19.74138,30592,2,3,2,193.58687,46.63009,149.04082,132,5.0778747,0.058819853,60.9325,69.75742,0.26528132,0.04652902,0.0,0.0024432412,0.40734535,0.0,0.0016293322,1.7503357E-4,0.0,4.7588837E-6,7.9239294E-4,0.0,0.0,39.509964,0.04636065,0.012762786,-16.660465,-17.25437,-17.80154,-18.252775,-19.495834,99.0,99.0,99.0,99.0,99.0,-16.659744,-17.253775,-17.80106,-18.252424,-19.495733,4.6796865,553
606000005,606000029,606000004,606000005,58000000001539,58000000001539,606000000,606000006,-1,0,58,0.11588337,4.991809,2610,24.351435,27.41854,19.714945,30592,2,3,2,185.31084,35.6691,139.01678,96,4.991809,0.058051616,60.81235,67.69584,0.2651494,0.04652902,0.0,0.0,0.45919523,0.0,0.0016290755,1.7503357E-4,0.0,0.0,8.9325395E-4,0.10638695,0.0,0.0,0.015666882,0.058051616,-17.246319,-17.656359,-18.112356,-18.512838,-19.68259,99.0,99.0,99.0,99.0,99.0,-17.238264,-17.65007,-18.107403,-18.509256,-19.681526,4.3694344,320
606000006,606000029,606000005,606000006,57000000001549,57000000001549,606000000,606000007,-1,0,57,0.14438343,4.733612,2610,24.302114,27.41186,19.677597,30592,2,3,2,186.52573,39.343,146.70566,98,4.733612,0.056567676,59.99045,69.05997,0.27528274,0.045109857,0.0,1.9978067E-6,0.4504487,0.0,0.001615284,1.6652128E-4,0.0,5.6628786E-9,8.4058224E-4,0.079229236,0.0,0.0,0.017785398,0.056567676,-17.153702,-17.587282,-18.055212,-18.463,-19.642899,99.0,99.0,99.0,99.0,99.0,-17.14341,-17.58009,-18.04987,-18.459185,-19.641714,4.181167,552
606000007,606000029,606000006,606000007,56000000001490,56000000001490,606000000,606000008,-1,0,56,0.17489761,6.799188,2610,24.263805,27.40574,19.627577,30592,2,3,2,189.49081,42.126404,154.97266,106,6.799188,0.063253045,67.992,69.13707,0.28305626,0.044021178,0.0,0.0,0.443717,0.0,0.0016028259,1.6025102E-4,0.0,0.0,8.015918E-4,0.13435532,0.0,0.0,0.014978424,0.063253045,-17.34377,-17.72449,-18.164417,-18.556185,-19.71027,99.0,99.0,99.0,99.0,99.0,-17.335823,-17.718246,-18.159487,-18.552612,-19.709198,3.9501882,320
606000008,606000029,606000007,606000008,55000000001580,55000000001580,606000000,606000009,-1,0,55,0.20754863,6.7131224,2610,24.216436,27.399645,19.577023,30592,2,3,2,189.28348,47.42671,166.87108,97,6.7131224,0.062365945,68.039085,71.71345,0.2964597,0.042125124,0.0,0.0070531345,0.4146727,0.0,0.0015771225,1.4985917E-4,0.0,2.5335214E-5,7.119139E-4,0.083939224,0.0,40.40851,0.01769109,0.024611516,-17.131638,-17.566744,-18.036678,-18.444723,-19.620794,99.0,99.0,99.0,99.0,99.0,-17.122663,-17.560448,-18.031982,-18.44136,-19.619734,3.781021,793
606000009,606000029,606000008,606000009,54000000001484,54000000001484,606000000,606000010,-1,0,54,0.24246909,6.885254,2573,24.1541,27.366562,19.505848,30372,2,3,2,192.32281,50.515083,174.9064,103,6.885254,0.06221702,68.98828,74.60787,0.30187508,0.040912133,0.0,0.033418223,0.41527197,0.0,0.0015510307,1.4353087E-4,0.0,5.0617564E-5,6.542241E-4,0.09499575,0.0,41.201096,0.017345406,0.03690173,-17.176588,-17.603674,-18.068945,-18.472849,-19.643068,99.0,99.0,99.0,99.0,99.0,-17.170399,-17.59898,-18.065296,-18.470213,-19.642263,3.5406156,509
606000010,606000029,606000009,606000010,53000000001552,53000000001552,606000000,606000011,-1,0,53,0.2798018,6.7131224,2573,24.100693,27.357027,19.465017,30372,2,3,2,192.23833,54.775753,183.61488,98,6.7131224,0.06096676,68.81541,70.90552,0.30890906,0.039510604,0.0,0.008523665,0.41049847,0.0,0.0015232888,1.3647748E-4,0.0,1.8910367E-5,6.454484E-4,0.07305351,0.0,40.381413,0.018910514,0.021537395,-17.0901,-17.550161,-18.031536,-18.442741,-19.623188,99.0,99.0,99.0,99.0,99.0,-17.08663,-17.54736,-18.02929,-18.44111,-19.622705,3.30526,535
606000011,606000029,606000010,606000011,52000000001499,52000000001499,606000000,606000012,-1,0,52,0.31970343,6.540991,2578,24.042456,27.340147,19.38005,30262,2,3,2,190.54398,59.053806,194.81233,101,6.540991,0.05966215,68.666084,71.15419,0.31637716,0.03841347,0.0,9.224848E-4,0.42133257,0.0,0.0015027325,1.3117166E-4,0.0,1.7621558E-6,6.283846E-4,0.079164386,0.0,38.955917,0.019089473,0.00691456,-17.137602,-17.589361,-18.064432,-18.470491,-19.639227,99.0,99.0,99.0,99.0,99.0,-17.132547,-17.58562,-18.061554,-18.468412,-19.638577,3.0334842,145
606000012,606000029,606000011,606000012,51000000001575,51000000001575,606000000,606000013,-1,0,51,0.36234027,4.991809,2578,23.978758,27.313019,19.287085,30262,2,3,2,188.70776,63.514942,205.22711,94,4.991809,0.053754844,63.19608,69.38755,0.32496566,0.037206955,0.0,5.6270056E-4,0.4294278,0.0,0.0014792876,1.2556667E-4,0.0,1.0922187E-6,6.210984E-4,0.074680716,0.0,38.64072,0.020757237,0.005816775,-17.15246,-17.609665,-18.085827,-18.490578,-19.655964,99.0,99.0,99.0,99.0,99.0,-17.148998,-17.607058,-18.0838,-18.48911,-19.65551,2.759519,491
606000013,606000029,606000012,606000013,50000000001528,50000000001528,606000000,606000014,-1,0,50,0.40789944,4.8196774,2578,23.907658,27.283628,19.187452,30262,2,3,2,186.5586,68.511246,218.05162,99,4.8196774,0.05231527,62.945503,64.737366,0.33317786,0.036055326,0.0,1.1794919E-4,0.42929596,0.0,0.0014553596,1.2043601E-4,0.0,2.6412874E-7,5.9929705E-4,0.08499911,0.0,37.515633,0.020660862,0.0024970735,-17.247746,-17.701576,-18.17643,-18.581669,-19.763376,99.0,99.0,99.0,99.0,99.0,-17.244802,-17.699251,-18.174582,-18.580328,-19.762974,2.4710414,269
606000014,606000029,606000013,606000014,49000000001558,49000000001558,606000000,606000015,-1,0,49,0.45657724,4.4754148,2578,23.845024,27.26173,19.08317,30262,2,3,2,185.81712,72.7287,227.72372,97,4.4754148,0.05018778,61.92808,62.38699,0.34261286,0.03473329,0.0,0.0015531017,0.42048296,0.0,0.0014260655,1.14804694E-4,0.0,2.5757222E-6,5.5691064E-4,0.039575495,0.0,39.33102,0.02489996,0.009319832,-17.192997,-17.684166,-18.169842,-18.576796,-19.758,99.0,99.0,99.0,99.0,99.0,-17.19116,-17.682728,-18.168703,-18.575968,-19.757751,2.184063,585
606000015,606000029,606000014,606000015,48000000001580,48000000001580,606000000,606000016,-1,0,48,0.5085914,4.217218,2578,23.740295,27.208464,18.97759,30262,2,3,2,183.667,76.09356,239.63988,95,4.217218,0.04831292,61.27049,65.74424,0.34694088,0.034114387,0.0,0.0014199766,0.44439027,0.0,0.0014115658,1.12259135E-4,0.0,2.410502E-6,5.7775754E-4,0.04167939,0.0,39.296204,0.025205035,0.0090636825,-17.460276,-17.893572,-18.341057,-18.726717,-19.87417,99.0,99.0,99.0,99.0,99.0,-17.458214,-17.89199,-18.339815,-18.725815,-19.87389,1.8443924,982
606000016,606000029,606000015,606000016,47000000002280,47000000002280,606000000,606000017,-1,0,47,0.5641766,4.217218,2578,23.684917,27.200874,18.85314,30262,2,3,2,190.988,82.493706,278.8209,54,4.217218,0.047365855,61.88,67.264885,0.17026001,0.033461127,0.0,0.0,0.46565962,0.0,0.0010595203,1.096349E-4,0.0,1.6940659E-21,5.885807E-4,0.3220379,0.0,0.0,0.0065516536,0.047365855,-18.136854,-18.401781,-18.752104,-19.083012,-20.13512,99.0,99.0,99.0,99.0,99.0,-18.112078,-18.381586,-18.735832,-19.071146,-20.13155,1.4999985,3
606000017,606000029,606000016,606000017,46000000002366,46000000002366,606000000,606000018,-1,0,46,0.6235901,4.131152,2578,23.599012,27.152935,18.739828,30262,2,3,2,185.46114,83.49245,286.3998,52,4.131152,0.04604501,62.117542,70.76107,0.20626372,0.028418833,0.0,0.0,0.4346981,0.0,9.929265E-4,8.21012E-5,0.0,-1.6940659E-21,4.173251E-4,0.35148185,0.0,0.0,0.007467164,0.04604501,-18.170683,-18.404781,-18.732653,-19.0514,-20.06094,99.0,99.0,99.0,99.0,99.0,-18.141994,-18.382685,-18.71514,-19.038288,-20.056072,1.3546588,879
606000018,606000029,606000017,606000018,45000000002137,45000000002137,606000000,606000019,-1,0,45,0.6871088,4.3893495,2578,23.50604,27.119751,18.607786,30262,2,3,2,183.87689,80.85782,290.49045,45,4.3893495,0.04591237,64.12172,68.39754,0.24538738,0.022939602,0.0,0.0,0.4010537,0.0,8.6809637E-4,5.9497586E-5,0.0,0.0,2.763785E-4,0.5449163,0.0,0.0,0.0069043636,0.04591237,-18.299488,-18.480005,-18.774994,-19.070305,-20.027807,99.0,99.0,99.0,99.0,99.0,-18.281937,-18.46593,-18.763697,-19.061958,-20.025045,1.2567121,804
606000019,606000029,606000018,606000019,44000000001966,44000000001966,606000000,606000020,-1,0,44,0.75503564,5.508203,3053,23.4066,27.080048,18.452633,29819,2,3,2,177.39854,86.423256,298.95532,54,5.508203,0.048307054,70.02767,66.004265,0.12805119,0.014510675,0.0,0.18326165,0.35271427,0.0,5.2221084E-4,3.7054106E-5,0.0,6.537623E-5,1.357041E-4,0.18673272,0.0,42.285973,0.005229753,0.046296354,-17.493967,-17.719769,-18.050076,-18.364508,-19.373835,99.0,99.0,99.0,99.0,99.0,-17.461231,-17.694616,-18.03027,-18.349625,-19.368334,1.5013129,150
606000020,606000029,606000019,606000020,43000000001949,43000000001949,606000000,606000021,-1,0,43,0.8276991,4.131152,3053,23.33468,27.03842,18.320168,29819,2,3,2,167.11145,85.125946,291.23376,54,4.131152,0.04273567,64.47781,67.23276,0.1071253,0.011654479,0.0,0.05806558,0.2890383,0.0,4.442226E-4,2.521997E-5,0.0,2.4228622E-5,1.1634784E-4,0.07450937,0.0,41.59622,0.006651097,0.030582627,-16.844658,-17.14224,-17.51225,-17.849997,-18.872738,99.0,99.0,99.0,99.0,99.0,-16.835154,-17.134806,-17.506372,-17.84569,-18.871357,1.4604144,513
606000021,606000029,606000020,606000021,42000000002404,42000000002404,606000000,606000022,-1,0,42,0.9054624,3.7008238,3053,23.22637,26.987167,18.170303,29819,2,3,2,165.50002,85.886635,293.5746,51,3.7008238,0.040039297,63.048676,66.016205,0.10822702,0.010531384,0.0,0.0,0.28810635,0.0,4.1490738E-4,2.070251E-5,0.0,0.0,1.152988E-4,0.11868733,0.0,0.0,0.0062557035,0.040039297,-17.024824,-17.269768,-17.60493,-17.921896,-18.89918,99.0,99.0,99.0,99.0,99.0,-17.012636,-17.260252,-17.597416,-17.916372,-18.897367,1.2344851,879
606000022,606000029,606000021,606000022,41000000002532,41000000002532,606000000,606000023,-1,0,41,0.98870814,3.7868896,3053,23.146872,26.944082,18.024752,29819,2,3,2,157.08882,81.089806,288.56192,47,3.7868896,0.03913938,64.50662,65.34513,0.11513543,0.008774745,0.0,0.050755452,0.24923338,0.0,3.629242E-4,1.4672503E-5,0.0,1.9675696E-5,6.201887E-5,0.121609315,0.0,41.599957,0.006221878,0.02833801,-17.006983,-17.223885,-17.540247,-17.838915,-18.76655,99.0,99.0,99.0,99.0,99.0,-16.991154,-17.212105,-17.531206,-17.832277,-18.764267,1.08909,923
606000023,606000029,606000022,606000023,40000000002644,40000000002644,606000000,606000024,-1,0,40,1.0778745,3.442627,3053,23.071283,26.911446,17.882202,29819,2,3,2,151.4208,77.44846,282.9823,45,3.442627,0.0367098,63.507343,64.375206,0.11262465,0.0070133717,0.0,0.053158287,0.20382169,0.0,3.0258438E-4,9.5712E-6,0.0,1.1804052E-5,4.2627715E-5,0.07961041,0.0,41.565598,0.0069680503,0.024097355,-16.674343,-16.894627,-17.206043,-17.49467,-18.372292,99.0,99.0,99.0,99.0,99.0,-16.665976,-16.888407,-17.201279,-17.491217,-18.37117,0.9713132,450
606000024,606000029,606000023,606000024,39000000002583,39000000002583,606000000,606000025,-1,0,39,1.173417,2.5819702,3053,23.000395,26.858538,17.74357,29819,2,3,1,144.50237,78.57929,281.05682,46,2.5819702,0.0322302,58.696754,62.293747,0.11451506,0.0058890632,0.0,5.263294E-4,0.18445626,0.0,2.624634E-4,6.7585806E-6,0.0,1.8634586E-7,3.8004975E-5,0.041806083,0.0,38.71033,0.008652563,0.003248057,-16.464895,-16.688204,-16.991564,-17.27737,-18.122505,99.0,99.0,99.0,99.0,99.0,-16.462149,-16.686102,-16.989925,-17.27619,-18.122147,0.78462756,276
606000025,606000029,606000024,606000025,38000000002704,38000000002704,606000000,606000026,-1,0,38,1.2758462,2.9262328,3053,22.915771,26.824831,17.590994,29819,2,3,1,139.81627,73.69835,270.88348,43,2.9262328,0.032409273,62.314594,65.75143,0.118596904,0.0053153643,0.0,0.0,0.18884118,0.0,2.4114113E-4,5.522028E-6,0.0,0.0,3.3092903E-5,0.19466668,0.0,0.0,0.0056474223,0.032409273,-17.141508,-17.239012,-17.462868,-17.691835,-18.427608,99.0,99.0,99.0,99.0,99.0,-17.135204,-17.234072,-17.458982,-17.689018,-18.426737,0.52111536,48
606000026,606000029,606000025,606000026,37000000002789,37000000002789,606000000,606000027,-1,0,37,1.3857181,3.0122986,3054,22.844221,26.773384,17.412516,29791,2,2,1,132.94081,69.60392,270.4742,41,3.0122986,0.031500384,64.129974,68.57273,0.11965079,0.0027285463,0.0,0.119584635,0.087517574,0.0,1.3191049E-4,1.6589345E-6,0.0,4.0305863E-6,6.0077023E-6,0.04599584,0.0,42.102184,0.00746751,0.026068287,-16.136961,-16.225859,-16.433695,-16.638971,-17.281502,99.0,99.0,99.0,99.0,99.0,-16.136023,-16.225115,-16.433105,-16.638546,-17.281378,0.54252106,815
606000027,606000029,606000026,606000027,36000000002510,36000000002510,606000000,606000028,-1,0,36,1.5036365,1.9795104,3054,22.731642,26.755617,17.257282,29791,2,2,1,130.63136,71.96494,268.1218,45,1.9795104,0.0263122,56.8814,62.747055,0.103564255,0.0021387131,0.0,0.0016885079,0.07399322,0.0,1.0486113E-4,1.0287475E-6,0.0,1.7804915E-7,6.4959295E-6,0.05790476,0.0,39.40585,0.0075138407,0.004516017,-16.06415,-16.133114,-16.325018,-16.531832,-17.159958,99.0,99.0,99.0,99.0,99.0,-16.063026,-16.13227,-16.324373,-16.53138,-17.159828,0.3483982,140
606000028,606000029,606000027,606000028,35000000002407,35000000002407,606000000,606000029,-1,0,35,1.6302707,1.7213135,3054,22.655785,26.740133,17.08515,29791,2,2,1,128.22783,71.34593,257.2003,48,1.7213135,0.024083957,55.441635,65.72022,0.10864983,0.0014245075,0.0,0.0,0.04023711,0.0,7.155735E-5,4.3929745E-7,0.0,0.0,2.9774358E-6,0.11847476,0.0,0.0,0.006497633,0.024083957,-16.207397,-16.180033,-16.319479,-16.480116,-16.990892,99.0,99.0,99.0,99.0,99.0,-16.206678,-16.179482,-16.319054,-16.47982,-16.990808,0.1498097,944
606000029,606000029,606000028,606000029,34000000002692,34000000002692,606000000,-1,-1,0,34,1.766336,1.549182,3054,22.606201,26.711885,16.910295,29791,2,2,1,121.56619,67.43772,258.06085,41,1.549182,0.022257524,54.712025,59.02234,0.118429534,2.3730428E-5,0.0,0.0114589445,0.0018008803,0.0,1.2477575E-6,6.2482804E-11,0.0,1.0177746E-9,1.3214199E-10,0.0021004037,0.0,40.42576,0.010176835,0.00888608,-12.792516,-12.500001,-12.41713,-12.240449,-11.90334,99.0,99.0,99.0,99.0,99.0,-12.792514,-12.499999,-12.4171295,-12.240448,-11.903339,0.01358346,389
606000030,606000053,606000002,606000003,60000000001469,60000000001469,606000000,606000031,-1,2,60,0.064493395,5.2500057,2610,24.504932,27.451433,19.762161,30593,2,3,2,184.6439,51.151646,146.00261,38,2.7541015,0.041094467,53.686893,54.370056,0.043179046,0.016608465,0.0,0.0,0.0,0.0,3.7769633E-4,6.981671E-5,0.0,0.0,0.0,1.9125179E-4,0.0,0.0,0.00422904,0.041094467,-14.826749,-15.560926,-16.192024,-16.69821,-17.991514,99.0,99.0,99.0,99.0,99.0,-14.803371,-15.541707,-16.176487,-16.68691,-17.988209,5.8892965,11
606000031,606000053,606000030,606000004,59000000001303,59000000001303,606000000,606000032,-1,2,59,0.08928783,5.0778747,2610,24.458906,27.438135,19.72585,30593,2,3,2,203.4685,58.412045,151.47025,38,2.7541015,0.041094467,53.686893,54.370056,0.043196056,0.016606081,0.0,0.0,0.0,0.0,3.777197E-4,6.979588E-5,0.0,0.0,0.0,2.7317315E-4,0.0,0.0,0.00422904,0.041094467,-14.880018,-15.606809,-16.232445,-16.733574,-18.022636,99.0,99.0,99.0,99.0,99.0,-14.856605,-15.58757,-16.216894,-16.722263,-18.019327,5.590799,79
606000032,606000053,606000031,606000005,58000000001539,58000000001539,606000000,606000033,-1,2,58,0.11588337,4.991809,2610,24.40477,27.425097,19.688377,30592,2,3,2,215.81711,39.068016,148.02438,38,2.7541015,0.041094467,53.686893,54.370056,0.043221228,0.016602553,0.0,0.0,0.0,0.0,3.777541E-4,6.9765054E-5,0.0,0.0,0.0,3.950347E-4,0.0,0.0,0.00422904,0.041094467,-14.940258,-15.659152,-16.27935,-16.775925,-18.062698,99.0,99.0,99.0,99.0,99.0,-14.916673,-15.639825,-16.263742,-16.764576,-18.059378,5.281699,792
606000033,606000053,606000032,606000006,57000000001549,57000000001549,606000000,606000034,-1,2,57,0.14438343,4.733612,2610,24.347893,27.41465,19.647366,30592,2,3,2,205.56883,40.45122,154.81807,38,2.7541015,0.041094467,53.686893,54.370056,0.04325885,0.016597282,0.0,0.0,0.0,0.0,3.7780555E-4,6.9719004E-5,0.0,0.0,0.0,5.7805626E-4,0.0,0.0,0.00422904,0.041094467,-15.010271,-15.720609,-16.335041,-16.826756,-18.110987,99.0,99.0,99.0,99.0,99.0,-14.986687,-15.701276,-16.319427,-16.815401,-18.107662,4.9627366,233
606000034,606000053,606000033,606000007,56000000001490,56000000001490,606000000,606000035,-1,2,56,0.17489761,6.799188,2610,24.289658,27.402582,19.604345,30592,2,3,2,201.48404,44.382553,147.27417,38,2.7541015,0.041094467,53.686893,54.370056,0.04331556,0.016589338,0.0,0.0,0.0,0.0,3.7788265E-4,6.9649686E-5,0.0,0.0,0.0,8.551293E-4,0.0,0.0,0.00422904,0.041094467,-15.089225,-15.788825,-16.39616,-16.882238,-18.162191,99.0,99.0,99.0,99.0,99.0,-15.068854,-15.772132,-16.38268,-16.872437,-18.15932,4.634794,6
606000035,606000053,606000034,606000008,55000000001580,55000000001580,606000000,606000036,-1,2,55,0.20754863,6.7131224,2610,24.22872,27.389341,19.558538,30592,2,3,2,206.56677,45.60468,162.45541,38,2.7541015,0.041094467,53.686893,54.370056,0.04340172,0.016577272,0.0,0.0,0.0,0.0,3.7799863E-4,6.954451E-5,0.0,0.0,0.0,0.0012777932,0.0,0.0,0.00422904,0.041094467,-15.183872,-15.872266,-16.473135,-16.955776,-18.235247,99.0,99.0,99.0,99.0,99.0,-15.163634,-15.855623,-16.459679,-16.94599,-18.232384,4.298886,888
606000036,606000053,606000035,606000009,54000000001484,54000000001484,606000000,606000037,-1,2,54,0.24246909,6.885254,2573,24.157902,27.373987,19.505033,30372,2,3,2,232.01498,52.07849,174.65338,38,2.7541015,0.041094467,53.686893,54.370056,0.043533575,0.016558807,0.0,0.0,0.0,0.0,3.7817354E-4,6.938392E-5,0.0,0.0,0.0,0.001926745,0.0,0.0,0.00422904,0.041094467,-15.2948,-15.970493,-16.563366,-17.040308,-18.315649,99.0,99.0,99.0,99.0,99.0,-15.272008,-15.952584,-16.549099,-17.029957,-18.312567,3.956177,533
606000037,606000053,606000036,606000010,53000000001552,53000000001552,606000000,606000038,-1,2,53,0.2798018,6.7131224,2573,24.07947,27.354975,19.44808,30372,2,3,2,235.2019,53.694206,168.44444,38,2.7541015,0.041094467,53.686893,54.370056,0.043736547,0.016530378,0.0,0.0,0.0,0.0,3.7843725E-4,6.913749E-5,0.0,0.0,0.0,0.0029285944,0.0,0.0,0.00422904,0.041094467,-15.423937,-16.083874,-16.666779,-17.136026,-18.408987,99.0,99.0,99.0,99.0,99.0,-15.400078,-16.065405,-16.652142,-17.12541,-18.405802,3.6080863,168
606000038,606000053,606000037,606000011,52000000001499,52000000001499,606000000,606000039,-1,2,52,0.31970343,6.540991,2578,23.998392,27.334087,19.38694,30262,2,3,2,231.19351,70.57119,186.83595,38,2.7541015,0.041094467,53.686893,54.370056,0.044050597,0.016486393,0.0,0.0,0.0,0.0,3.7883178E-4,6.875813E-5,0.0,0.0,0.0,0.0044819326,0.0,0.0,0.00422904,0.041094467,-15.586424,-16.23011,-16.803549,-17.265987,-18.535439,99.0,99.0,99.0,99.0,99.0,-15.56431,-16.212452,-16.78941,-17.255718,-18.5324,3.2562726,419
606000039,606000053,606000038,606000012,51000000001575,51000000001575,606000000,606000040,-1,2,51,0.36234027,4.991809,2578,23.908686,27.307611,19.318516,30262,2,3,2,254.44736,65.48317,175.55917,38,2.7541015,0.041094467,53.686893,54.370056,0.044538334,0.016418086,0.0,0.0,0.0,0.0,3.7941206E-4,6.817361E-5,0.0,0.0,0.0,0.006898,0.0,0.0,0.00422904,0.041094467,-15.746934,-16.356642,-16.910301,-17.35954,-18.61153,99.0,99.0,99.0,99.0,99.0,-15.719926,-16.336432,-16.894491,-17.348087,-18.608013,2.9027286,687
606000040,606000053,606000039,606000013,50000000001528,50000000001528,606000000,606000041,-1,2,50,0.40789944,4.8196774,2578,23.819683,27.28944,19.259548,30262,2,3,2,195.05586,33.086243,151.49078,38,2.7541015,0.041094467,53.686893,54.370056,0.04529786,0.016311714,0.0,0.0,0.0,0.0,3.8023805E-4,6.727444E-5,0.0,0.0,0.0,0.010662965,0.0,0.0,0.00422904,0.041094467,-15.924218,-16.497875,-17.031467,-17.468145,-18.70446,99.0,99.0,99.0,99.0,99.0,-15.900416,-16.47914,-17.016552,-17.45732,-18.701223,2.5497634,432
606000041,606000053,606000040,606000014,49000000001558,49000000001558,606000000,606000042,-1,2,49,0.45657724,4.4754148,2578,23.751947,27.271574,19.194143,30262,2,3,2,168.42792,66.5345,171.30446,38,2.7541015,0.041094467,53.686893,54.370056,0.046482068,0.016145868,0.0,0.0,0.0,0.0,3.8134077E-4,6.589893E-5,0.0,0.0,0.0,0.016532658,0.0,0.0,0.00422904,0.041094467,-16.146646,-16.6729,-17.179667,-17.598938,-18.805092,99.0,99.0,99.0,99.0,99.0,-16.120665,-16.652796,-17.163778,-17.587414,-18.801594,2.2001019,32
606000042,606000053,606000041,606000015,48000000001580,48000000001580,606000000,606000043,-1,2,48,0.5085914,4.217218,2578,23.67846,27.230738,19.117422,30262,2,3,2,175.80878,114.23141,208.45084,38,2.7541015,0.041094467,53.686893,54.370056,0.048328187,0.01588732,0.0,0.0,0.0,0.0,3.8262174E-4,6.381702E-5,0.0,0.0,0.0,0.025674904,0.0,0.0,0.00422904,0.041094467,-16.420517,-16.908268,-17.39807,-17.813915,-19.050543,99.0,99.0,99.0,99.0,99.0,-16.397272,-16.890207,-17.383795,-17.80357,-19.047419,1.8567879,80
606000043,606000053,606000042,606000030,47000000002851,47000000002851,606000000,606000044,-1,0,47,0.5641766,2.7541015,2578,23.616438,27.20452,19.02267,30262,2,3,2,170.31909,76.210655,212.71497,38,2.7541015,0.041094467,53.686893,54.370056,0.051201563,0.015484905,0.0,2.1850268E-7,0.20125508,0.0,3.8359655E-4,6.0721766E-5,0.0,4.571595E-10,3.310843E-4,0.039879784,0.0,0.0,0.00422904,0.041094467,-16.69499,-17.109348,-17.543331,-17.914099,-19.033686,99.0,99.0,99.0,99.0,99.0,-16.659655,-17.08369,-17.523582,-17.899672,-19.02878,1.5231128,194
606000044,606000053,606000043,606000031,46000000003161,46000000003161,606000000,606000045,-1,0,46,0.6235901,2.7541015,2578,23.540022,27.147896,18.923363,30262,2,3,2,166.88896,81.8733,228.59235,35,2.7541015,0.040224023,54.264675,55.902935,0.055654943,0.014860488,0.0,0.0011818132,0.19742632,0.0,3.8278836E-4,5.6247965E-5,0.0,2.0087468E-6,3.035026E-4,0.014545431,0.0,39.248238,0.005043626,0.009628972,-16.865425,-17.245087,-17.654331,-18.02185,-19.150972,99.0,99.0,99.0,99.0,99.0,-16.8509,-17.233337,-17.64489,-18.01498,-19.14892,1.2023398,685
606000045,606000053,606000044,606000032,45000000003109,45000000003109,606000000,606000046,-1,0,45,0.6871088,2.9262328,2578,23.471493,27.126368,18.807556,30262,2,3,2,163.77086,83.28114,236.65532,35,2.9262328,0.04010815,56.015484,63.31088,0.05717598,0.0146337375,0.0,0.0,0.21923028,0.0,3.8168224E-4,5.471259E-5,0.0,0.0,3.3368487E-4,0.35104093,0.0,0.0,0.0024127497,0.04010815,-17.82758,-18.013655,-18.307192,-18.607365,-19.598417,99.0,99.0,99.0,99.0,99.0,-17.715946,-17.92563,-18.236235,-18.55372,-19.577858,0.8432558,27
606000046,606000053,606000045,606000033,44000000003062,44000000003062,606000000,606000047,-1,0,44,0.75503564,3.0122986,3053,23.401752,27.09546,18.689419,29823,2,3,2,160.32983,86.16414,244.79887,33,3.0122986,0.039503895,57.26629,57.523212,0.09594807,0.0092037385,0.0,0.0,0.18588819,0.0,2.778138E-4,3.0133511E-5,0.0,0.0,1.7634286E-4,0.17693013,0.0,0.0,0.0021171907,0.039503895,-17.923695,-18.022604,-18.263096,-18.491505,-19.334055,99.0,99.0,99.0,99.0,99.0,-17.802166,-17.926144,-18.185484,-18.43172,-19.310934,0.8448791,960
606000047,606000053,606000046,606000034,43000000003049,43000000003049,606000000,606000048,-1,0,43,0.8276991,2.2377074,3053,23.33405,27.049458,18.573212,29823,2,3,2,154.52562,86.125275,251.40999,35,2.2377074,0.0348365,52.55988,59.299107,0.016022293,0.006497481,0.0,0.0,0.16290466,0.0,1.583354E-4,2.4313142E-5,0.0,0.0,1.592069E-4,0.25078145,0.0,0.0,0.0010357369,0.0348365,-17.019007,-17.196203,-17.491383,-17.798018,-18.80262,99.0,99.0,99.0,99.0,99.0,-16.719639,-16.948908,-17.279207,-17.625782,-18.71879,0.8089252,518
606000048,606000053,606000047,606000035,42000000002883,42000000002883,606000000,606000049,-1,0,42,0.9054624,1.4631164,3053,23.269072,27.000875,18.4642,29819,2,3,2,151.60345,83.010056,260.10815,29,1.4631164,0.029386414,46.273903,59.926907,0.04301344,0.0027173948,0.0,0.0,0.06768563,0.0,1.17741765E-4,3.4117425E-6,0.0,5.293956E-23,2.174998E-5,0.023448927,0.0,0.0,0.0042359936,0.029386414,-15.393323,-15.650992,-15.992927,-16.306778,-17.240229,99.0,99.0,99.0,99.0,99.0,-15.387842,-15.646807,-15.989668,-16.304417,-17.239483,1.2501924,912
606000049,606000053,606000048,606000036,41000000004445,41000000004445,606000000,606000050,-1,0,41,0.98870814,1.6352477,3053,23.182556,26.953064,18.333649,29819,2,3,2,148.58655,85.944954,258.56287,22,1.6352477,0.029583365,48.75711,50.260147,0.04548964,0.0023703375,0.0,5.5804255E-4,0.06555647,0.0,1.0576122E-4,2.5375878E-6,0.0,1.1723576E-7,1.6338507E-5,0.033914864,0.0,38.411938,0.004094767,0.00359399,-15.498291,-15.713742,-16.028006,-16.31926,-17.197926,99.0,99.0,99.0,99.0,99.0,-15.493698,-15.710218,-16.025263,-16.317276,-17.19731,1.0499613,112
606000050,606000053,606000049,606000037,40000000004713,40000000004713,606000000,606000051,-1,0,40,1.0778745,1.3770508,3053,23.114613,26.917511,18.179068,29819,2,3,2,142.90245,79.35523,257.8931,20,1.3770508,0.027048012,46.79261,53.392933,0.048993934,0.001879118,0.0,5.4711E-4,0.034684878,0.0,8.712627E-5,1.5382371E-6,0.0,1.4622616E-7,1.0090223E-5,0.009090481,0.0,38.52414,0.0052348683,0.0040975427,-14.871366,-15.161349,-15.50364,-15.797116,-16.618498,99.0,99.0,99.0,99.0,99.0,-14.870184,-15.160375,-15.5028515,-15.796543,-16.618332,0.92797124,778
606000051,606000053,606000050,606000038,38000000004404,38000000004404,606000000,606000052,-1,0,38,1.2758462,1.2049193,3053,22.946243,26.837143,17.89112,29819,2,3,2,136.35228,60.63025,259.16864,22,1.2049193,0.02411121,46.359577,51.41786,0.05079733,0.0016259893,0.0,0.0,0.025589803,0.0,7.6783486E-5,1.1237754E-6,0.0,0.0,7.671108E-6,0.062269673,0.0,0.0,0.0042680064,0.02411121,-15.75209,-15.843343,-16.054598,-16.28327,-16.993258,99.0,99.0,99.0,99.0,99.0,-15.750721,-15.842215,-16.053684,-16.282606,-16.993063,0.3463857,124
606000052,606000053,606000051,606000039,36000000004493,36000000004493,606000000,606000053,-1,0,36,1.5036365,1.2049193,3053,22.785563,26.75736,17.596176,29819,2,2,1,140.70952,57.24511,254.70927,20,1.2049193,0.022299265,48.206287,51.870853,0.06153974,0.0,0.0,0.017113196,0.0,0.0,0.0,0.0,0.0,0.0,0.0,0.0,0.0,41.095783,0.007448377,0.02167557,99.0,99.0,99.0,99.0,99.0,99.0,99.0,99.0,99.0,99.0,99.0,99.0,99.0,99.0,99.0,0.0,156
606000053,606000053,606000052,606000040,35000000004413,35000000004413,606000000,-1,-1,0,35,1.6302707,0.9467224,3054,22.700188,26.710518,17.460417,29791,2,2,1,138.72313,54.27361,250.56323,20,0.9467224,0.0197325,45.42451,52.538143,0.0399192,0.0,0.0,0.012646005,0.0,0.0,0.0,0.0,0.0,0.0,0.0,0.0,0.0,40.84858,0.0067748716,0.018133368,99.0,99.0,99.0,99.0,99.0,99.0,99.0,99.0,99.0,99.0,99.0,99.0,99.0,99.0,99.0,0.0,844
606000054,606000079,-1,606000000,63000000001236,63000000001236,606000000,606000055,-1,2,63,0.0,5.1639404,2605,24.651356,27.339134,19.811544,30483,2,3,2,197.09048,109.00036,164.3426,30,2.581971,0.047823276,48.186565,42.066753,0.01978257,0.011998794,0.0,0.0,0.0,0.0,2.4162831E-4,5.407355E-5,0.0,0.0,0.0,0.0,0.0,38.632088,0.0046273363,0.010263309,-14.749962,-15.468641,-16.08452,-16.578865,-17.886541,99.0,99.0,99.0,99.0,99.0,-14.7338,-15.455314,-16.073736,-16.57102,-17.884249,5.274952,13
606000055,606000079,606000054,606000041,62000000001198,62000000001197,606000000,606000056,-1,1,62,0.019932542,5.4221373,2605,24.61182,27.317099,19.778658,30483,2,3,2,201.57983,91.4906,177.03262,30,2.581971,0.047823276,48.186565,42.066753,0.01978257,0.011998794,0.0,0.0,0.0,0.0,2.4162831E-4,5.407355E-5,0.0,0.0,0.0,0.0,0.0,38.632088,0.0046273363,0.010263309,-14.870318,-15.577557,-16.187075,-16.678732,-18.006231,99.0,99.0,99.0,99.0,99.0,-14.8541565,-15.564229,-16.17629,-16.670887,-18.003939,5.0115213,202
606000056,606000079,606000055,606000042,61000000001274,61000000001273,606000000,606000057,-1,1,61,0.041403063,5.8524656,2605,24.564037,27.292341,19.741703,30483,2,3,2,205.94765,91.14365,185.34956,26,2.237708,0.045342397,46.070133,41.5423,0.01978257,0.011998794,0.0,0.0,0.0,0.0,2.4162831E-4,5.407355E-5,0.0,0.0,0.0,0.0,0.0,38.632088,0.0026499939,0.010263309,-15.004833,-15.68138,-16.268623,-16.741978,-18.032145,99.0,99.0,99.0,99.0,99.0,-14.955806,-15.640913,-16.235851,-16.718119,-18.025158,4.7356668,619
606000057,606000079,606000056,606000043,60000000002793,60000000002793,606000000,606000058,-1,0,60,0.064493395,1.032788,2605,24.512697,27.260311,19.69659,30483,2,3,2,207.38954,90.36535,194.12584,35,1.032788,0.03482619,35.712692,39.79968,0.01978257,0.011998794,0.0,6.9678406E-4,0.059451357,0.0,2.4162831E-4,5.407355E-5,0.0,2.0965372E-6,1.788818E-4,0.0,0.0,38.632088,0.0061421962,0.010263309,-15.167542,-15.797314,-16.357826,-16.815296,-18.088022,99.0,99.0,99.0,99.0,99.0,-15.15836,-15.789742,-16.3517,-16.810843,-18.08672,4.447811,679
606000058,606000079,606000057,606000044,58000000002835,58000000002835,606000000,606000059,-1,0,58,0.11588337,1.2049193,2605,24.399221,27.233444,19.595222,30482,2,3,2,210.85503,88.33319,212.99797,34,1.2049193,0.036144953,37.86388,40.581726,0.019674165,0.011998794,0.0,0.0,0.07517446,0.0,2.4130214E-4,5.407355E-5,0.0,0.0,2.261907E-4,0.09172469,0.0,0.0,0.0015734212,0.036144953,-16.300777,-16.601326,-17.009975,-17.389763,-18.554787,99.0,99.0,99.0,99.0,99.0,-16.040224,-16.400036,-16.8471,-17.2641,-18.506065,3.8382416,464
606000059,606000079,606000058,606000045,57000000003417,57000000003417,606000000,606000060,-1,0,57,0.14438343,1.2049193,2578,24.349451,27.20072,19.529646,30262,2,3,2,214.49901,89.56724,221.6533,28,1.2049193,0.035850078,38.019283,42.26681,0.028410567,0.010775216,0.0,2.039608E-4,0.067661636,0.0,2.7201598E-4,4.0897434E-5,0.0,4.658018E-7,1.4425426E-4,0.0025300507,0.0,37.846855,0.0038345833,0.005165085,-15.14903,-15.782218,-16.348322,-16.800396,-18.056133,99.0,99.0,99.0,99.0,99.0,-15.1229725,-15.761034,-16.331253,-16.787981,-18.05248,3.9331572,103
606000060,606000079,606000059,606000046,56000000002944,56000000002944,606000000,606000061,-1,0,56,0.17489761,1.2049193,2578,24.280527,27.179453,19.467733,30262,2,3,2,212.60287,90.01824,231.19846,33,1.2049193,0.0355289,38.190742,41.56683,0.02865145,0.010740449,0.0,4.8498684E-4,0.07102248,0.0,2.7253994E-4,4.0565727E-5,0.0,1.0271469E-6,1.5041753E-4,0.0,0.0,38.42743,0.0051092356,0.007871536,-15.333878,-15.965049,-16.52745,-16.983656,-18.281813,99.0,99.0,99.0,99.0,99.0,-15.321586,-15.954914,-16.519249,-16.977692,-18.28007,3.6150987,831
606000061,606000079,606000060,606000047,55000000003018,55000000003018,606000000,606000062,-1,0,55,0.20754863,0.774591,2578,24.20757,27.145891,19.40071,30262,2,3,2,212.79465,89.11026,241.75896,35,0.774591,0.030361984,33.123875,40.1615,0.028618848,0.010740449,0.0,5.773902E-4,0.08141152,0.0,2.724709E-4,4.0565727E-5,0.0,1.2228467E-6,1.7242032E-4,0.0,0.0,38.484753,0.0069401427,0.008442595,-15.586132,-16.141197,-16.652029,-17.073582,-18.30241,99.0,99.0,99.0,99.0,99.0,-15.579473,-16.135706,-16.647587,-17.07035,-18.301466,3.2759438,604
606000062,606000079,606000061,606000048,54000000002881,54000000002881,606000000,606000063,-1,0,54,0.24246909,1.2909851,2578,24.139088,27.129986,19.323074,30262,2,3,2,213.4089,88.554436,250.84317,35,1.2909851,0.035610355,39.485935,41.60786,0.028568013,0.010740449,0.0,6.906846E-4,0.09382384,0.0,2.723633E-4,4.0565727E-5,0.0,1.4627906E-6,1.9870812E-4,0.0,0.0,38.70391,0.0043863514,0.009490638,-15.953909,-16.385399,-16.820099,-17.199656,-18.355497,99.0,99.0,99.0,99.0,99.0,-15.937291,-16.371695,-16.80901,-17.19159,-18.35314,2.928652,795
606000063,606000079,606000062,606000049,53000000002822,53000000002822,606000000,606000064,-1,0,53,0.2798018,1.3770508,2578,24.072948,27.105942,19.240963,30262,2,3,2,213.4326,87.80553,261.74716,35,1.3770508,0.035955742,40.584557,42.672535,0.028510801,0.010740449,0.0,0.0,0.10871019,0.0,2.7224212E-4,4.0565727E-5,0.0,-8.4703295E-22,2.3023569E-4,0.17281576,0.0,0.0,0.0017148816,0.035955742,-16.975874,-17.182697,-17.505873,-17.827766,-18.888361,99.0,99.0,99.0,99.0,99.0,-16.759212,-17.01049,-17.363447,-17.715994,-18.841011,2.574084,654
606000064,606000079,606000063,606000050,52000000002937,52000000002937,606000000,606000065,-1,0,52,0.31970343,1.2909851,2578,23.994858,27.061455,19.149494,30262,2,3,2,213.0251,86.81059,271.73907,32,1.2909851,0.03473693,39.97927,42.550888,0.0470427,0.008145071,0.0,0.0,0.09277369,0.0,2.7712522E-4,2.1167178E-5,0.0,-4.2351647E-22,1.08152395E-4,0.11150731,0.0,0.0,0.003174937,0.03473693,-16.538343,-16.755894,-17.087606,-17.411484,-18.449968,99.0,99.0,99.0,99.0,99.0,-16.497475,-16.72379,-17.062096,-17.392569,-18.443415,2.9683595,178
606000065,606000079,606000064,606000051,51000000002969,51000000002969,606000000,606000066,-1,0,51,0.36234027,1.3770508,2578,23.926054,27.033321,19.04803,30262,2,3,2,210.12544,88.74278,282.81943,33,1.3770508,0.034993034,41.139038,43.32046,0.059176978,0.006445628,0.0,2.0722764E-4,0.08233887,0.0,2.489238E-4,1.2714065E-5,0.0,1.6174029E-7,5.5362627E-5,0.004929922,0.0,37.82666,0.0072437986,0.0036611906,-14.901598,-15.421956,-15.926468,-16.337383,-17.457247,99.0,99.0,99.0,99.0,99.0,-14.897264,-15.418514,-15.923725,-16.335392,-17.456652,3.3330328,585
606000066,606000079,606000065,606000052,50000000002592,50000000002592,606000000,606000067,-1,0,50,0.40789944,1.8934448,2578,23.843859,27.007463,18.935528,30262,2,3,2,205.67546,86.91069,289.9521,37,1.8934448,0.0383154,46.10092,45.933266,0.05971246,0.006369605,0.0,7.204471E-4,0.08538046,0.0,2.4718366E-4,1.2396958E-5,0.0,4.7382125E-7,5.6152738E-5,0.0,0.0,38.713833,0.0075868103,0.0067643356,-14.941647,-15.4737425,-15.979993,-16.39401,-17.521664,99.0,99.0,99.0,99.0,99.0,-14.9386,-15.47123,-15.977961,-16.392532,-17.521233,2.9999316,784
606000067,606000079,606000066,606000053,49000000003077,49000000003077,606000000,606000068,-1,0,49,0.45657724,2.2377074,2578,23.7483,26.978325,18.816408,30262,2,3,2,203.00728,85.04775,301.1661,31,2.2377074,0.039834067,49.152348,51.386192,0.059666514,0.006369605,0.0,0.0,0.1010556,0.0,2.4715342E-4,1.2396958E-5,0.0,0.0,6.646192E-5,0.03464343,0.0,0.0,0.005281717,0.039834067,-15.694693,-16.040985,-16.453815,-16.82017,-17.901657,99.0,99.0,99.0,99.0,99.0,-15.687234,-16.035036,-16.449072,-16.816713,-17.900597,2.6261375,781
606000068,606000079,606000067,606000054,48000000003150,48000000003150,606000000,606000069,-1,0,48,0.5085914,2.1516418,2578,23.667063,26.95094,18.679531,30262,2,3,2,197.87668,79.30807,308.0214,32,2.1516418,0.038605094,48.95901,50.394436,0.062464893,0.0058278292,0.0,0.017566439,0.07273083,0.0,2.3325805E-4,1.0281183E-5,0.0,8.191348E-6,4.5767214E-5,0.0,0.0,40.78107,0.009336852,0.028804906,-14.967801,-15.507526,-16.012651,-16.419718,-17.534067,99.0,99.0,99.0,99.0,99.0,-14.965987,-15.506031,-16.01144,-16.418839,-17.53381,2.4761913,645
606000069,606000079,606000068,606000055,47000000003050,47000000003050,606000000,606000070,-1,0,47,0.5641766,1.8934448,2578,23.576853,26.920277,18.541876,30258,2,3,2,191.78981,76.73721,309.986,33,1.8934448,0.036269445,47.383358,48.393593,0.060469896,0.0058278292,0.0,2.0120418E-4,0.08699428,0.0,2.323184E-4,1.0281183E-5,0.0,1.5543476E-7,5.4742744E-5,0.008852923,0.0,37.955433,0.0063427384,0.0036283135,-15.397209,-15.816183,-16.257183,-16.632547,-17.691242,99.0,99.0,99.0,99.0,99.0,-15.392082,-15.812108,-16.253937,-16.630184,-17.690525,2.0995162,357
606000070,606000079,606000069,606000056,46000000002980,46000000002980,606000000,606000071,-1,0,46,0.6235901,1.4631164,2578,23.478256,26.895617,18.418262,30258,2,3,2,183.21814,73.77531,312.93942,35,1.4631164,0.032577556,43.94912,46.48602,0.061455876,0.0056892144,0.0,0.0,0.088781625,0.0,2.2876602E-4,9.757356E-6,0.0,0.0,5.356374E-5,0.0429588,0.0,0.0,0.0055350713,0.032577556,-15.949477,-16.250038,-16.628292,-16.971111,-17.99387,99.0,99.0,99.0,99.0,99.0,-15.940361,-16.243116,-16.622892,-16.967146,-17.99252,1.7696005,109
606000071,606000079,606000070,606000057,45000000002768,45000000002768,606000000,606000072,-1,0,45,0.6871088,1.549182,3053,23.397171,26.85994,18.267006,29819,2,3,2,181.91406,70.78941,314.71173,37,1.549182,0.0324462,45.314716,46.4602,0.06623763,0.005019531,0.0,0.0,0.08466954,0.0,2.1003188E-4,7.4607697E-6,0.0,0.0,3.9347968E-5,0.028222183,0.0,0.0,0.0063731326,0.0324462,-15.69629,-16.034254,-16.433767,-16.781528,-17.794807,99.0,99.0,99.0,99.0,99.0,-15.689692,-16.029375,-16.430021,-16.778809,-17.793915,1.6049243,490
606000072,606000079,606000071,606000058,44000000003126,44000000003126,606000000,606000073,-1,0,44,0.75503564,0.60245967,3053,23.338974,26.834795,18.127611,29819,2,3,2,178.23672,66.226166,314.01904,32,0.60245967,0.023102017,33.48953,42.409874,0.069351554,0.004582982,0.0,8.1878755E-4,0.081992164,0.0,1.9642556E-4,6.154727E-6,0.0,3.1240776E-7,3.128405E-5,0.0,0.0,38.781807,0.013262084,0.006590422,-15.326798,-15.755031,-16.19151,-16.55318,-17.5641,99.0,99.0,99.0,99.0,99.0,-15.3261595,-15.754504,-16.191084,-16.552872,-17.564009,1.367638,31
606000073,606000079,606000072,606000059,43000000004183,43000000004183,606000000,606000074,-1,0,43,0.8276991,1.1188537,3053,23.234695,26.79342,17.972828,29819,2,3,2,170.07852,65.96277,306.61172,22,1.1188537,0.02764975,41.7168,43.899117,0.06924917,0.004582982,0.0,0.0,0.10013201,0.0,1.9638645E-4,6.154727E-6,0.0,0.0,3.8205293E-5,0.04197077,0.0,0.0,0.0065712132,0.02764975,-16.002071,-16.27117,-16.609482,-16.912313,-17.805798,99.0,99.0,99.0,99.0,99.0,-15.999475,-16.269028,-16.607748,-16.911055,-17.80543,1.0000428,925
606000074,606000079,606000073,606000060,41000000004323,41000000004323,606000000,606000075,-1,0,41,0.98870814,0.6885254,3053,23.061928,26.697828,17.636787,29819,2,2,1,160.36662,65.739975,304.0466,21,0.6885254,0.022173097,36.544056,39.349724,0.07820192,0.0033291553,0.0,0.0,0.09243308,0.0,1.5184649E-4,3.1992554E-6,0.0,0.0,1.9709878E-5,0.07571943,0.0,0.0,0.005999782,0.022173097,-16.442503,-16.56439,-16.799362,-17.043207,-17.796865,99.0,99.0,99.0,99.0,99.0,-16.439964,-16.56236,-16.79774,-17.042028,-17.796503,0.51412815,178
606000075,606000079,606000074,606000061,40000000003946,40000000003946,606000000,606000076,-1,0,40,1.0778745,2.0655768,3054,22.980656,26.686333,17.499521,29791,2,2,1,162.94972,62.209026,300.0873,24,2.0655768,0.030962247,53.564175,43.53314,0.0860328,0.0022324433,0.0,0.0,0.08569889,0.0,1.0663613E-4,1.480227E-6,0.0,0.0,8.917615E-6,0.12462392,0.0,0.0,0.0029118708,0.030962247,-17.031258,-17.001118,-17.134909,-17.25928,-17.744957,99.0,99.0,99.0,99.0,99.0,-17.017551,-16.990316,-17.12635,-17.25294,-17.742764,0.33035365,188
606000076,606000079,606000075,606000062,39000000004277,39000000004277,606000000,606000077,-1,0,39,1.173417,0.9467224,3054,22.86872,26.64034,17.338564,29791,2,2,1,156.9379,61.70326,294.77692,22,0.9467224,0.023068542,42.011795,46.18137,0.03245077,4.724258E-4,0.0,2.8565346E-4,0.025272287,0.0,2.3637194E-5,1.6528011E-7,0.0,6.6949086E-9,5.923109E-7,0.0,0.0,38.255783,0.004601704,0.0028380097,-13.17712,-13.474239,-13.802111,-14.070762,-14.781765,99.0,99.0,99.0,99.0,99.0,-13.176811,-13.473985,-13.801905,-14.070612,-14.781721,0.94751614,669
606000077,606000079,606000076,606000063,38000000004168,38000000004168,606000000,606000078,-1,0,38,1.2758462,1.1188537,3054,22.81833,26.57666,17.16688,29791,2,2,1,153.0862,58.05156,285.26273,23,1.1188537,0.023522895,45.2284,46.10655,0.032431938,4.724258E-4,0.0,3.6571934E-4,0.031662226,0.0,2.3636752E-5,1.6528011E-7,0.0,8.571428E-9,7.420731E-7,0.0,0.0,38.536716,0.0047546187,0.003526566,-13.599526,-13.787357,-14.036843,-14.273706,-14.916797,99.0,99.0,99.0,99.0,99.0,-13.599237,-13.787119,-14.03665,-14.273566,-14.916756,0.6177188,73
606000078,606000079,606000077,606000064,37000000004182,37000000004182,606000000,606000079,-1,0,37,1.3857181,1.2049193,3054,22.73614,26.55897,17.020927,29791,2,2,1,153.83678,52.876534,283.86542,23,1.2049193,0.023209682,47.251366,49.21246,0.03226642,4.724258E-4,0.0,0.0027056553,0.039869316,0.0,2.3618757E-5,1.6528011E-7,0.0,1.4605843E-7,9.344241E-7,0.013950474,0.0,39.92761,0.003273701,0.009941875,-14.488762,-14.53765,-14.717164,-14.915433,-15.510927,99.0,99.0,99.0,99.0,99.0,-14.487909,-14.536984,-14.716641,-14.915063,-15.51082,0.29836175,470
606000079,606000079,606000078,606000065,36000000004258,36000000004258,606000000,-1,-1,0,36,1.5036365,1.1188537,3054,22.62458,26.544373,16.863699,29791,2,2,1,152.36302,51.702534,281.35938,22,1.1188537,0.021755163,47.030052,48.324646,0.032478847,2.9353038E-4,0.0,0.0065462478,0.029299187,0.0,1.4936971E-5,6.029612E-8,0.0,1.2145651E-7,3.3024588E-7,0.023798196,0.0,40.41875,0.0027300532,0.013608309,-14.8414,-14.746079,-14.822824,-14.889177,-15.177347,99.0,99.0,99.0,99.0,99.0,-14.84042,-14.74533,-14.822243,-14.888769,-15.177225,0.076605365,992