galaxyID,lastProgenitorId,descendantId,haloID,subHaloID,fofID,treeId,firstProgenitorId,nextProgenitorId,type,snapnum,redshift,centralMvir,phkey,x,y,z,zIndex,ix,iy,iz,velX,velY,velZ,np,mvir,rvir,vvir,vmax,coldGas,stellarMass,bulgeMass,hotGas,ejectedMass,blackHoleMass,metalsColdGas,metalsStellarMass,metalsBulgeMass,metalsHotGas,metalsEjectedMass,sfr,sfrBulge,xrayLum,diskRadius,coolingRadius,mag_b,mag_v,mag_r,mag_i,mag_k,mag_bBulge,mag_vBulge,mag_rBulge,mag_iBulge,mag_kBulge,mag_bDust,mag_vDust,mag_rDust,mag_iDust,mag_kDust,massWeightedAge,random
609000000,609000039,-1,609000000,63000000001239,63000000001239,609000000,609000001,-1,0,63,0.0,5.8524656,510,1.0214936,2.6132998,14.343665,2353,0,0,1,-188.37614,-51.411858,83.07791,136,5.8524656,0.06313828,63.13832,74.38603,0.1275831,0.12026006,0.0,0.0032355627,0.9188477,0.0,0.0017066466,8.990501E-4,0.0,1.2038258E-5,0.0031071128,0.05001531,0.0,39.73577,0.008882997,0.016864626,-17.51753,-18.144613,-18.72291,-19.2126,-20.578588,99.0,99.0,99.0,99.0,99.0,-17.485441,-18.119648,-18.703152,-19.198338,-20.574425,5.779462,363
609000001,609000039,609000000,609000001,62000000001242,62000000001242,609000000,609000002,-1,0,62,0.019932542,5.8524656,510,1.0591362,2.6245065,14.326274,2353,0,0,1,-188.32436,-48.267536,83.96318,137,5.8524656,0.06282056,63.297783,73.72885,0.13132147,0.11971183,0.0,0.0040826793,0.9810044,0.0,0.0017291646,8.917774E-4,0.0,1.47186065E-5,0.0033061078,0.036865108,0.0,39.89148,0.009532697,0.0187623,-17.612902,-18.228727,-18.79719,-19.27968,-20.642292,99.0,99.0,99.0,99.0,99.0,-17.582516,-18.20551,-18.778921,-19.266497,-20.638412,5.541876,58
609000002,609000039,609000001,609000002,61000000001302,61000000001302,609000000,609000003,-1,0,61,0.041403063,5.680334,510,1.1027044,2.6402295,14.311231,2353,0,0,1,-184.89355,-45.870567,85.0707,130,5.680334,0.061853074,62.8458,75.04608,0.13408859,0.11928867,0.0,0.0016184753,1.0625316,0.0,0.0017456047,8.862391E-4,0.0,6.733379E-6,0.0035748736,0.1532316,0.0,39.29216,0.0070735943,0.012157001,-17.954954,-18.470642,-18.993423,-19.448431,-20.774895,99.0,99.0,99.0,99.0,99.0,-17.902632,-18.429346,-18.960545,-19.424566,-20.767824,5.2851806,542
609000003,609000039,609000002,609000003,60000000001274,60000000001274,609000000,609000004,-1,0,60,0.064493395,6.36886,510,1.131824,2.6510844,14.2930155,2353,0,0,1,-175.43022,-43.232834,81.3617,70,6.36886,0.063864,65.48966,72.19439,0.14714585,0.117453314,0.0,0.0027784242,1.0741385,0.0,0.0018150716,8.630141E-4,0.0,1.0887281E-5,0.0035265817,0.12971625,0.0,39.65917,0.008091201,0.015249822,-18.020638,-18.54074,-19.060934,-19.513926,-20.8476,99.0,99.0,99.0,99.0,99.0,-17.958874,-18.497143,-19.02758,-19.489643,-20.839872,5.0775757,240
609000004,609000039,609000003,609000004,59000000001301,59000000001301,609000000,609000005,-1,0,59,0.08928783,7.057385,510,1.1727984,2.6617026,14.271155,2353,0,0,1,-187.37463,-39.58742,84.35863,129,7.057385,0.0656414,67.99906,74.081474,0.15854916,0.11583777,0.0,0.003035499,1.1141899,0.0,0.0018688214,8.435565E-4,0.0,1.1810697E-5,0.003601701,0.1487926,0.0,39.726105,0.008248616,0.015376869,-18.21078,-18.693577,-19.187445,-19.623484,-20.93168,99.0,99.0,99.0,99.0,99.0,-18.174776,-18.664362,-19.163918,-19.606354,-20.926624,4.846914,415
609000005,609000039,609000004,609000005,58000000001282,58000000001282,609000000,609000006,-1,0,58,0.11588337,10.500011,510,1.2113427,2.669026,14.248291,2353,0,0,1,-185.29651,-36.83613,83.24946,130,10.500011,0.07438035,77.917625,77.603645,0.172122,0.1139169,0.0,0.0022747482,1.1564401,0.0,0.0019248889,8.21532E-4,0.0,9.667707E-6,0.003674709,0.3016347,0.0,39.53772,0.0067957346,0.011639631,-18.511105,-18.899107,-19.3354,-19.735811,-20.977848,99.0,99.0,99.0,99.0,99.0,-18.458586,-18.85683,-19.301384,-19.710934,-20.970337,4.615671,327
609000006,609000039,609000005,609000006,57000000001333,57000000001333,609000000,609000007,-1,0,57,0.14438343,11.360668,510,1.2430009,2.6734211,14.215261,2353,0,0,1,-183.62843,-36.725418,81.44899,128,11.360668,0.07573653,80.31917,86.17976,0.20068422,0.10989321,0.0,0.01614915,1.1592095,0.0,0.0020174654,7.789851E-4,0.0,5.7846428E-5,0.0034845509,0.47725824,0.0,40.725853,0.0064565097,0.026706232,-18.78488,-19.095575,-19.482834,-19.854126,-21.042654,99.0,99.0,99.0,99.0,99.0,-18.712837,-19.038727,-19.437124,-19.820217,-21.031658,4.457887,144
609000007,609000039,609000006,609000007,56000000001324,56000000001324,609000000,609000008,-1,0,56,0.17489761,11.102471,510,1.2814318,2.671694,14.191511,2353,0,0,1,-188.3599,-29.866812,83.5262,131,11.102471,0.07448503,80.06548,92.403366,0.2472691,0.103335276,0.0,0.0,1.0952029,0.0,0.0021066132,7.184978E-4,0.0,0.0,0.0031582394,1.3420233,0.0,0.0,0.004466016,0.07448503,-19.263508,-19.468817,-19.790255,-20.117159,-21.213129,99.0,99.0,99.0,99.0,99.0,-19.086054,-19.32658,-19.674635,-20.029734,-21.181952,4.399438,91
609000008,609000039,609000007,609000008,55000000001313,55000000001313,609000000,609000009,-1,0,55,0.20754863,10.500011,510,1.3315096,2.668458,14.17138,2353,0,0,1,-187.14009,-26.135452,83.12352,130,10.500011,0.072394,78.97935,84.20287,0.3824998,0.08439633,0.0,0.0,0.88134706,0.0,0.0020383855,5.910668E-4,0.0,0.0,0.0023413908,0.7467819,0.0,0.0,0.0058525745,0.072394,-18.961712,-19.153397,-19.472605,-19.792244,-20.874844,99.0,99.0,99.0,99.0,99.0,-18.882093,-19.090517,-19.422718,-19.755241,-20.862562,5.0059414,234
609000009,609000039,609000008,609000009,54000000001288,54000000001288,609000000,609000010,-1,0,54,0.24246909,8.434436,510,1.3918422,2.663369,14.146974,2353,0,0,1,-199.13678,5.6435585,83.97628,98,8.434436,0.06657143,73.8166,74.71813,0.2654269,0.07360467,0.0,0.052149083,0.61824435,0.0,0.001708696,5.2047544E-4,0.0,9.143344E-5,0.002058704,0.3765917,0.0,41.494114,0.0092386,0.04526568,-18.08103,-18.369251,-18.75998,-19.1415,-20.333023,99.0,99.0,99.0,99.0,99.0,-18.034536,-18.335121,-18.733955,-19.122545,-20.326546,5.369227,211
609000010,609000039,609000009,609000010,53000000001328,53000000001328,609000000,609000011,-1,0,53,0.2798018,5.3360715,510,1.4564079,2.6671631,14.131195,2353,0,0,1,-199.31123,5.396524,84.33125,97,5.3360715,0.056475334,63.745773,75.91627,0.30212283,0.068048604,0.0,0.0,0.45162666,0.0,0.0016483339,4.8756387E-4,0.0,0.0,0.0019166957,0.19135532,0.0,0.0,0.014277295,0.056475334,-17.551228,-17.929672,-18.381363,-18.804367,-20.064533,99.0,99.0,99.0,99.0,99.0,-17.542974,-17.923376,-18.376467,-18.80084,-20.063461,5.4379954,472
609000011,609000039,609000010,609000011,52000000002056,52000000002056,609000000,609000012,-1,0,52,0.31970343,4.8196774,510,1.5192993,2.6682782,14.11218,2353,0,0,1,-182.20953,-5.035439,71.503624,60,4.8196774,0.05388779,62.020287,79.994385,0.09506124,0.06517478,0.0,2.6807966E-4,0.42152506,0.0,0.0011638188,4.7262243E-4,0.0,1.2962694E-6,0.0017016099,0.091210455,0.0,38.116013,0.0060311668,0.0047137993,-17.08919,-17.588514,-18.115114,-18.585564,-19.920319,99.0,99.0,99.0,99.0,99.0,-17.045546,-17.553928,-18.087389,-18.565287,-19.914116,5.308694,578
609000012,609000039,609000011,609000012,51000000001976,51000000001976,609000000,609000013,-1,0,51,0.36234027,4.733612,510,1.576997,2.6742883,14.08644,2353,0,0,1,-182.37189,-5.5281363,69.91851,64,4.733612,0.05281158,62.087147,79.97213,0.1049865,0.063784674,0.0,0.0,0.41377303,0.0,0.0012086185,4.5614553E-4,0.0,0.0,0.0016039141,0.102181934,0.0,0.0,0.0064437287,0.05281158,-17.147501,-17.628853,-18.145077,-18.608482,-19.934595,99.0,99.0,99.0,99.0,99.0,-17.099886,-17.592285,-18.116068,-18.587238,-19.927896,5.0538983,231
609000013,609000039,609000012,609000013,50000000001903,50000000001903,609000000,609000014,-1,0,50,0.40789944,4.6475463,510,1.6459295,2.6738205,14.06163,2353,0,0,1,-184.35909,-1.8275052,71.65865,70,4.6475463,0.051684905,62.187054,82.4708,0.11623767,0.062208973,0.0,0.0,0.4040977,0.0,0.0012510782,4.386356E-4,0.0,0.0,0.0014960321,0.10944585,0.0,0.0,0.006967982,0.051684905,-17.171684,-17.643213,-18.153114,-18.610756,-19.927427,99.0,99.0,99.0,99.0,99.0,-17.125538,-17.609203,-18.126585,-18.591341,-19.921097,4.8063626,976
609000014,609000039,609000013,609000014,49000000001990,49000000001990,609000000,609000015,-1,0,49,0.45657724,4.991809,510,1.722976,2.673362,14.033321,2353,0,0,1,-182.81816,-3.7882488,70.22654,66,4.991809,0.05204826,64.22378,81.84252,0.12839091,0.060506694,0.0,6.2969973E-4,0.39364678,0.0,0.0012879428,4.2097835E-4,0.0,2.6062203E-6,0.0013872313,0.08529868,0.0,38.825455,0.0080549205,0.007307707,-17.090063,-17.587978,-18.108969,-18.571558,-19.896206,99.0,99.0,99.0,99.0,99.0,-17.06098,-17.566078,-18.091808,-18.559092,-19.892326,4.5622597,929
609000015,609000039,609000014,609000015,48000000001899,48000000001899,609000000,609000016,-1,0,48,0.5085914,5.0778747,510,1.8022612,2.6660256,13.998311,2353,0,0,1,-180.90875,-3.5521162,69.33639,71,5.0778747,0.051398285,65.18335,80.43647,0.09860259,0.05917274,0.0,0.039304014,0.3915757,0.0,0.0012024522,4.079696E-4,0.0,1.03669474E-4,0.0013334217,0.1176674,0.0,41.498028,0.005560711,0.050921626,-17.186432,-17.659094,-18.173367,-18.631252,-19.94757,99.0,99.0,99.0,99.0,99.0,-17.087374,-17.590027,-18.119848,-18.591007,-19.93251,4.284847,886
609000016,609000039,609000015,609000016,47000000001948,47000000001948,609000000,609000017,-1,0,47,0.5641766,4.6475463,510,1.8791579,2.6664972,13.961833,2353,0,0,1,-179.69469,-1.7367299,68.46801,68,4.6475463,0.04892505,63.916973,72.44352,0.106557645,0.05732848,0.0,0.0010509803,0.3632769,0.0,0.00125161,3.8574138E-4,0.0,5.8777096E-6,0.0013072174,0.04637149,0.0,39.22718,0.00698225,0.0100445505,-16.985794,-17.54387,-18.09562,-18.569191,-19.912539,99.0,99.0,99.0,99.0,99.0,-16.948608,-17.514765,-18.072407,-18.552258,-19.907383,4.0397086,985
609000017,609000039,609000016,609000017,46000000001960,46000000001960,609000000,609000018,-1,0,46,0.6235901,4.733612,510,1.9478414,2.6723702,13.940563,2353,0,0,1,-177.53755,2.689466,66.659386,68,4.733612,0.048182543,65.001205,78.15274,0.08606045,0.056602426,0.0,0.0089975,0.39253828,0.0,0.0011407316,3.7729501E-4,0.0,5.466115E-5,0.0013684963,0.060768194,0.0,40.687397,0.005766364,0.030361084,-17.053202,-17.618858,-18.168034,-18.636766,-19.976097,99.0,99.0,99.0,99.0,99.0,-17.002062,-17.578815,-18.135983,-18.61327,-19.968834,3.7135236,399
609000018,609000039,609000017,609000018,45000000002050,45000000002050,609000000,609000019,-1,0,45,0.6871088,4.8196774,509,2.0286353,2.6707869,13.910628,2360,0,0,1,-176.18155,1.621324,67.62804,65,4.8196774,0.04736625,66.15222,88.49109,0.091775924,0.05565511,0.0,0.003390165,0.41990712,0.0,0.0011731711,3.64967E-4,0.0,1.1594176E-5,0.0013415935,0.0020958197,0.0,0.0,0.0067600757,0.04736625,-17.047047,-17.637638,-18.182243,-18.642202,-19.966246,99.0,99.0,99.0,99.0,99.0,-17.006098,-17.60592,-18.156889,-18.623575,-19.96041,3.3987234,704
609000019,609000039,609000018,609000019,44000000002062,44000000002062,609000000,609000020,-1,0,44,0.75503564,4.991809,509,2.106279,2.673149,13.877081,2360,0,0,1,-172.99185,3.6957617,64.40443,65,4.991809,0.04674766,67.76711,82.28807,0.08180826,0.05562269,0.0,6.806716E-4,0.50906336,0.0,8.999983E-4,3.6455304E-4,0.0,2.7710357E-6,0.0016250679,0.18088053,0.0,38.92772,0.0042307004,0.0067345286,-17.656466,-18.064445,-18.52204,-18.934877,-20.195114,99.0,99.0,99.0,99.0,99.0,-17.586113,-18.00914,-18.477749,-18.902277,-20.184801,3.0289507,470
609000020,609000039,609000019,609000020,43000000001922,43000000001922,609000000,609000021,-1,0,43,0.8276991,5.1639404,509,2.180175,2.6801548,13.84454,2360,0,0,1,-168.08133,4.5111313,64.031494,72,5.1639404,0.046035603,69.45662,74.58902,0.101559736,0.052856013,0.0,0.0,0.49424648,0.0,9.5602876E-4,3.3650294E-4,0.0,-3.3881318E-21,0.0014603157,0.2453812,0.0,0.0,0.0046259817,0.046035603,-17.808329,-18.174582,-18.607998,-19.005077,-20.24228,99.0,99.0,99.0,99.0,99.0,-17.7328,-18.118038,-18.563597,-18.972204,-20.23111,2.809414,753
609000021,609000039,609000020,609000021,42000000002043,42000000002043,609000000,609000022,-1,0,42,0.9054624,5.2500057,509,2.2790244,2.6680722,13.816329,2360,0,0,1,-168.6523,5.1260624,64.52342,66,5.2500057,0.044989057,70.84291,80.552574,0.1279625,0.049157333,0.0,0.0015859315,0.47096938,0.0,9.874933E-4,3.0510296E-4,0.0,4.6374507E-6,0.0012609459,0.15101431,0.0,39.350163,0.005729029,0.007981814,-17.751299,-18.124014,-18.557192,-18.950066,-20.1812,99.0,99.0,99.0,99.0,99.0,-17.703783,-18.088734,-18.529945,-18.930254,-20.174833,2.6437883,609
609000022,609000039,609000021,609000022,41000000002025,41000000002025,609000000,609000023,-1,0,41,0.98870814,5.0778747,509,2.3769236,2.6721067,13.773063,2360,0,0,1,-164.37294,4.6793833,63.370255,66,5.0778747,0.043159895,71.13294,84.74225,0.10478229,0.04692224,0.0,0.004190321,0.47282463,0.0,8.9541543E-4,2.8754064E-4,0.0,1.1596708E-5,0.0012459905,0.17828643,0.0,40.110386,0.0045329584,0.013694751,-17.834936,-18.184656,-18.601454,-18.981562,-20.182896,99.0,99.0,99.0,99.0,99.0,-17.758038,-18.12711,-18.556507,-18.9484,-20.171766,2.407045,837
609000023,609000039,609000022,609000023,40000000002035,40000000002035,609000000,609000024,-1,0,40,1.0778745,4.5614805,509,2.4806783,2.6615007,13.749389,2360,0,0,1,-162.60153,9.826166,61.086468,64,4.5614805,0.04032001,69.752945,78.68234,0.087146565,0.044339966,0.0,1.4211082E-4,0.4618768,0.0,8.336772E-4,2.65291E-4,0.0,5.021314E-7,0.0012051635,0.23631597,0.0,0.0,0.0040577548,0.04032001,-17.851517,-18.199146,-18.614233,-18.995998,-20.19854,99.0,99.0,99.0,99.0,99.0,-17.76786,-18.135363,-18.56359,-18.958254,-20.18576,2.1906097,202
609000024,609000039,609000023,609000024,39000000002010,39000000002010,609000000,609000025,-1,0,39,1.173417,4.5614805,509,2.567735,2.6390812,13.708037,2360,0,0,1,-162.30103,8.942966,61.022835,65,4.5614805,0.038962595,70.9576,80.96863,0.11097681,0.041002557,0.0,0.0,0.44152614,0.0,8.6477364E-4,2.3659383E-4,0.0,0.0,0.0010276133,0.308531,0.0,0.0,0.00454346,0.038962595,-17.98358,-18.29381,-18.681982,-19.043268,-20.202772,99.0,99.0,99.0,99.0,99.0,-17.927057,-18.249651,-18.647024,-19.01764,-20.194687,2.0144656,949
609000025,609000039,609000024,609000025,38000000001958,38000000001958,609000000,609000026,-1,0,38,1.2758462,4.733612,506,2.656116,2.6502755,13.669435,2332,0,0,1,-155.01965,9.188208,59.982376,65,4.733612,0.038044967,73.150566,74.14421,0.10815004,0.03676863,0.0,0.0330585,0.41729632,0.0,7.8550767E-4,2.0768362E-4,0.0,6.1366685E-5,8.5158396E-4,0.18243188,0.0,41.68783,0.004736444,0.03733299,-17.806303,-18.141962,-18.544502,-18.911356,-20.083689,99.0,99.0,99.0,99.0,99.0,-17.766874,-18.110296,-18.519173,-18.892902,-20.078176,1.8961521,920
609000026,609000039,609000025,609000026,37000000001961,37000000001961,609000000,609000027,-1,0,37,1.3857181,4.3032837,506,2.7477882,2.6360893,13.628837,2332,0,0,1,-151.50137,8.698852,56.671947,65,4.3032837,0.03547724,72.22624,82.01965,0.08383041,0.034344397,0.0,0.003270014,0.41403386,0.0,7.150048E-4,1.9047147E-4,0.0,1.1243966E-5,8.618302E-4,0.18184409,0.0,40.244152,0.0041854577,0.013465762,-17.748133,-18.089218,-18.490053,-18.855429,-20.015635,99.0,99.0,99.0,99.0,99.0,-17.67275,-18.031565,-18.444544,-18.821705,-20.004583,1.7009252,667
609000027,609000039,609000026,609000027,36000000002142,36000000002142,609000000,609000028,-1,0,36,1.5036365,4.3893495,506,2.8163548,2.6336324,13.607243,2332,0,0,1,-147.20917,9.311188,55.415176,57,4.3893495,0.03431136,74.17389,84.631065,0.10004167,0.032012492,0.0,0.0077107497,0.41604176,0.0,7.2227087E-4,1.7224389E-4,0.0,1.6321888E-5,7.6165627E-4,0.32641718,0.0,40.780273,0.003999587,0.017542228,-18.022768,-18.3083,-18.676077,-19.021793,-20.142698,99.0,99.0,99.0,99.0,99.0,-17.961462,-18.259966,-18.637703,-18.993607,-20.133993,1.504517,315
609000028,609000039,609000027,609000028,35000000002043,35000000002043,609000000,609000029,-1,0,35,1.6302707,4.131152,506,2.9024737,2.6383464,13.570666,2332,0,0,1,-140.29025,9.2025,50.98256,60,4.131152,0.03224519,74.22891,82.656555,0.1285623,0.027986417,0.0,0.0022813084,0.3636655,0.0,6.909985E-4,1.472196E-4,0.0,4.8700313E-6,6.1750604E-4,0.19714059,0.0,39.98895,0.005511749,0.0091671,-17.84656,-18.13198,-18.493673,-18.83284,-19.934603,99.0,99.0,99.0,99.0,99.0,-17.822512,-18.11322,-18.47897,-18.8222,-19.931513,1.4014268,615
609000029,609000039,609000028,609000029,34000000002370,34000000002370,609000000,609000030,-1,0,34,1.766336,4.0450864,506,2.9870715,2.6487567,13.547093,2333,0,0,1,-136.8784,2.9913487,49.683254,47,4.0450864,0.030649163,75.33981,77.90061,0.11870449,0.02565554,0.0,0.0114260735,0.36156544,0.0,6.058737E-4,1.3522033E-4,0.0,1.5037058E-5,5.817856E-4,0.28915545,0.0,41.04458,0.0037827776,0.016851848,-18.120138,-18.3418,-18.660532,-18.964489,-20.003687,99.0,99.0,99.0,99.0,99.0,-18.054817,-18.291397,-18.6215,-18.93614,-19.995556,1.2326725,383
609000030,609000039,609000029,609000030,33000000002528,33000000002528,609000000,609000031,-1,0,33,1.9126327,3.3565612,506,3.065559,2.6470814,13.525812,2333,0,0,1,-131.32718,3.3952248,48.883366,43,3.3565612,0.027518436,72.42781,79.17451,0.06611989,0.022388652,0.0,0.0063300077,0.32098544,0.0,4.7031557E-4,1.1864846E-4,0.0,1.8662555E-5,5.583489E-4,0.11433943,0.0,40.927746,0.0034673694,0.018623693,-17.650782,-17.94632,-18.3072,-18.644213,-19.748014,99.0,99.0,99.0,99.0,99.0,-17.582338,-17.892694,-18.26467,-18.612856,-19.738565,1.1257218,994
609000031,609000039,609000030,609000031,32000000002379,32000000002379,609000000,609000032,-1,0,32,2.0700274,3.442627,506,3.1275067,2.640956,13.478222,2333,0,0,1,-127.39411,5.807632,46.064125,44,3.442627,0.02646914,74.79026,85.97565,0.05896642,0.021158136,0.0,0.0017068839,0.35592884,0.0,4.275704E-4,1.10209556E-4,0.0,2.7066199E-6,5.611446E-4,0.5271568,0.0,39.28301,0.0014547226,0.004252609,-18.426676,-18.587769,-18.868359,-19.142056,-20.107256,99.0,99.0,99.0,99.0,99.0,-18.082685,-18.307558,-18.641874,-18.971853,-20.053974,0.9258686,42
609000032,609000039,609000031,609000032,31000000002498,31000000002498,609000000,609000033,-1,0,31,2.2394855,2.4959044,506,3.2141159,2.6458337,13.440769,2333,0,0,1,-126.789955,8.334861,45.355793,40,2.4959044,0.022640748,68.85549,75.37636,0.047186874,0.015770156,0.0,0.0043299086,0.2272705,0.0,3.7648255E-4,7.1056405E-5,0.0,1.0832394E-5,3.5968205E-4,0.13527475,0.0,40.771454,0.0026362033,0.015311353,-17.405245,-17.686794,-18.046705,-18.38497,-19.496397,99.0,99.0,99.0,99.0,99.0,-17.307787,-17.61311,-17.98999,-18.344318,-19.484886,0.9575944,480
609000033,609000039,609000032,609000033,30000000003256,30000000003256,609000000,609000034,-1,0,30,2.422044,2.4959044,506,3.284797,2.6419003,13.413206,2333,0,0,1,-126.59106,10.588087,38.079918,27,2.4959044,0.0215215,70.623245,70.38011,0.055825964,0.014461013,0.0,0.0050911596,0.22788805,0.0,3.749251E-4,6.150628E-5,0.0,7.7984705E-6,3.0492133E-4,0.2264963,0.0,40.796684,0.002446589,0.0128770545,-17.658037,-17.848345,-18.14254,-18.426804,-19.407257,99.0,99.0,99.0,99.0,99.0,-17.579603,-17.787598,-18.095297,-18.393084,-19.397802,0.8002515,33
609000034,609000039,609000033,609000034,29000000002996,29000000002996,609000000,609000035,-1,0,29,2.6188614,2.2377074,506,3.3592274,2.6377254,13.389075,2333,0,0,1,-128.68155,7.4841,31.644094,28,2.2377074,0.019694438,69.90364,68.63385,0.056647535,0.012391386,0.0,0.0060593695,0.19575295,0.0,3.404727E-4,4.8807025E-5,0.0,8.58741E-6,2.4235646E-4,0.12832698,0.0,41.004574,0.0027023205,0.014140285,-17.438263,-17.626791,-17.915274,-18.1935,-19.163654,99.0,99.0,99.0,99.0,99.0,-17.375591,-17.58088,-17.880838,-18.16959,-19.157276,0.6964521,283
609000035,609000039,609000034,609000035,28000000003188,28000000003188,609000000,609000036,-1,0,28,2.8311827,1.6352477,506,3.4294336,2.6299193,13.361357,2333,0,0,1,-119.70856,13.271522,33.75121,25,1.6352477,0.016808826,64.68343,67.647385,0.03718237,0.011287394,0.0,7.738051E-4,0.19918065,0.0,3.011534E-4,4.2315693E-5,0.0,1.3795926E-6,2.3727004E-4,0.13874869,0.0,39.842167,0.0021257638,0.006329303,-17.399225,-17.585451,-17.86868,-18.152727,-19.116505,99.0,99.0,99.0,99.0,99.0,-17.31662,-17.520966,-17.818108,-18.116673,-19.106258,0.5501978,388
609000036,609000039,609000035,609000036,27000000002895,27000000002895,609000000,609000037,-1,0,27,3.060419,1.9795104,506,3.474274,2.6087573,13.35327,2333,0,0,1,-119.70172,8.379252,31.50855,26,1.9795104,0.016948657,70.87307,75.25147,0.045139365,0.010166474,0.0,4.83338E-4,0.19799305,0.0,3.0126734E-4,3.410009E-5,0.0,8.0823656E-7,1.964757E-4,0.21909769,0.0,39.5468,0.0021578276,0.004291796,-17.623714,-17.755947,-18.001524,-18.26385,-19.177534,99.0,99.0,99.0,99.0,99.0,-17.515362,-17.675205,-17.940403,-18.221422,-19.166176,0.405041,763
609000037,609000039,609000036,609000037,26000000002950,26000000002950,609000000,609000038,-1,0,26,3.3080978,1.9795104,506,3.56296,2.6078112,13.335188,2333,0,0,1,-112.52502,6.2825265,27.166172,24,1.9795104,0.016011596,72.917465,86.06029,0.056840435,0.008508631,0.0,0.0042075804,0.18706597,0.0,2.827392E-4,2.4577574E-5,0.0,4.9514438E-6,1.3555455E-4,0.13576931,0.0,40.94189,0.0025969797,0.010317594,-17.715185,-17.83254,-18.065332,-18.320793,-19.190851,99.0,99.0,99.0,99.0,99.0,-17.662415,-17.79215,-18.034468,-18.299023,-19.185083,0.28278217,386
609000038,609000039,609000037,609000038,25000000002969,25000000002969,609000000,609000039,-1,0,25,3.575905,1.8934448,506,3.608444,2.5928226,13.33688,2333,0,0,1,-110.4759,4.204587,24.483713,22,1.8934448,0.014882544,73.97035,78.80479,0.03844748,0.007548852,0.0,0.0024548632,0.20345318,0.0,2.457389E-4,1.9879231E-5,0.0,2.815711E-6,1.2887425E-4,0.6290394,0.0,40.449657,0.0012403874,0.0065265885,-18.166153,-18.204618,-18.393728,-18.615767,-19.445421,99.0,99.0,99.0,99.0,99.0,-17.896925,-17.995596,-18.232634,-18.503044,-19.41564,0.1405914,930
609000039,609000039,609000038,609000039,24000000002795,24000000002795,609000000,-1,-1,0,24,3.8656828,1.549182,506,3.675988,2.6096733,13.30009,2333,0,0,1,-109.93115,1.1718056,22.272846,21,1.549182,0.013112987,71.28044,72.74593,0.067862,0.0034047773,0.0,0.007936659,0.12531012,0.0,1.5160852E-4,3.2682499E-6,0.0,2.2016616E-6,2.2120386E-5,0.55590534,0.0,41.097282,0.001341866,0.0069693807,-18.249762,-18.204985,-18.311514,-18.414553,-18.841583,99.0,99.0,99.0,99.0,99.0,-18.154976,-18.126575,-18.248238,-18.366108,-18.825468,0.043129954,303
609000040,609000070,-1,609000000,63000000001239,63000000001239,609000000,609000041,-1,2,63,0.0,5.8524656,510,0.90837735,2.6294215,14.328219,2352,0,0,1,-193.92714,-73.776566,79.97328,24,1.8934448,0.039467104,45.423298,55.292683,0.028316762,0.012009362,0.0,0.0,0.0,0.0,2.9025692E-4,4.749846E-5,0.0,0.0,0.0,0.0012757397,0.0,0.0,0.003252284,0.039467104,-14.786696,-15.471739,-16.073288,-16.558365,-17.843859,99.0,99.0,99.0,99.0,99.0,-14.755622,-15.446734,-16.053236,-16.543816,-17.839602,5.5028915,451
609000041,609000070,609000040,609000001,62000000001242,62000000001242,609000000,609000042,-1,2,62,0.019932542,5.8524656,510,0.94764096,2.64266,14.314444,2352,0,0,1,-202.89615,-59.30821,59.17614,24,1.8934448,0.039467104,45.423298,55.292683,0.028416613,0.011995381,0.0,0.0,0.0,0.0,2.9054322E-4,4.7355297E-5,0.0,0.0,0.0,0.0018050523,0.0,0.0,0.003252284,0.039467104,-14.88192,-15.552599,-16.14558,-16.624037,-17.904917,99.0,99.0,99.0,99.0,99.0,-14.848318,-15.526252,-16.124651,-16.608881,-17.90046,5.245708,601
609000042,609000070,609000041,609000002,61000000001302,61000000001302,609000000,609000043,-1,2,61,0.041403063,5.680334,510,0.9914198,2.653256,14.30405,2353,0,0,1,-210.24533,-40.30883,38.64467,24,1.8934448,0.039467104,45.423298,55.292683,0.028564554,0.011974662,0.0,0.0,0.0,0.0,2.9096263E-4,4.7143873E-5,0.0,0.0,0.0,0.0025946791,0.0,0.0,0.003252284,0.039467104,-14.992311,-15.644391,-16.226513,-16.696821,-17.972147,99.0,99.0,99.0,99.0,99.0,-14.960117,-15.618721,-16.205988,-16.681925,-17.967768,4.978675,384
609000043,609000070,609000042,609000003,60000000001274,60000000001274,609000000,609000044,-1,2,60,0.064493395,6.36886,510,1.0381832,2.6594846,14.296614,2353,0,0,1,-201.21303,-20.64726,37.813087,24,1.8934448,0.039467104,45.423298,55.292683,0.028786462,0.0119435815,0.0,0.0,0.0,0.0,2.9158112E-4,4.6828245E-5,0.0,0.0,0.0,0.0037867967,0.0,0.0,0.003252284,0.039467104,-15.121323,-15.749992,-16.318989,-16.780233,-18.048393,99.0,99.0,99.0,99.0,99.0,-15.079535,-15.719064,-16.294909,-16.762783,-18.043074,4.703378,792
609000044,609000070,609000043,609000004,59000000001301,59000000001301,609000000,609000045,-1,2,59,0.08928783,7.057385,510,1.0857018,2.6641884,14.283379,2353,0,0,1,-200.70877,-17.320847,73.284225,24,1.8934448,0.039467104,45.423298,55.292683,0.029123217,0.01189642,0.0,0.0,0.0,0.0,2.924961E-4,4.6352663E-5,0.0,0.0,0.0,0.005607438,0.0,0.0,0.003252284,0.039467104,-15.267429,-15.865452,-16.417593,-16.86814,-18.12562,99.0,99.0,99.0,99.0,99.0,-15.229668,-15.836546,-16.394794,-16.85158,-18.120625,4.4220805,506
609000045,609000070,609000044,609000005,58000000001282,58000000001282,609000000,609000046,-1,2,58,0.11588337,10.500011,510,1.1394839,2.6672323,14.261308,2353,0,0,1,-229.63513,-5.257061,98.3243,24,1.8934448,0.039467104,45.423298,55.292683,0.029640106,0.011824031,0.0,0.0,0.0,0.0,2.9384514E-4,4.5630553E-5,0.0,0.0,0.0,0.008418651,0.0,0.0,0.003252284,0.039467104,-15.433545,-15.993662,-16.524965,-16.962948,-18.206459,99.0,99.0,99.0,99.0,99.0,-15.398221,-15.965856,-16.502806,-16.946823,-18.201628,4.137883,869
609000046,609000070,609000045,609000006,57000000001333,57000000001333,609000000,609000047,-1,2,57,0.14438343,11.360668,510,1.2115759,2.6691136,14.234512,2353,0,0,1,-308.97705,-18.378633,95.326675,24,1.8934448,0.039467104,45.423298,55.292683,0.030441985,0.01171173,0.0,0.0,0.0,0.0,2.9580764E-4,4.452888E-5,0.0,0.0,0.0,0.012803832,0.0,0.0,0.003252284,0.039467104,-15.626552,-16.142683,-16.64959,-17.073603,-18.300611,99.0,99.0,99.0,99.0,99.0,-15.590963,-16.11442,-16.62699,-17.057137,-18.295668,3.8553336,189
609000047,609000070,609000046,609000007,56000000001324,56000000001324,609000000,609000048,-1,2,56,0.17489761,11.102471,510,1.3092023,2.674245,14.204423,2353,0,0,1,-338.6023,0.53883666,133.73259,24,1.8934448,0.039467104,45.423298,55.292683,0.03169823,0.011535796,0.0,0.0,0.0,0.0,2.985733E-4,4.2847005E-5,0.0,0.0,0.0,0.019708855,0.0,0.0,0.003252284,0.039467104,-15.845577,-16.310427,-16.78803,-17.195757,-18.402699,99.0,99.0,99.0,99.0,99.0,-15.808499,-16.28188,-16.765427,-17.179218,-18.39753,3.5812066,275
609000048,609000070,609000047,609000008,55000000001313,55000000001313,609000000,609000049,-1,2,55,0.20754863,10.500011,510,1.3981991,2.6662273,14.161039,2353,0,0,1,-255.17888,23.648802,150.47507,24,1.8934448,0.039467104,45.423298,55.292683,0.033684224,0.0112576615,0.0,0.0,0.0,0.0,3.0220844E-4,4.0293195E-5,0.0,0.0,0.0,0.030674696,0.0,0.0,0.003252284,0.039467104,-16.087627,-16.495966,-16.940128,-17.329079,-18.51129,99.0,99.0,99.0,99.0,99.0,-16.037863,-16.458813,-16.911005,-17.30758,-18.504103,3.3260365,495
609000049,609000070,609000048,609000009,54000000001288,54000000001288,609000000,609000050,-1,2,54,0.24246909,8.434436,510,1.4789646,2.665557,14.1114435,2353,0,0,1,-253.2936,6.841154,142.28249,24,1.8934448,0.039467104,45.423298,55.292683,0.036849387,0.0108143855,0.0,0.0,0.0,0.0,3.0625172E-4,3.6472313E-5,0.0,0.0,0.0,0.048220087,0.0,0.0,0.003252284,0.039467104,-16.325851,-16.661806,-17.058586,-17.417517,-18.537256,99.0,99.0,99.0,99.0,99.0,-16.285223,-16.630384,-17.033718,-17.399235,-18.531279,3.1074321,730
609000050,609000070,609000049,609000010,53000000001328,53000000001328,609000000,609000051,-1,2,53,0.2798018,5.3360715,510,1.5602714,2.660164,14.070837,2353,0,0,1,-238.43958,28.560823,107.41914,24,1.8934448,0.039467104,45.423298,55.292683,0.041929152,0.010102968,0.0,0.0,0.0,0.0,3.0864985E-4,3.0922E-5,0.0,0.0,0.0,0.07647173,0.0,0.0,0.003252284,0.039467104,-16.554394,-16.821934,-17.176071,-17.51111,-18.57653,99.0,99.0,99.0,99.0,99.0,-16.504826,-16.783916,-17.146063,-17.488829,-18.568647,2.958251,796
609000051,609000070,609000050,609000040,52000000003871,52000000003871,609000000,609000052,-1,0,52,0.31970343,1.8934448,510,1.6416811,2.643962,14.034028,2353,0,0,1,-236.17339,35.600044,116.28545,24,1.8934448,0.039467104,45.423298,55.292683,0.0501296,0.008954502,0.0,0.0,0.078826256,0.0,3.0322364E-4,2.3282108E-5,0.0,0.0,1.4478414E-4,0.122194394,0.0,0.0,0.003252284,0.039467104,-16.726263,-16.938433,-17.260258,-17.577112,-18.594866,99.0,99.0,99.0,99.0,99.0,-16.690891,-16.91032,-17.237776,-17.560482,-18.58925,2.9518085,212
609000052,609000070,609000051,609000041,51000000004040,51000000004040,609000000,609000053,-1,0,51,0.36234027,1.8934448,510,1.7313174,2.6278832,13.99448,2353,0,0,1,-230.72499,35.488453,114.69588,23,1.8934448,0.038911905,45.7462,57.983356,0.06342721,0.0070921844,0.0,0.0,0.06739096,0.0,2.7412607E-4,1.3769575E-5,0.0,0.0,8.5377396E-5,0.06363885,0.0,0.0,0.0050598853,0.038911905,-16.133862,-16.389847,-16.74353,-17.077768,-18.100645,99.0,99.0,99.0,99.0,99.0,-16.119312,-16.378717,-16.73481,-17.071304,-18.098335,3.3087945,245
609000053,609000070,609000052,609000042,50000000003959,50000000003959,609000000,609000054,-1,0,50,0.40789944,1.8934448,510,1.8268036,2.6171935,13.948377,2353,0,0,1,-226.34354,34.743317,111.66754,24,1.8934448,0.0383154,46.10092,63.055294,0.07043443,0.0061108307,0.0,0.0,0.06136512,0.0,2.501097E-4,9.9321705E-6,0.0,1.0587912E-22,6.1580904E-5,0.027149813,0.0,0.0,0.0067382646,0.0383154,-15.482112,-15.822187,-16.231241,-16.59336,-17.643307,99.0,99.0,99.0,99.0,99.0,-15.476565,-15.818011,-16.228006,-16.59101,-17.642538,3.438286,35
609000054,609000070,609000053,609000043,49000000003858,49000000003858,609000000,609000055,-1,0,49,0.45657724,1.8073791,510,1.9123373,2.5927043,13.903259,2353,0,0,1,-224.71848,34.366604,106.99,25,1.8073791,0.037096817,45.77478,54.268665,0.07344962,0.0056885537,0.0,0.0,0.058772203,0.0,2.3813956E-4,8.501601E-6,0.0,0.0,5.2756524E-5,0.008224241,0.0,0.0,0.007962633,0.037096817,-15.008118,-15.454441,-15.919185,-16.307661,-17.380106,99.0,99.0,99.0,99.0,99.0,-15.005506,-15.452408,-15.91758,-16.3065,-17.379753,3.3053126,11
609000055,609000070,609000054,609000044,48000000003873,48000000003873,609000000,609000056,-1,0,48,0.5085914,1.6352477,509,2.0137007,2.5826688,13.860919,2360,0,0,1,-222.67502,34.02336,103.69475,25,1.6352477,0.035230257,44.67904,51.50899,0.07436798,0.005559939,0.0,0.0,0.05798247,0.0,2.343072E-4,8.090796E-6,0.0,0.0,5.0230425E-5,0.013412129,0.0,0.0,0.007935624,0.035230257,-15.198864,-15.599211,-16.038654,-16.414,-17.469864,99.0,99.0,99.0,99.0,99.0,-15.196702,-15.597495,-16.03729,-16.41301,-17.469566,3.001444,258
609000056,609000070,609000055,609000045,47000000003899,47000000003899,609000000,609000057,-1,0,47,0.5641766,1.3770508,509,2.114538,2.5623102,13.812434,2360,0,0,1,-221.07701,33.809975,100.83691,25,1.3770508,0.032616697,42.611317,70.92262,0.07586898,0.0053497246,0.0,0.0,0.05669169,0.0,2.2786552E-4,7.444786E-6,0.0,-1.0587912E-22,4.6254172E-5,0.019183911,0.0,0.0,0.008047212,0.032616697,-15.318208,-15.688451,-16.111462,-16.476295,-17.51595,99.0,99.0,99.0,99.0,99.0,-15.31589,-15.686639,-16.110031,-16.47526,-17.515633,2.7350712,310
609000057,609000070,609000056,609000046,46000000004211,46000000004211,609000000,609000058,-1,0,46,0.6235901,1.2909851,509,2.2075448,2.5424938,13.7743635,2360,0,0,1,-218.80898,35.2228,99.41335,23,1.2909851,0.031246347,42.15324,53.86726,0.07801372,0.0050493535,0.0,0.0,0.054847308,0.0,2.1828475E-4,6.5751833E-6,0.0,0.0,4.089551E-5,0.0075040883,0.0,0.0,0.009132253,0.031246347,-15.05288,-15.495425,-15.95398,-16.334831,-17.38899,99.0,99.0,99.0,99.0,99.0,-15.051194,-15.49414,-15.952976,-16.334106,-17.388771,2.5099497,172
609000058,609000070,609000057,609000047,45000000004230,45000000004230,609000000,609000059,-1,0,45,0.6871088,1.2049193,509,2.3150947,2.510768,13.73372,2360,0,0,1,-217.88753,34.930973,96.75642,23,1.2049193,0.029838867,41.67329,51.95941,0.07884901,0.004932373,0.0,0.0,0.054128997,0.0,2.144334E-4,6.252697E-6,0.0,0.0,3.89125E-5,0.011554604,0.0,0.0,0.009011991,0.029838867,-15.251062,-15.6495495,-16.082567,-16.44895,-17.478195,99.0,99.0,99.0,99.0,99.0,-15.249377,-15.648246,-16.081543,-16.44821,-17.477972,2.1902752,644
609000059,609000070,609000058,609000048,44000000004252,44000000004252,609000000,609000060,-1,0,44,0.75503564,1.3770508,509,2.4095767,2.4911776,13.690588,2360,0,0,1,-214.48639,34.75734,93.09485,23,1.3770508,0.030431537,44.114666,50.6383,0.08012521,0.0047536422,0.0,0.0,0.053031534,0.0,2.084242E-4,5.7777647E-6,0.0,0.0,3.5989742E-5,0.015968293,0.0,0.0,0.008472777,0.030431537,-15.416945,-15.776672,-16.185753,-16.537508,-17.539272,99.0,99.0,99.0,99.0,99.0,-15.415413,-15.775457,-16.18479,-16.53681,-17.539062,1.8937104,742
609000060,609000070,609000059,609000049,43000000004378,43000000004378,609000000,609000061,-1,0,43,0.8276991,1.2909851,506,2.5218005,2.4593594,13.644246,2332,0,0,1,-210.59921,35.065273,88.80717,22,1.2909851,0.029000614,43.75493,51.674408,0.08186922,0.0045093964,0.0,0.0,0.051531784,0.0,1.9997184E-4,5.162842E-6,0.0,0.0,3.2201973E-5,0.019061888,0.0,0.0,0.008518577,0.029000614,-15.547943,-15.881362,-16.272295,-16.611374,-17.585075,99.0,99.0,99.0,99.0,99.0,-15.545974,-15.879872,-16.271141,-16.610542,-17.584822,1.6184411,843
609000061,609000070,609000060,609000050,42000000004374,42000000004374,609000000,609000062,-1,0,42,0.9054624,1.3770508,506,2.6200912,2.468269,13.58753,2332,0,0,1,-210.77155,34.413425,87.14771,22,1.3770508,0.028798528,45.348175,54.155544,0.0839208,0.0042220717,0.0,0.0,0.049767517,0.0,1.896796E-4,4.4886488E-6,0.0,0.0,2.8046066E-5,0.025147062,0.0,0.0,0.008300781,0.028798528,-15.618653,-15.923762,-16.292294,-16.616724,-17.551352,99.0,99.0,99.0,99.0,99.0,-15.617426,-15.92275,-16.291475,-16.616129,-17.551178,1.353656,153
609000062,609000070,609000061,609000051,40000000004161,40000000004161,609000000,609000063,-1,0,40,1.0778745,0.9467224,506,2.8452778,2.4412189,13.485868,2332,0,0,1,-204.56396,32.178898,81.85344,24,0.9467224,0.023872225,41.298553,50.161774,0.08917908,0.0034856529,0.0,0.0,0.045245655,0.0,1.6165995E-4,2.9989237E-6,0.0,0.0,1.8796594E-5,0.06288097,0.0,0.0,0.0072139394,0.023872225,-16.156187,-16.31795,-16.588882,-16.847857,-17.63419,99.0,99.0,99.0,99.0,99.0,-16.153755,-16.316128,-16.587484,-16.846855,-17.633879,0.85715556,781
609000063,609000070,609000062,609000052,39000000004002,39000000004002,609000000,609000064,-1,0,39,1.173417,0.86065674,506,2.9271212,2.3955002,13.470207,2332,0,0,1,-202.1801,30.140564,77.77087,25,0.86065674,0.022347173,40.698055,47.00117,0.09552004,0.0025976081,0.0,0.0,0.03979275,0.0,1.2485153E-4,1.627464E-6,0.0,0.0,1.0237256E-5,0.037013147,0.0,0.0,0.009103345,0.022347173,-15.774835,-15.935399,-16.197416,-16.444496,-17.171045,99.0,99.0,99.0,99.0,99.0,-15.774085,-15.934828,-16.196972,-16.44418,-17.170952,0.751056,848
609000064,609000070,609000063,609000053,38000000004238,38000000004238,609000000,609000065,-1,0,38,1.2758462,1.032788,506,3.0642307,2.4359226,13.396934,2333,0,0,1,-199.53076,31.30028,76.12354,22,1.032788,0.022903582,44.037624,47.604305,0.09914683,0.0020896823,0.0,0.0,0.036673892,0.0,1.0237605E-4,1.0372032E-6,0.0,0.0,6.5699937E-6,0.042748924,0.0,0.0,0.0087780375,0.022903582,-15.777742,-15.878479,-16.092144,-16.30639,-16.947538,99.0,99.0,99.0,99.0,99.0,-15.7772255,-15.878079,-16.091833,-16.306168,-16.947474,0.56283426,211
609000065,609000070,609000064,609000054,37000000004267,37000000004267,609000000,609000066,-1,0,37,1.3857181,1.4631164,506,3.1604252,2.411152,13.380901,2333,0,0,1,-198.23737,28.559486,72.308876,23,1.4631164,0.024761453,50.410538,52.511536,0.10320303,0.0015216155,0.0,0.0,0.03318576,0.0,7.6084725E-5,5.3927977E-7,0.0,0.0,3.4609939E-6,0.040894896,0.0,0.0,0.008600176,0.024761453,-15.63885,-15.697532,-15.881731,-16.079086,-16.668322,99.0,99.0,99.0,99.0,99.0,-15.638391,-15.697187,-15.881468,-16.078903,-16.66827,0.39253598,245
609000066,609000070,609000065,609000055,36000000004215,36000000004215,609000000,609000067,-1,0,36,1.5036365,1.6352477,506,3.2779171,2.3949711,13.350522,2333,0,0,1,-196.56091,27.671339,70.05181,23,1.6352477,0.02468875,53.37184,54.558426,0.10694756,9.971951E-4,0.0,0.0,0.029965643,0.0,5.076755E-5,2.2535676E-7,0.0,0.0,1.4910519E-6,0.057983574,0.0,0.0,0.008006697,0.02468875,-15.59082,-15.576883,-15.722258,-15.8911085,-16.415182,99.0,99.0,99.0,99.0,99.0,-15.590642,-15.576743,-15.722148,-15.89103,-16.41516,0.20752035,631
609000067,609000070,609000066,609000056,35000000004243,35000000004243,609000000,609000068,-1,0,35,1.6302707,1.6352477,506,3.3820512,2.3668132,13.312156,2333,0,0,1,-192.14476,26.580776,66.90915,23,1.6352477,0.023675676,54.501762,54.656994,0.111992985,2.820174E-4,0.0,0.005195414,0.020928161,0.0,1.4697855E-5,1.5813741E-8,0.0,3.770411E-8,9.164824E-8,0.023852434,0.0,40.192673,0.00783476,0.007963405,-14.945489,-14.7611475,-14.754127,-14.726578,-14.719663,99.0,99.0,99.0,99.0,99.0,-14.945401,-14.76108,-14.754073,-14.726539,-14.719649,0.050212856,651
609000068,609000070,609000067,609000057,34000000004324,34000000004324,609000000,609000069,-1,0,34,1.766336,0.9467224,506,3.4873586,2.3269022,13.27666,2333,0,0,1,-192.15326,24.558855,65.999374,22,0.9467224,0.018887896,46.42902,50.3428,0.06843719,0.0,0.0,0.0,0.0,0.0,0.0,0.0,0.0,0.0,0.0,0.0,0.0,0.0,0.0083714705,0.018887896,99.0,99.0,99.0,99.0,99.0,99.0,99.0,99.0,99.0,99.0,99.0,99.0,99.0,99.0,99.0,0.0,127
609000069,609000070,609000068,609000058,33000000004398,33000000004398,609000000,609000070,-1,0,33,1.9126327,1.032788,506,3.5799956,2.2958014,13.227135,2333,0,0,1,-186.02571,24.279966,61.708134,21,1.032788,0.018577872,48.896477,50.805653,0.056693245,0.0,0.0,0.01241952,0.0,0.0,0.0,0.0,0.0,0.0,0.0,0.0,0.0,41.088154,0.007781606,0.018474365,99.0,99.0,99.0,99.0,99.0,99.0,99.0,99.0,99.0,99.0,99.0,99.0,99.0,99.0,99.0,0.0,751
609000070,609000070,609000069,609000059,32000000004314,32000000004314,609000000,-1,-1,0,32,2.0700274,0.9467224,506,3.6662254,2.2821033,13.182873,2333,0,0,1,-179.78651,22.44564,58.359047,21,0.9467224,0.017212767,48.635784,49.099945,0.050513517,0.0,0.0,0.012139061,0.0,0.0,0.0,0.0,0.0,0.0,0.0,0.0,0.0,40.95903,0.009250032,0.01609514,99.0,99.0,99.0,99.0,99.0,99.0,99.0,99.0,99.0,99.0,99.0,99.0,99.0,99.0,99.0,0.0,793
609000071,609000102,-1,609000000,63000000001239,63000000001239,609000000,609000072,-1,2,63,0.0,5.8524656,510,0.9776693,2.6004272,14.345316,2353,0,0,1,-199.2667,-3.0558555,76.903564,21,1.8073797,0.039836913,44.172485,65.66164,0.028744753,0.0173729,0.0,0.0,0.0,0.0,3.268572E-4,8.463832E-5,0.0,0.0,0.0,0.0,0.0,40.775288,0.0061070654,0.03740367,-14.640426,-15.41216,-16.067825,-16.600393,-17.94168,99.0,99.0,99.0,99.0,99.0,-14.630677,-15.404123,-16.061323,-16.595665,-17.940298,7.5091653,103
609000072,609000102,609000071,609000001,62000000001242,62000000001242,609000000,609000073,-1,2,62,0.019932542,5.8524656,510,1.0195062,2.6007273,14.328387,2353,0,0,1,-220.80812,-2.3792036,94.87344,21,1.8073797,0.039836913,44.172485,65.66164,0.028744753,0.0173729,0.0,0.0,0.0,0.0,3.268572E-4,8.463832E-5,0.0,0.0,0.0,0.0,0.0,40.775288,0.0061070654,0.03740367,-14.682294,-15.449787,-16.101526,-16.62976,-17.966082,99.0,99.0,99.0,99.0,99.0,-14.672546,-15.44175,-16.095024,-16.62503,-17.964699,7.245728,58
609000073,609000102,609000072,609000002,61000000001302,61000000001302,609000000,609000074,-1,2,61,0.041403063,5.680334,510,1.0669183,2.601807,14.3073015,2353,0,0,1,-224.84901,-9.218526,100.14147,21,1.8073797,0.039836913,44.172485,65.66164,0.028744753,0.0173729,0.0,0.0,0.0,0.0,3.268572E-4,8.463832E-5,0.0,0.0,0.0,0.0,0.0,40.775288,0.0061070654,0.03740367,-14.729972,-15.491793,-16.138754,-16.661951,-17.992865,99.0,99.0,99.0,99.0,99.0,-14.720224,-15.483755,-16.13225,-16.657223,-17.991482,6.9698763,523
609000074,609000102,609000073,609000003,60000000001274,60000000001274,609000000,609000075,-1,2,60,0.064493395,6.36886,510,1.1163726,2.6056623,14.2853985,2353,0,0,1,-210.23613,-24.57554,96.43347,21,1.8073797,0.039836913,44.172485,65.66164,0.028744753,0.0173729,0.0,0.0,0.0,0.0,3.268572E-4,8.463832E-5,0.0,0.0,0.0,0.0,0.0,40.775288,0.0061070654,0.03740367,-14.782529,-15.538095,-16.180374,-16.699404,-18.027302,99.0,99.0,99.0,99.0,99.0,-14.77278,-15.530058,-16.173872,-16.694674,-18.025919,6.6820226,653
609000075,609000102,609000074,609000004,59000000001301,59000000001301,609000000,609000076,-1,2,59,0.08928783,7.057385,510,1.1643935,2.612679,14.260523,2353,0,0,1,-189.1208,-31.324278,113.83784,21,1.8073797,0.039836913,44.172485,65.66164,0.028744753,0.0173729,0.0,0.0,0.0,0.0,3.268572E-4,8.463832E-5,0.0,0.0,0.0,0.0,0.0,40.775288,0.0061070654,0.03740367,-14.844525,-15.591858,-16.22854,-16.743027,-18.068293,99.0,99.0,99.0,99.0,99.0,-14.834778,-15.58382,-16.222036,-16.738298,-18.066912,6.3827095,447
609000076,609000102,609000075,609000005,58000000001282,58000000001282,609000000,609000077,-1,2,58,0.11588337,10.500011,510,1.2090695,2.6198666,14.230379,2353,0,0,1,-161.06451,-24.44357,114.580345,21,1.8073797,0.039836913,44.172485,65.66164,0.028744753,0.0173729,0.0,0.0,0.0,0.0,3.268572E-4,8.463832E-5,0.0,0.0,0.0,0.0,0.0,40.775288,0.0061070654,0.03740367,-14.922315,-15.661774,-16.292881,-16.802362,-18.127209,99.0,99.0,99.0,99.0,99.0,-14.912566,-15.653736,-16.286379,-16.797634,-18.125828,6.07245,84
609000077,609000102,609000076,609000006,57000000001333,57000000001333,609000000,609000078,-1,2,57,0.14438343,11.360668,510,1.2532425,2.6272643,14.203169,2353,0,0,1,-167.74008,-29.809399,77.37288,21,1.8073797,0.039836913,44.172485,65.66164,0.028744753,0.0173729,0.0,0.0,0.0,0.0,3.268572E-4,8.463832E-5,0.0,0.0,0.0,0.0,0.0,40.775288,0.0061070654,0.03740367,-15.025572,-15.753115,-16.376354,-16.879107,-18.202007,99.0,99.0,99.0,99.0,99.0,-15.015824,-15.745077,-16.36985,-16.874378,-18.200626,5.751861,930
609000078,609000102,609000077,609000007,56000000001324,56000000001324,609000000,609000079,-1,2,56,0.17489761,11.102471,510,1.3061166,2.638359,14.192834,2353,0,0,1,-208.79005,-58.05029,7.9247036,21,1.8073797,0.039836913,44.172485,65.66164,0.028744753,0.0173729,0.0,0.0,0.0,0.0,3.268572E-4,8.463832E-5,0.0,0.0,0.0,0.0,0.0,40.775288,0.0061070654,0.03740367,-15.177485,-15.887398,-16.501396,-17.001436,-18.342999,99.0,99.0,99.0,99.0,99.0,-15.167738,-15.87936,-16.494894,-16.996708,-18.341618,5.4216304,315
609000079,609000102,609000078,609000008,55000000001313,55000000001313,609000000,609000080,-1,2,55,0.20754863,10.500011,510,1.367306,2.6711214,14.185833,2353,0,0,1,-185.69138,-136.14452,40.67703,21,1.8073797,0.039836913,44.172485,65.66164,0.028744753,0.0173729,0.0,0.0,0.0,0.0,3.268572E-4,8.463832E-5,0.0,0.0,0.0,0.0,0.0,40.775288,0.0061070654,0.03740367,-15.332619,-15.995825,-16.580002,-17.058939,-18.359352,99.0,99.0,99.0,99.0,99.0,-15.322871,-15.987787,-16.5735,-17.054209,-18.357971,5.0824795,340
609000080,609000102,609000079,609000060,54000000001289,54000000001288,609000000,609000081,-1,1,54,0.24246909,8.434436,510,1.4207541,2.7167702,14.159226,2353,0,0,1,-152.01895,-114.19867,73.55322,21,1.8073797,0.039836913,44.172485,65.66164,0.028744753,0.0173729,0.0,0.0,0.0,0.0,3.268572E-4,8.463832E-5,0.0,0.0,0.0,0.0,0.0,40.775288,0.0061070654,0.03740367,-15.600059,-16.182245,-16.723806,-17.1807,-18.463388,99.0,99.0,99.0,99.0,99.0,-15.59031,-16.174208,-16.717302,-17.175972,-18.462006,4.7351885,462
609000081,609000102,609000080,609000061,53000000001329,53000000001328,609000000,609000082,-1,1,53,0.2798018,5.3360715,510,1.4701867,2.7549884,14.127525,2353,0,0,1,-145.28712,-96.80336,75.740326,31,2.6680367,0.044824507,50.59506,63.153248,0.028744753,0.0173729,0.0,0.0,0.0,0.0,3.268572E-4,8.463832E-5,0.0,0.0,0.0,0.09334448,0.0,40.775288,0.0021336968,0.03740367,-16.393839,-16.737423,-17.172878,-17.574062,-18.7793,99.0,99.0,99.0,99.0,99.0,-16.287256,-16.653921,-17.10579,-17.52406,-18.762444,4.38062,46
609000082,609000102,609000081,609000062,52000000002824,52000000002824,609000000,609000083,-1,0,52,0.31970343,2.6680357,510,1.5087024,2.7784896,14.100777,2353,0,0,1,-143.96123,-88.29573,73.70136,34,2.6680357,0.04424677,50.92429,53.807312,0.038754553,0.015971035,0.0,0.0153901065,0.14626887,0.0,3.5579296E-4,7.038903E-5,0.0,2.5803827E-5,2.5555672E-4,0.00975284,0.0,40.775288,0.0036979336,0.03740367,-15.568938,-16.13913,-16.685516,-17.138916,-18.404385,99.0,99.0,99.0,99.0,99.0,-15.537046,-16.114439,-16.665962,-17.12471,-18.400078,4.3862863,400
609000083,609000102,609000082,609000063,51000000003004,51000000003004,609000000,609000084,-1,0,51,0.36234027,2.3237731,510,1.5666708,2.8094037,14.079934,2353,0,0,1,-143.2396,-80.95943,72.52443,34,2.3237731,0.041660983,48.978115,54.554073,0.03794638,0.015822398,0.0,3.283193E-4,0.15681522,0.0,3.5481527E-4,6.900538E-5,0.0,6.9487834E-7,2.7520384E-4,0.016908873,0.0,38.3018,0.0037244775,0.0060708597,-15.699669,-16.241585,-16.770779,-17.212751,-18.465395,99.0,99.0,99.0,99.0,99.0,-15.669843,-16.218214,-16.75219,-17.199234,-18.461308,4.059615,516
609000084,609000102,609000083,609000064,50000000003197,50000000003197,609000000,609000085,-1,0,50,0.40789944,2.1516418,510,1.6341758,2.8630075,14.059184,2353,0,0,1,-141.77885,-76.59624,70.422714,33,2.1516418,0.039983347,48.107788,52.62135,0.0398016,0.015561653,0.0,6.5078E-4,0.15779836,0.0,3.581716E-4,6.6615794E-5,0.0,1.2490685E-6,2.660191E-4,0.011116926,0.0,38.785145,0.0040813736,0.008636196,-15.7268715,-16.284073,-16.81482,-17.255283,-18.51011,99.0,99.0,99.0,99.0,99.0,-15.698832,-16.262661,-16.797949,-17.243034,-18.506363,3.7537036,498
609000085,609000102,609000084,609000065,49000000003188,49000000003188,609000000,609000086,-1,0,49,0.45657724,2.7541015,510,1.671988,2.872873,14.011822,2353,0,0,1,-141.59119,-72.0632,69.57014,33,2.7541015,0.04268876,52.67483,57.663857,0.040640444,0.015388745,0.0,0.012216684,0.16784668,0.0,3.58473E-4,6.507962E-5,0.0,2.0426185E-5,2.6636256E-4,0.01841306,0.0,40.669262,0.0036627639,0.031538047,-15.98292,-16.477316,-16.973827,-17.395535,-18.63019,99.0,99.0,99.0,99.0,99.0,-15.94466,-16.448492,-16.951262,-17.379137,-18.625063,3.4198596,127
609000086,609000102,609000085,609000066,48000000003194,48000000003194,609000000,609000087,-1,0,48,0.5085914,2.6680357,510,1.7236692,2.9122212,13.97415,2353,0,0,1,-141.38835,-68.554214,68.921104,33,2.6680357,0.041474883,52.59848,63.649952,0.041470878,0.015100786,0.0,1.2161741E-4,0.17360696,0.0,3.5943108E-4,6.2551444E-5,0.0,2.4979354E-7,2.7295336E-4,0.030336061,0.0,37.517128,0.0036307678,0.0028976125,-16.22745,-16.664497,-17.126015,-17.528606,-18.739267,99.0,99.0,99.0,99.0,99.0,-16.197609,-16.641,-17.10732,-17.515009,-18.73513,3.1055348,20
609000087,609000102,609000086,609000067,47000000003195,47000000003195,609000000,609000088,-1,0,47,0.5641766,2.6680357,510,1.8005528,2.9421191,13.952039,2355,0,0,1,-143.09917,-65.70741,67.23104,32,2.6680357,0.04066186,53.121727,61.43285,0.044865757,0.014625313,0.0,0.0,0.17094935,0.0,3.6287092E-4,5.8576985E-5,0.0,0.0,2.49002E-4,0.06322175,0.0,0.0,0.0034540743,0.04066186,-16.554527,-16.892498,-17.292618,-17.657648,-18.792934,99.0,99.0,99.0,99.0,99.0,-16.507616,-16.857082,-17.264973,-17.637455,-18.786234,2.8231902,200
609000088,609000102,609000087,609000068,46000000003335,46000000003335,609000000,609000089,-1,0,46,0.6235901,2.4959044,510,1.8685408,2.9773343,13.923376,2355,0,0,1,-141.08151,-62.49859,65.373924,32,2.4959044,0.03892556,52.512962,59.671253,0.05193393,0.013635422,0.0,0.0,0.14791654,0.0,3.6418342E-4,5.114322E-5,0.0,0.0,2.0302371E-4,0.10103409,0.0,0.0,0.003529839,0.03892556,-16.770288,-17.0444,-17.407644,-17.753466,-18.846214,99.0,99.0,99.0,99.0,99.0,-16.713045,-17.001957,-17.374735,-17.729082,-18.837164,2.636988,526
609000089,609000102,609000088,609000069,45000000003356,45000000003356,609000000,609000090,-1,0,45,0.6871088,2.4959044,510,1.9235271,3.0039213,13.893386,2355,0,0,1,-141.7939,-58.451324,65.36402,32,2.4959044,0.038036946,53.122818,62.49409,0.06318009,0.012060408,0.0,0.0,0.13824542,0.0,3.520854E-4,4.1326883E-5,0.0,0.0,1.4204237E-4,0.13398671,0.0,0.0,0.003841919,0.038036946,-16.824633,-17.066278,-17.413107,-17.749355,-18.81316,99.0,99.0,99.0,99.0,99.0,-16.785875,-17.036608,-17.389814,-17.73208,-18.806955,2.58017,323
609000090,609000102,609000089,609000070,44000000003313,44000000003313,609000000,609000091,-1,0,44,0.75503564,2.2377074,509,1.9894878,3.0301836,13.859102,2362,0,0,1,-139.51332,-54.96714,61.952293,33,2.2377074,0.035777364,51.864174,55.072044,0.07797878,0.009987864,0.0,0.0,0.093855545,0.0,3.1405306E-4,3.151566E-5,0.0,0.0,8.0804595E-5,0.039950315,0.0,0.0,0.003835253,0.035777364,-16.523846,-16.779663,-17.150135,-17.483452,-18.546658,99.0,99.0,99.0,99.0,99.0,-16.491283,-16.755081,-17.131193,-17.4694,-18.541708,2.7022297,133
609000091,609000102,609000090,609000071,43000000003433,43000000003433,609000000,609000092,-1,0,43,0.8276991,1.1188537,509,2.1034439,3.0412881,13.846329,2362,0,0,1,-135.39044,-52.73263,58.768093,31,1.1188537,0.02764975,41.7168,49.74093,0.040347584,0.009376799,0.0,8.0821186E-4,0.078905,0.0,2.8845607E-4,2.8527533E-5,0.0,7.8301804E-7,7.644535E-5,0.0,0.0,38.988758,0.0055390117,0.007966651,-15.161082,-15.79698,-16.355478,-16.796095,-17.999023,99.0,99.0,99.0,99.0,99.0,-15.153178,-15.790463,-16.350204,-16.792261,-17.997904,2.505494,679
609000092,609000102,609000091,609000072,42000000003365,42000000003365,609000000,609000093,-1,0,42,0.9054624,1.2049193,509,2.169247,3.062831,13.804266,2362,0,0,1,-135.75183,-50.03186,58.654694,32,1.2049193,0.0275448,43.373966,53.415546,0.040235892,0.009376799,0.0,0.0010159352,0.096859686,0.0,2.883479E-4,2.8527533E-5,0.0,9.842662E-7,9.3840354E-5,0.0,0.0,39.200233,0.005005211,0.009104195,-15.366808,-15.973241,-16.515717,-16.948544,-18.152151,99.0,99.0,99.0,99.0,99.0,-15.357158,-15.965283,-16.509277,-16.943861,-18.150784,2.1432452,875
609000093,609000102,609000092,609000073,41000000003315,41000000003315,609000000,609000094,-1,0,41,0.98870814,0.86065674,509,2.2547665,3.0711973,13.783283,2362,0,0,1,-133.93434,-47.660267,57.38518,32,0.86065674,0.023885246,39.36589,41.659325,0.040070195,0.009376799,0.0,0.0012818873,0.11950939,0.0,2.8818735E-4,2.8527533E-5,0.0,1.241928E-6,1.1578401E-4,0.0,0.0,39.3281,0.0056598857,0.009739262,-15.6152725,-16.17471,-16.690447,-17.109097,-18.296951,99.0,99.0,99.0,99.0,99.0,-15.607754,-16.16851,-16.685432,-17.10545,-18.295887,1.7875473,902
609000094,609000102,609000093,609000074,40000000003432,40000000003432,609000000,609000095,-1,0,40,1.0778745,1.6352477,509,2.2819052,3.107506,13.755085,2362,0,0,1,-132.14609,-45.071144,54.979168,30,1.6352477,0.02864265,49.55131,49.879414,0.03980734,0.009376799,0.0,0.00143992,0.14821298,0.0,2.8793266E-4,2.8527533E-5,0.0,1.4668957E-6,1.4359286E-4,0.0031270927,0.0,39.54345,0.0041423887,0.010269376,-15.98633,-16.464516,-16.93481,-17.328142,-18.48275,99.0,99.0,99.0,99.0,99.0,-15.971264,-16.45236,-16.925056,-17.32105,-18.480648,1.4394605,614
609000095,609000102,609000094,609000075,39000000003358,39000000003358,609000000,609000096,-1,0,39,1.173417,1.032788,509,2.3808599,3.1124983,13.748049,2362,0,0,1,-129.51799,-45.0388,51.472977,32,1.032788,0.023747414,43.24814,55.367638,0.039871812,0.009332636,0.0,0.0,0.18006074,0.0,2.876434E-4,2.8208613E-5,0.0,0.0,1.7422937E-4,0.054506157,0.0,0.0,0.0034486149,0.023747414,-16.589808,-16.916666,-17.303097,-17.648983,-18.718681,99.0,99.0,99.0,99.0,99.0,-16.558674,-16.892565,-17.28407,-17.635002,-18.714169,1.1060561,334
609000096,609000102,609000095,609000076,38000000003532,38000000003532,609000000,609000097,-1,0,38,1.2758462,1.032788,509,2.4402626,3.1449418,13.722752,2362,0,0,1,-126.60842,-41.20232,47.66501,30,1.032788,0.022903582,44.037624,53.0405,0.045212653,0.008584655,0.0,0.0,0.17546792,0.0,2.8437484E-4,2.3182958E-5,0.0,0.0,1.4315612E-4,0.062759645,0.0,0.0,0.003701342,0.022903582,-16.758163,-17.034748,-17.37984,-17.695818,-18.671211,99.0,99.0,99.0,99.0,99.0,-16.737984,-17.01847,-17.366777,-17.68626,-18.66829,0.8573551,952
609000097,609000102,609000096,609000077,37000000003439,37000000003439,609000000,609000098,-1,0,37,1.3857181,1.549182,509,2.506893,3.1730058,13.680813,2362,0,0,1,-124.99499,-39.040325,46.53199,31,1.549182,0.025237752,51.380207,56.392193,0.05116756,0.0077506783,0.0,0.0,0.170347,0.0,2.752687E-4,1.8343851E-5,0.0,0.0,1.1320784E-4,0.15486935,0.0,0.0,0.0029625886,0.025237752,-17.161354,-17.351803,-17.638657,-17.920156,-18.815954,99.0,99.0,99.0,99.0,99.0,-17.118675,-17.318043,-17.611723,-17.90008,-18.809225,0.6120727,666
609000098,609000102,609000097,609000078,36000000003670,36000000003670,609000000,609000099,-1,0,36,1.5036365,2.3237731,506,2.5513225,3.20414,13.639278,2334,0,0,1,-124.79836,-36.083588,44.712975,28,2.3237731,0.027756784,60.004284,65.630554,0.06532721,0.005764695,0.0,0.002301835,0.15817335,0.0,2.3423886E-4,9.605098E-6,0.0,1.1100409E-6,5.8450947E-5,0.101667285,0.0,39.687466,0.0041191573,0.0063094627,-16.937176,-17.094572,-17.35046,-17.613817,-18.445215,99.0,99.0,99.0,99.0,99.0,-16.925587,-17.085363,-17.343157,-17.608498,-18.443607,0.45733,739
609000099,609000102,609000098,609000079,35000000003671,35000000003671,609000000,609000100,-1,0,35,1.6302707,2.065576,506,2.606609,3.2377021,13.601246,2334,0,0,1,-118.62556,-35.558117,42.319675,28,2.065576,0.025593024,58.915527,72.97838,0.07426046,0.0045107156,0.0,0.0,0.12082307,0.0,1.9618073E-4,5.742622E-6,0.0,0.0,3.54827E-5,0.27059722,0.0,0.0,0.003262011,0.025593024,-17.34349,-17.40919,-17.607578,-17.82504,-18.549246,99.0,99.0,99.0,99.0,99.0,-17.319525,-17.390469,-17.592958,-17.814419,-18.545996,0.2441304,920
609000100,609000102,609000099,609000080,34000000003843,34000000003843,609000000,609000101,-1,0,34,1.766336,1.8073791,506,2.6719823,3.2440512,13.59899,2334,0,0,1,-115.91416,-33.458855,39.97339,26,1.8073791,0.023431087,57.5968,59.343597,0.097105175,0.0013113306,0.0,0.0,0.06967206,0.0,6.548088E-5,7.371493E-7,0.0,0.0,2.7993706E-6,0.08369921,0.0,43.390423,0.0031772442,0.023761263,-16.486525,-16.392214,-16.480335,-16.567503,-16.998432,99.0,99.0,99.0,99.0,99.0,-16.480099,-16.387327,-16.476595,-16.56488,-16.99769,0.18180665,172
609000101,609000102,609000100,609000081,33000000003651,33000000003651,609000000,609000102,-1,0,33,1.9126327,1.032788,506,2.7062624,3.3135319,13.548416,2334,0,0,1,-114.22685,-31.646877,37.159325,27,1.032788,0.018577872,48.896477,52.785313,0.04650294,3.6569402E-4,0.0,0.0,0.022244127,0.0,1.8703608E-5,6.819313E-8,0.0,0.0,4.7525253E-7,0.031024022,0.0,0.0,0.0038287758,0.018577872,-14.964492,-14.886271,-14.980648,-15.074482,-15.428857,99.0,99.0,99.0,99.0,99.0,-14.963721,-14.885701,-14.980218,-15.074186,-15.428773,0.10394555,250
609000102,609000102,609000101,609000082,32000000003444,32000000003444,609000000,-1,-1,0,32,2.0700274,0.774591,506,2.7668788,3.3541455,13.520681,2334,0,0,1,-109.21187,-30.333849,35.09944,28,0.774591,0.016099066,45.488945,58.327267,0.034329917,3.181513E-5,0.0,0.0051504043,0.0035322926,0.0,1.6680021E-6,5.7957367E-10,0.0,4.0269312E-9,1.8718045E-9,0.003112773,0.0,40.396675,0.0035248531,0.011205045,-12.939994,-12.697889,-12.648505,-12.542525,-12.334598,99.0,99.0,99.0,99.0,99.0,-12.93998,-12.697877,-12.648496,-12.542519,-12.334595,0.024628026,587