galaxyID,lastProgenitorId,descendantId,haloID,subHaloID,fofID,treeId,firstProgenitorId,nextProgenitorId,type,snapnum,redshift,centralMvir,phkey,x,y,z,zIndex,ix,iy,iz,velX,velY,velZ,np,mvir,rvir,vvir,vmax,coldGas,stellarMass,bulgeMass,hotGas,ejectedMass,blackHoleMass,metalsColdGas,metalsStellarMass,metalsBulgeMass,metalsHotGas,metalsEjectedMass,sfr,sfrBulge,xrayLum,diskRadius,coolingRadius,mag_b,mag_v,mag_r,mag_i,mag_k,mag_bBulge,mag_vBulge,mag_rBulge,mag_iBulge,mag_kBulge,mag_bDust,mag_vDust,mag_rDust,mag_iDust,mag_kDust,massWeightedAge,random
659000000,659000040,-1,659000000,63000000001293,63000000001293,659000000,659000001,-1,0,63,0.0,6.885254,188,14.005691,9.331142,3.2793396,1646,1,1,0,-56.183025,2.833077,16.482185,132,6.885254,0.06665301,66.65305,70.48974,0.41573498,0.08373848,0.005252026,4.850363E-4,0.2807049,1.18332006E-4,0.0022909702,3.0113917E-4,8.586331E-6,1.8290468E-6,0.0010137589,0.038791876,0.0,0.0,0.028658884,0.0062310486,-17.058659,-17.649858,-18.210754,-18.673267,-19.910034,-13.563101,-14.254393,-14.860805,-15.3311205,-16.475592,-17.056087,-17.647816,-18.209133,-18.672094,-19.909693,5.4688973,970
659000001,659000040,659000000,659000001,62000000001308,62000000001308,659000000,659000002,-1,0,62,0.019932542,6.885254,188,14.012762,9.323181,3.2638726,1646,1,1,0,-56.090347,2.567641,17.306702,132,6.885254,0.06631761,66.82139,72.73082,0.41877097,0.08331328,0.005252026,3.642679E-5,0.28763622,1.18332006E-4,0.0022852428,2.9880795E-4,8.586331E-6,1.3934749E-7,0.0010353723,0.05994199,0.0,0.0,0.026912332,0.0015775712,-17.147266,-17.714214,-18.263947,-18.71897,-19.948166,-13.598051,-14.285894,-14.889804,-15.357844,-16.500088,-17.144445,-17.71205,-18.262253,-18.717752,-19.947813,5.2327,240
659000002,659000040,659000001,659000002,61000000001301,61000000001301,659000000,659000003,-1,0,61,0.041403063,7.3155823,188,14.0269165,9.32793,3.2572765,1646,1,1,0,-57.049667,2.7420566,18.34719,136,7.3155823,0.067295544,68.37562,75.885506,0.419643,0.08262524,0.005252026,0.06610145,0.28342092,1.1833172E-4,0.002260366,2.9508426E-4,8.586331E-6,1.4079477E-4,9.2358486E-4,0.024019308,0.0,41.5502,0.029475512,0.060780965,-17.004053,-17.639189,-18.218658,-18.687933,-19.935982,-13.635923,-14.319956,-14.921113,-15.386674,-16.526756,-17.00104,-17.637066,-18.217062,-18.686802,-19.935658,4.999261,252
659000003,659000040,659000002,659000003,60000000001278,60000000001278,659000000,659000004,-1,0,60,0.064493395,7.2295165,188,14.033721,9.334321,3.2535532,1646,1,1,0,-57.40519,2.629598,17.672611,138,7.2295165,0.066620104,68.315926,76.49462,0.4142574,0.08233755,0.005252026,0.041960314,0.30194852,1.1833119E-4,0.002241684,2.9353105E-4,8.586331E-6,6.6831235E-5,0.0010026428,0.028095137,0.0,41.12494,0.027638445,0.042010274,-17.09029,-17.70742,-18.278502,-18.742628,-19.983992,-13.677253,-14.357201,-14.955404,-15.4184,-16.556667,-17.087614,-17.705385,-18.276913,-18.741488,-19.983658,4.7283854,780
659000004,659000040,659000003,659000004,59000000001296,59000000001296,659000000,659000005,-1,0,59,0.08928783,6.885254,188,14.0484705,9.33284,3.243197,1646,1,1,0,-56.430527,3.6508067,17.884838,138,6.885254,0.06510334,67.44167,76.81513,0.35930282,0.08198763,0.005252026,0.025711358,0.3209808,1.1833089E-4,0.001985166,2.9164273E-4,8.586331E-6,2.2195371E-4,0.0010875104,0.008852428,0.0,41.157772,0.026900122,0.056898735,-17.015255,-17.688848,-18.280272,-18.751791,-20.004206,-13.722875,-14.398569,-14.993678,-15.454129,-16.59158,-17.012491,-17.686737,-18.278616,-18.750597,-20.003857,4.448828,586
659000005,659000040,659000004,659000005,58000000001258,58000000001258,659000000,659000006,-1,0,58,0.11588337,7.3155823,188,14.0736265,9.338785,3.2399852,1646,1,1,0,-56.09092,3.7466724,17.309538,141,7.3155823,0.065939344,69.075195,79.87156,0.3509209,0.08187334,0.005252026,0.071066536,0.3561083,1.18330354E-4,0.0019465599,2.9101226E-4,8.586331E-6,1.4573464E-4,0.0011969518,0.012815355,0.0,41.608498,0.025334286,0.061150983,-17.12433,-17.789268,-18.37448,-18.8401,-20.096272,-13.773796,-14.445181,-15.037091,-15.49511,-16.633137,-17.121487,-17.787037,-18.37271,-18.83882,-20.095894,4.14459,379
659000006,659000040,659000005,659000006,57000000001288,57000000001288,659000000,659000007,-1,0,57,0.14438343,6.885254,188,14.094126,9.350207,3.2409759,1646,1,1,0,-56.719254,2.8876219,18.264442,139,6.885254,0.06409302,67.971146,77.88578,0.3466655,0.08170238,0.005252026,0.0025999765,0.39545542,1.1832993E-4,0.001932984,2.9006012E-4,8.586331E-6,8.806142E-6,0.0013394108,0.0,0.0,38.884377,0.027402915,0.013840644,-17.218544,-17.904402,-18.495058,-18.962172,-20.231218,-13.829445,-14.496421,-15.0849905,-15.540643,-16.680267,-17.216421,-17.902649,-18.493643,-18.96114,-20.230915,3.8323572,755
659000007,659000040,659000006,659000007,56000000001267,56000000001267,659000000,659000008,-1,0,56,0.17489761,7.4877133,188,14.106359,9.351854,3.2410526,1646,1,1,0,-55.96902,4.183516,17.543865,141,7.4877133,0.065319896,70.2137,75.83033,0.34641793,0.08170238,0.005252026,0.0152062,0.450864,1.18329895E-4,0.0019313002,2.9006012E-4,8.586331E-6,3.2804273E-5,0.0015270796,0.0,0.0,40.22542,0.03002631,0.023730326,-17.37668,-18.023472,-18.589628,-19.040722,-20.280142,-13.891465,-14.55383,-15.138815,-15.592023,-16.733526,-17.374907,-18.02201,-18.588448,-19.039862,-20.27989,3.5021267,956
659000008,659000040,659000007,659000008,55000000001280,55000000001280,659000000,659000009,-1,0,55,0.20754863,7.2295165,188,14.135686,9.345005,3.2324042,1646,1,1,0,-54.951553,2.5222702,18.45549,138,7.2295165,0.063925736,69.74077,77.76818,0.20736817,0.08170238,0.005252026,0.050074432,0.5168155,1.1832939E-4,0.0014975924,2.9006012E-4,8.586331E-6,2.4313365E-4,0.0017504581,0.0,0.0,41.529526,0.02574456,0.06386226,-17.575716,-18.158022,-18.688803,-19.121006,-20.330156,-13.961258,-14.618075,-15.198634,-15.648791,-16.791714,-17.573763,-18.156414,-18.687504,-19.120064,-20.329882,3.1629717,309
659000009,659000040,659000008,659000009,54000000001575,54000000001575,659000000,659000010,-1,0,54,0.24246909,6.7131224,188,14.153701,9.353,3.2150455,1646,1,1,0,-58.254105,-11.382295,18.778936,94,6.7131224,0.06169416,68.40852,79.20085,0.20162152,0.08170238,0.005252026,0.0,0.59561104,1.1832897E-4,0.0014729889,2.9006012E-4,8.586331E-6,0.0,0.0020173392,0.27069992,0.0,0.0,0.008338858,0.06169416,-18.199856,-18.596691,-19.039717,-19.426743,-20.571016,-14.039033,-14.68936,-15.264749,-15.711475,-16.854988,-18.168972,-18.573298,-19.021488,-19.4135,-20.566814,2.8156798,967
659000010,659000040,659000009,659000010,53000000001587,53000000001587,659000000,659000011,-1,0,53,0.2798018,7.057385,188,14.159848,9.35862,3.2098207,1646,1,1,0,-57.348373,-10.533663,20.163195,95,7.057385,0.061991602,69.97218,78.90593,0.23011237,0.07770861,0.005252026,0.009185531,0.5660889,1.18328964E-4,0.0014573679,2.629655E-4,8.586331E-6,1.95353E-5,0.0018345712,0.22085804,0.0,40.038456,0.009131706,0.020504516,-18.193129,-18.59235,-19.037773,-19.424423,-20.56806,-14.12905,-14.771337,-15.340565,-15.783323,-16.926126,-18.175507,-18.578447,-19.026747,-19.416422,-20.565638,2.5963056,205
659000011,659000040,659000010,659000011,52000000001518,52000000001518,659000000,659000012,-1,0,52,0.31970343,6.4549255,188,14.188722,9.358236,3.2053413,1646,1,1,0,-54.3041,-10.400908,20.029049,100,6.4549255,0.059399318,68.36359,77.57052,0.17942171,0.07439173,0.005252026,0.03796365,0.49834847,1.1832861E-4,0.0012735528,2.4205101E-4,8.586331E-6,1.0699008E-4,0.001777273,0.10548125,0.0,41.29097,0.009943718,0.048604622,-18.141266,-18.649076,-19.152464,-19.57248,-20.808823,-14.239746,-14.872371,-15.43482,-15.873745,-17.019318,-18.127851,-18.638597,-19.144167,-19.566465,-20.807016,2.344241,60
659000012,659000040,659000011,659000012,51000000001438,51000000001438,659000000,659000013,-1,0,51,0.36234027,6.196728,188,14.191632,9.360233,3.2010362,1646,1,1,0,-54.148514,-12.311444,19.66723,111,6.196728,0.057772227,67.91906,77.803986,0.14014855,0.072784126,0.005252026,0.03836821,0.50162774,1.1832829E-4,0.0010934992,2.3092497E-4,8.586331E-6,1.5033419E-4,0.0018404971,0.0,0.0,41.33982,0.014283731,0.052560687,-18.142756,-18.60598,-19.062069,-19.447905,-20.563574,-14.372723,-14.988433,-15.539682,-15.971743,-17.111412,-18.137754,-18.601877,-19.058762,-19.445503,-20.562874,2.0259154,923
659000013,659000040,659000012,659000013,50000000001538,50000000001538,659000000,659000014,-1,0,50,0.40789944,5.8524656,188,14.21796,9.36414,3.191783,1646,1,1,0,-49.68903,-9.948342,18.210836,101,5.8524656,0.055813007,67.15397,76.24102,0.09006314,0.072784126,0.005252026,0.0049838056,0.5905903,1.1832794E-4,8.9913985E-4,2.3092497E-4,8.586331E-6,1.8285831E-5,0.002166905,0.0,0.0,39.869926,0.019801952,0.019797679,-18.630754,-18.97156,-19.355883,-19.714739,-20.783443,-14.539305,-15.126854,-15.66157,-16.084555,-17.214142,-18.628119,-18.9694,-19.354143,-19.713476,-20.783075,1.6553152,499
659000014,659000040,659000013,659000014,49000000001460,49000000001460,659000000,659000015,-1,0,49,0.45657724,5.9385314,188,14.2404785,9.367253,3.1792383,1646,1,1,0,-50.05444,-11.188585,19.39901,110,5.9385314,0.055150136,68.05126,71.64816,0.08971932,0.072784126,0.005252026,0.0060791564,0.69901776,1.1832779E-4,8.978783E-4,2.3092497E-4,8.586331E-6,2.2304728E-5,0.002564731,2.4328318,0.0042358493,40.073296,0.015479976,0.021608457,-19.768806,-19.904797,-20.152166,-20.412287,-21.304451,-14.791456,-15.3218,-15.826302,-16.235565,-17.3468,-19.764454,-19.901224,-20.149288,-20.410198,-21.303844,1.2815211,13
659000015,659000029,659000014,659000015,48000000001553,48000000001553,659000000,659000016,659000030,0,48,0.5085914,6.540991,188,14.255213,9.367859,3.1710696,1646,1,1,0,-45.748577,-9.22363,16.365963,93,6.540991,0.055924546,70.92355,69.85064,0.30124694,0.029552246,0.0,0.0,0.49735343,0.0,0.0011103643,7.460256E-5,0.0,0.0,4.006588E-4,0.23254651,0.0,0.0,0.013014964,0.055924546,-17.776127,-18.06361,-18.432627,-18.771898,-19.806175,99.0,99.0,99.0,99.0,99.0,-17.770676,-18.05931,-18.42921,-18.7694,-19.805378,2.1635354,912
659000016,659000029,659000015,659000016,47000000001477,47000000001477,659000000,659000017,-1,0,47,0.5641766,6.885254,188,14.273179,9.36195,3.1731942,1646,1,1,0,-50.58715,-10.262242,17.94236,109,6.885254,0.055773772,72.86433,73.77854,0.32727107,0.025907435,0.0,7.268539E-4,0.47424462,0.0,0.0010066986,6.23506E-5,0.0,7.8164345E-7,3.2220472E-4,0.13555908,0.0,38.77985,0.016827922,0.0043988717,-17.5172,-17.82538,-18.200844,-18.540327,-19.554832,99.0,99.0,99.0,99.0,99.0,-17.513376,-17.82254,-18.19865,-18.53873,-19.554302,2.063915,975
659000017,659000029,659000016,659000017,46000000001615,46000000001615,659000000,659000018,-1,0,46,0.6235901,6.6270566,188,14.282212,9.344184,3.1667032,1646,1,1,0,-49.438694,-10.572175,16.66845,97,6.6270566,0.053901277,72.71613,76.78277,0.3424173,0.023784926,0.0,0.0,0.46855488,0.0,9.391463E-4,5.6195786E-5,0.0,0.0,2.899822E-4,0.24015385,0.0,0.0,0.014472396,0.053901277,-17.771742,-18.003384,-18.328625,-18.63769,-19.588812,99.0,99.0,99.0,99.0,99.0,-17.764553,-17.998087,-18.32455,-18.634706,-19.587753,1.854597,113
659000018,659000029,659000017,659000018,45000000001621,45000000001621,659000000,659000019,-1,0,45,0.6871088,7.1434507,188,14.307004,9.355063,3.1459687,1646,1,1,0,-53.02625,-10.899312,17.816687,96,7.1434507,0.0540048,75.4237,79.18787,0.3659598,0.02004118,0.0,0.063372865,0.42011574,0.0,8.047763E-4,4.70251E-5,0.0,5.4258617E-5,1.777089E-4,0.30036312,0.0,41.80992,0.013252391,0.037469245,-17.81881,-17.999496,-18.295074,-18.584475,-19.497889,99.0,99.0,99.0,99.0,99.0,-17.814928,-17.996492,-18.292719,-18.582766,-19.497345,1.7904595,266
659000019,659000029,659000018,659000019,44000000001628,44000000001628,659000000,659000020,-1,0,44,0.75503564,7.831976,188,14.330196,9.37382,3.13218,1646,1,1,0,-51.99872,-11.575107,16.817831,95,7.831976,0.054320574,78.74509,82.09035,0.33601716,0.015395079,0.0,0.3311674,0.30474287,0.0,6.017388E-4,3.8039943E-5,0.0,7.586942E-5,1.1778676E-4,0.20705096,0.0,42.585545,0.012594906,0.04406003,-17.455055,-17.629204,-17.929214,-18.217512,-19.141579,99.0,99.0,99.0,99.0,99.0,-17.451523,-17.626574,-17.927212,-18.216084,-19.141136,1.9044098,670
659000020,659000029,659000019,659000020,43000000001681,43000000001681,659000000,659000021,-1,0,43,0.8276991,7.1434507,188,14.365774,9.393944,3.1277425,1646,1,1,0,-50.45066,-10.379322,14.1051855,88,7.1434507,0.05129434,77.390785,80.56342,0.24515857,0.012228105,0.0,0.38525832,0.2355368,0.0,4.5455535E-4,3.2535518E-5,0.0,5.47369E-5,1.1775715E-4,0.03173124,0.0,42.6528,0.012660305,0.042241488,-16.514719,-16.85714,-17.275076,-17.635633,-18.737509,99.0,99.0,99.0,99.0,99.0,-16.511967,-16.855227,-17.273674,-17.634655,-18.73723,1.9891281,79
659000021,659000029,659000020,659000021,42000000001710,42000000001710,659000000,659000022,-1,0,42,0.9054624,5.9385314,188,14.365641,9.376593,3.1074204,1646,1,1,0,-53.060513,-10.488048,12.378638,85,5.9385314,0.04687558,73.81356,76.79922,0.14273018,0.011749812,0.0,0.2838635,0.24602972,0.0,4.2260316E-4,3.1604137E-5,0.0,3.296761E-5,1.3888984E-4,0.0,0.0,42.46387,0.012192371,0.0370288,-16.040726,-16.542345,-17.021223,-17.413874,-18.523943,99.0,99.0,99.0,99.0,99.0,-16.039097,-16.541,-17.020136,-17.413082,-18.523712,1.7051563,795
659000022,659000029,659000021,659000022,41000000001747,41000000001747,659000000,659000023,-1,0,41,0.98870814,3.8729553,188,14.447855,9.375292,3.090784,1646,1,1,0,-52.22284,-11.860724,12.7056055,82,3.8729553,0.039433673,64.99165,66.34558,0.103648975,0.011749812,0.0,7.4846804E-4,0.26858446,0.0,4.1803942E-4,3.1604137E-5,0.0,5.243492E-7,1.670643E-4,0.0,0.0,38.92181,0.014144552,0.004165028,-16.429636,-16.832588,-17.257471,-17.6311,-18.720121,99.0,99.0,99.0,99.0,99.0,-16.428263,-16.831455,-17.256556,-17.630432,-18.719927,1.3494594,514
659000023,659000029,659000022,659000023,40000000002624,40000000002624,659000000,659000024,-1,0,40,1.0778745,3.442627,188,14.490721,9.393762,3.0967133,1646,1,1,0,-68.46838,-19.788626,8.312976,44,3.442627,0.0367098,63.507343,78.414314,0.093643785,0.011749812,0.0,7.276326E-4,0.27049682,0.0,4.1509417E-4,3.1604137E-5,0.0,5.0524227E-7,1.712075E-4,0.24547552,0.0,38.327663,0.0042844587,0.0026155352,-17.505293,-17.712639,-18.024874,-18.33125,-19.31277,99.0,99.0,99.0,99.0,99.0,-17.48363,-17.695337,-18.011078,-18.321123,-19.30958,1.0013728,298
659000024,659000029,659000023,659000024,39000000002879,39000000002879,659000000,659000025,-1,0,39,1.173417,2.840167,188,14.523811,9.414835,3.0877373,1646,1,1,0,-66.15322,-21.385063,3.250768,40,2.840167,0.033270594,60.59149,62.395374,0.11833372,0.008283051,0.0,0.0074466295,0.15671703,0.0,3.2097416E-4,1.9488296E-5,0.0,2.969242E-6,9.2518385E-5,0.076739624,0.0,40.352966,0.0068374863,0.011192852,-16.83796,-17.064922,-17.387812,-17.688251,-18.63685,99.0,99.0,99.0,99.0,99.0,-16.833265,-17.061203,-17.384867,-17.686117,-18.636217,1.0045962,121
659000025,659000029,659000024,659000025,38000000002620,38000000002620,659000000,659000026,-1,0,38,1.2758462,2.3237731,188,14.56584,9.421979,3.1051967,1646,1,1,0,-56.77038,-20.838701,5.6697574,43,2.3237731,0.030012183,57.705612,68.934135,0.059847135,0.0072299624,0.0,0.031905618,0.12108273,0.0,2.6038513E-4,1.6888942E-5,0.0,1.8284027E-5,8.496631E-5,0.0,0.0,41.49002,0.005481744,0.029764136,-16.355555,-16.677458,-17.043264,-17.37911,-18.374245,99.0,99.0,99.0,99.0,99.0,-16.349428,-16.672407,-17.039179,-17.376139,-18.373377,0.80507135,845
659000026,659000029,659000025,659000026,37000000003928,37000000003928,659000000,659000027,-1,0,37,1.3857181,2.2377074,188,14.603651,9.440079,3.1012225,1646,1,1,0,-66.951584,-18.849262,-1.1438454,26,2.2377074,0.02852885,58.080383,67.66402,0.053360205,0.0072299624,0.0,0.0,0.15246834,0.0,2.5664517E-4,1.6888942E-5,0.0,0.0,1.0699024E-4,0.2992578,0.0,0.0,0.0023773517,0.02852885,-17.516216,-17.6554,-17.90995,-18.174587,-19.044357,99.0,99.0,99.0,99.0,99.0,-17.454771,-17.60609,-17.870419,-18.145117,-19.034616,0.48571417,741
659000027,659000029,659000026,659000027,36000000004083,36000000004083,659000000,659000028,-1,0,36,1.5036365,1.8934448,188,14.6673765,9.449809,3.0982895,1647,1,1,0,-68.09164,-20.804962,-2.1801364,24,1.8934448,0.0259252,56.04479,60.13559,0.080725335,0.0033923967,0.0,0.005040296,0.080009215,0.0,1.4356595E-4,4.9463983E-6,0.0,9.54499E-7,2.9080362E-5,0.04387642,0.0,40.165966,0.0050712456,0.008635241,-16.401804,-16.518263,-16.752413,-16.982752,-17.742989,99.0,99.0,99.0,99.0,99.0,-16.394701,-16.513048,-16.74849,-16.979979,-17.74218,0.53259575,924
659000028,659000029,659000027,659000028,35000000003663,35000000003663,659000000,659000029,-1,0,35,1.6302707,1.2909851,188,14.695693,9.459231,3.1397617,1647,1,1,0,-59.2037,-18.213606,-5.7233424,27,1.2909851,0.021881728,50.372066,50.16538,0.03586425,0.0028512185,0.0,0.0,0.054249786,0.0,1.1786574E-4,4.087457E-6,0.0,0.0,2.8110951E-5,0.12331485,0.0,0.0,0.002555264,0.021881728,-16.391903,-16.512894,-16.748377,-17.001873,-17.832144,99.0,99.0,99.0,99.0,99.0,-16.381102,-16.503986,-16.74117,-16.996632,-17.83061,0.32432854,498
659000029,659000029,659000028,659000029,33000000004391,33000000004391,659000000,-1,-1,0,33,1.9126327,1.032788,188,14.77073,9.48512,3.1210918,1647,1,1,0,-53.143776,-9.562392,-6.6856236,21,1.032788,0.018577872,48.896477,49.824467,0.055698626,0.0,0.0,0.013414153,0.0,0.0,0.0,0.0,0.0,0.0,0.0,0.0,0.0,40.959873,0.006117666,0.016742088,99.0,99.0,99.0,99.0,99.0,99.0,99.0,99.0,99.0,99.0,99.0,99.0,99.0,99.0,99.0,0.0,770
659000030,659000040,659000014,659000015,48000000001553,48000000001553,659000000,659000031,-1,2,48,0.5085914,6.540991,188,14.228759,9.355602,3.176129,1646,1,1,0,-66.503845,-6.721128,53.757313,25,2.1516418,0.03138644,54.298016,56.370808,0.060159076,0.0051857834,0.0,0.0,0.0,0.0,2.1241517E-4,8.350639E-6,0.0,0.0,0.0,0.0075797033,0.0,39.819454,0.005624072,0.0077619953,-15.073786,-15.533119,-16.001799,-16.390978,-17.47562,99.0,99.0,99.0,99.0,99.0,-15.06605,-15.527627,-15.99764,-16.387976,-17.474636,2.3402944,997
659000031,659000040,659000030,659000016,47000000001477,47000000001477,659000000,659000032,-1,2,47,0.5641766,6.885254,188,14.268532,9.368127,3.160085,1646,1,1,0,-115.882904,-32.702618,5.856766,25,2.1516418,0.03138644,54.298016,56.370808,0.06100735,0.0050669834,0.0,0.0,0.0,0.0,2.0911533E-4,7.937622E-6,0.0,0.0,0.0,0.010585541,0.0,39.819454,0.005624072,0.0077619953,-15.254191,-15.676289,-16.122995,-16.499634,-17.563372,99.0,99.0,99.0,99.0,99.0,-15.249755,-15.672832,-16.120264,-16.497652,-17.562767,2.0138292,291
659000032,659000040,659000031,659000017,46000000001615,46000000001615,659000000,659000033,-1,2,46,0.6235901,6.6270566,188,14.314414,9.376589,3.1694603,1646,1,1,0,-87.46104,1.2636636,-12.648012,25,2.1516418,0.03138644,54.298016,56.370808,0.06219082,0.0049012406,0.0,0.0,0.0,0.0,2.0436756E-4,7.3818683E-6,0.0,0.0,0.0,0.01476905,0.0,39.819454,0.005624072,0.0077619953,-15.447412,-15.830796,-16.25388,-16.616278,-17.652967,99.0,99.0,99.0,99.0,99.0,-15.443582,-15.827684,-16.251377,-16.614458,-17.65243,1.6989238,643
659000033,659000040,659000032,659000018,45000000001621,45000000001621,659000000,659000034,-1,2,45,0.6871088,7.1434507,188,14.350369,9.364814,3.163814,1646,1,1,0,-67.74303,43.246197,32.070465,25,2.1516418,0.03138644,54.298016,56.370808,0.06383476,0.0046710065,0.0,0.0,0.0,0.0,1.9749932E-4,6.6486277E-6,0.0,0.0,0.0,0.020562878,0.0,39.819454,0.005624072,0.0077619953,-15.646502,-15.986864,-16.381855,-16.725925,-17.72383,99.0,99.0,99.0,99.0,99.0,-15.642722,-15.983859,-16.379463,-16.724186,-17.723303,1.3982763,604
659000034,659000040,659000033,659000019,44000000001628,44000000001628,659000000,659000035,-1,2,44,0.75503564,7.831976,188,14.370553,9.354313,3.153382,1646,1,1,0,-15.97255,-17.089123,8.006743,25,2.1516418,0.03138644,54.298016,56.370808,0.066105925,0.0043529347,0.0,0.0,0.0,0.0,1.8750191E-4,5.7077987E-6,0.0,0.0,0.0,0.02853783,0.0,39.819454,0.005624072,0.0077619953,-15.830762,-16.11894,-16.476257,-16.794615,-17.73147,99.0,99.0,99.0,99.0,99.0,-15.826454,-16.115631,-16.473663,-16.792728,-17.73087,1.1143798,789
659000035,659000040,659000034,659000020,43000000001681,43000000001681,659000000,659000036,-1,2,43,0.8276991,7.1434507,188,14.369893,9.365452,3.1430058,1646,1,1,0,3.653422,-16.004269,52.1566,25,2.1516418,0.03138644,54.298016,56.370808,0.06922271,0.0039164308,0.0,0.0,0.0,0.0,1.7285474E-4,4.5480583E-6,0.0,0.0,0.0,0.039435767,0.0,39.819454,0.005624072,0.0077619953,-16.009209,-16.240803,-16.55382,-16.840015,-17.688442,99.0,99.0,99.0,99.0,99.0,-16.006014,-16.238258,-16.551792,-16.83854,-17.687988,0.84939384,550
659000036,659000040,659000035,659000021,42000000001710,42000000001710,659000000,659000037,-1,2,42,0.9054624,5.9385314,188,14.365641,9.376593,3.1074204,1646,1,1,0,9.787452,-11.319509,66.08535,25,2.1516418,0.03138644,54.298016,56.370808,0.0734671,0.0033220064,0.0,0.0,0.0,0.0,1.5126241E-4,3.2018127E-6,0.0,0.0,0.0,0.05420336,0.0,39.819454,0.005624072,0.0077619953,-16.155333,-16.314981,-16.572315,-16.82319,-17.58688,99.0,99.0,99.0,99.0,99.0,-16.152159,-16.312502,-16.570354,-16.82176,-17.58642,0.6049926,43
659000037,659000040,659000036,659000022,41000000001747,41000000001747,659000000,659000038,-1,2,41,0.98870814,3.8729553,188,14.360492,9.388142,3.0829258,1646,1,1,0,-16.154873,-33.147243,50.033802,25,2.1516418,0.03138644,54.298016,56.370808,0.07919536,0.0025197654,0.0,0.0,0.0,0.0,1.1928784E-4,1.7856864E-6,0.0,0.0,0.0,0.07402765,0.0,39.819454,0.005624072,0.0077619953,-16.239449,-16.329775,-16.539118,-16.75968,-17.44328,99.0,99.0,99.0,99.0,99.0,-16.237541,-16.328276,-16.537931,-16.758821,-17.443012,0.3823242,48
659000038,659000040,659000037,659000030,40000000003895,40000000003895,659000000,659000039,-1,0,40,1.0778745,2.1516418,188,14.36518,9.395813,3.0674262,1646,1,1,0,-23.806343,-22.349466,45.880783,25,2.1516418,0.03138644,54.298016,56.370808,0.086851306,0.0014475576,0.0,0.004223886,0.09330569,0.0,7.18422E-5,5.5863177E-7,0.0,2.5452266E-7,3.53189E-6,0.10023169,0.0,39.819454,0.005624072,0.0077619953,-16.123146,-16.124475,-16.281729,-16.459085,-17.015453,99.0,99.0,99.0,99.0,99.0,-16.121916,-16.123533,-16.281,-16.458572,-17.015299,0.18190713,923
659000039,659000040,659000038,659000031,39000000004224,39000000004224,659000000,659000040,-1,0,39,1.173417,1.4631164,188,14.36546,9.406416,3.0470924,1646,1,1,0,-30.283278,-28.325155,45.685238,23,1.4631164,0.026670974,48.572445,55.31283,0.0969152,3.202293E-5,0.0,0.0,0.0024848636,0.0,1.6820047E-6,0.0,0.0,0.0,3.4126328E-9,0.0023335454,0.0,42.90614,0.007858752,0.027413147,-13.312116,-12.9997015,-12.906243,-12.704087,-12.304361,99.0,99.0,99.0,99.0,99.0,-13.312114,-12.9997,-12.906242,-12.704086,-12.304361,0.008244933,771
659000040,659000040,659000039,659000032,38000000004604,38000000004604,659000000,-1,-1,0,38,1.2758462,1.032788,188,14.371075,9.398569,3.0365767,1646,1,1,0,-29.573742,-33.531857,43.773285,20,1.032788,0.022903582,44.037624,46.68467,0.038239222,0.0,0.0,0.015428254,0.0,0.0,0.0,0.0,0.0,0.0,0.0,0.0,0.0,40.828163,0.006822347,0.020153333,99.0,99.0,99.0,99.0,99.0,99.0,99.0,99.0,99.0,99.0,99.0,99.0,99.0,99.0,99.0,0.0,415
659000041,659000057,-1,659000000,63000000001293,63000000001293,659000000,659000042,-1,2,63,0.0,6.885254,188,13.927112,9.45517,3.2283993,1646,1,1,0,40.303448,35.206367,9.595554,22,0.86065674,0.03110851,34.49414,38.861927,0.046636946,7.0056506E-4,0.0,0.0,0.0,0.0,3.4802975E-5,2.8841242E-7,0.0,0.0,0.0,0.0,0.0,37.027897,0.008208276,0.0017647069,-11.931235,-12.511927,-13.050756,-13.462618,-14.466591,99.0,99.0,99.0,99.0,99.0,-11.93097,-12.511708,-13.050579,-13.462489,-14.466553,4.9297075,979
659000042,659000057,659000041,659000001,62000000001308,62000000001308,659000000,659000043,-1,2,62,0.019932542,6.885254,188,13.920246,9.445091,3.2275984,1646,1,1,0,28.641273,63.652824,-2.4262025,22,0.86065674,0.03110851,34.49414,38.861927,0.046636946,7.0056506E-4,0.0,0.0,0.0,0.0,3.4802975E-5,2.8841242E-7,0.0,0.0,0.0,0.0,0.0,37.027897,0.008208276,0.0017647069,-11.983959,-12.559665,-13.094265,-13.5036745,-14.511018,99.0,99.0,99.0,99.0,99.0,-11.983693,-12.559446,-13.094088,-13.503546,-14.510981,4.666275,201
659000043,659000057,659000042,659000002,61000000001301,61000000001301,659000000,659000044,-1,2,61,0.041403063,7.3155823,188,13.915087,9.430635,3.2287953,1646,1,1,0,19.804499,65.713776,-6.412374,22,0.86065674,0.03110851,34.49414,38.861927,0.046636946,7.0056506E-4,0.0,0.0,0.0,0.0,3.4802975E-5,2.8841242E-7,0.0,0.0,0.0,0.0,0.0,37.027897,0.008208276,0.0017647069,-12.041382,-12.611175,-13.140855,-13.547414,-14.556357,99.0,99.0,99.0,99.0,99.0,-12.041116,-12.610955,-13.140677,-13.547285,-14.556319,4.3904195,780
659000044,659000057,659000043,659000003,60000000001278,60000000001278,659000000,659000045,-1,2,60,0.064493395,7.2295165,188,13.911736,9.418641,3.2307518,1646,1,1,0,11.240489,42.46995,-10.958412,22,0.86065674,0.03110851,34.49414,38.861927,0.046636946,7.0056506E-4,0.0,0.0,0.0,0.0,3.4802975E-5,2.8841242E-7,0.0,0.0,0.0,0.0,0.0,37.027897,0.008208276,0.0017647069,-12.104851,-12.667901,-13.192359,-13.596131,-14.604424,99.0,99.0,99.0,99.0,99.0,-12.104586,-12.667682,-13.192182,-13.596003,-14.604386,4.1025667,271
659000045,659000057,659000044,659000004,59000000001296,59000000001296,659000000,659000046,-1,2,59,0.08928783,6.885254,188,13.911287,9.410687,3.2343812,1646,1,1,0,-10.830601,31.429945,-18.329903,22,0.86065674,0.03110851,34.49414,38.861927,0.046636946,7.0056506E-4,0.0,0.0,0.0,0.0,3.4802975E-5,2.8841242E-7,0.0,0.0,0.0,0.0,0.0,37.027897,0.008208276,0.0017647069,-12.175722,-12.731253,-13.250275,-13.651069,-14.657315,99.0,99.0,99.0,99.0,99.0,-12.175457,-12.731033,-13.250097,-13.65094,-14.657278,3.8032506,881
659000046,659000057,659000045,659000005,58000000001258,58000000001258,659000000,659000047,-1,2,58,0.11588337,7.3155823,188,13.916614,9.400431,3.2389035,1646,1,1,0,-30.193968,52.752293,-15.384727,22,0.86065674,0.03110851,34.49414,38.861927,0.046636946,7.0056506E-4,0.0,0.0,0.0,0.0,3.4802975E-5,2.8841242E-7,0.0,0.0,0.0,0.0,0.0,37.027897,0.008208276,0.0017647069,-12.258335,-12.806224,-13.320052,-13.71808,-14.723885,99.0,99.0,99.0,99.0,99.0,-12.25807,-12.806005,-13.319876,-13.717951,-14.723847,3.492997,610
659000047,659000057,659000046,659000006,57000000001288,57000000001288,659000000,659000048,-1,2,57,0.14438343,6.885254,188,13.927035,9.3825445,3.2417011,1646,1,1,0,-47.715298,79.155426,-3.5259829,22,0.86065674,0.03110851,34.49414,38.861927,0.046636946,7.0056506E-4,0.0,0.0,0.0,0.0,3.4802975E-5,2.8841242E-7,0.0,0.0,0.0,0.0,0.0,37.027897,0.008208276,0.0017647069,-12.351228,-12.890021,-13.398092,-13.792835,-14.796383,99.0,99.0,99.0,99.0,99.0,-12.350963,-12.889803,-13.397915,-13.7927065,-14.796346,3.1724086,301
659000048,659000057,659000047,659000007,56000000001267,56000000001267,659000000,659000049,-1,2,56,0.17489761,7.4877133,188,13.942344,9.360821,3.2418227,1646,1,1,0,-59.16227,69.60241,2.3723166,22,0.86065674,0.03110851,34.49414,38.861927,0.046636946,7.0056506E-4,0.0,0.0,0.0,0.0,3.4802975E-5,2.8841242E-7,0.0,0.0,0.0,0.0,0.0,37.027897,0.008208276,0.0017647069,-12.450446,-12.976722,-13.477561,-13.868502,-14.868811,99.0,99.0,99.0,99.0,99.0,-12.450181,-12.976503,-13.477385,-13.868373,-14.8687725,2.8421788,519
659000049,659000057,659000048,659000008,55000000001280,55000000001280,659000000,659000050,-1,2,55,0.20754863,7.2295165,188,13.961759,9.34291,3.239218,1646,1,1,0,-66.15553,51.314808,13.116332,22,0.86065674,0.03110851,34.49414,38.861927,0.046636946,7.0056506E-4,0.0,0.0,0.0,0.0,3.4802975E-5,2.8841242E-7,0.0,0.0,0.0,0.0,0.0,37.027897,0.008208276,0.0017647069,-12.572255,-13.08671,-13.580796,-13.967442,-14.9593935,99.0,99.0,99.0,99.0,99.0,-12.571989,-13.086491,-13.580619,-13.967313,-14.959356,2.5030239,830
659000050,659000057,659000049,659000033,54000000003316,54000000003316,659000000,659000051,-1,0,54,0.24246909,0.86065674,188,13.98279,9.323334,3.2411232,1646,1,1,0,-47.470825,76.28731,5.00586,22,0.86065674,0.03110851,34.49414,38.861927,0.046636946,7.0056506E-4,0.0,8.965632E-5,0.012141461,0.0,3.4802975E-5,2.8841242E-7,0.0,6.277285E-9,8.5008395E-7,0.0,0.0,37.027897,0.008208276,0.0017647069,-12.740803,-13.244097,-13.733836,-14.117699,-15.108798,99.0,99.0,99.0,99.0,99.0,-12.740538,-13.243878,-13.73366,-14.11757,-15.108761,2.155731,140
659000051,659000057,659000050,659000034,53000000003134,53000000003134,659000000,659000052,-1,0,53,0.2798018,1.549182,188,14.000504,9.29389,3.2365777,1646,1,1,0,-50.860054,77.93012,6.9363933,20,1.549182,0.037395477,42.20964,43.606388,0.04597137,7.0056506E-4,0.0,0.01892202,0.0140678575,0.0,3.4777546E-5,2.8841242E-7,0.0,3.0378186E-7,9.849605E-7,0.0,0.0,40.569794,0.0068066455,0.02297201,-12.922143,-13.392845,-13.863086,-14.23224,-15.199078,99.0,99.0,99.0,99.0,99.0,-12.921762,-13.392531,-13.862832,-14.232056,-15.199023,1.8011636,654
659000052,659000057,659000051,659000035,52000000003753,52000000003753,659000000,659000053,-1,0,52,0.31970343,1.549182,188,14.0149145,9.259769,3.2194595,1646,1,1,0,-60.37725,78.87798,8.18723,23,1.549182,0.036913496,42.484314,46.28491,0.042030834,7.0056506E-4,0.0,0.021815449,0.016387383,0.0,3.472838E-5,2.8841242E-7,0.0,1.9054596E-7,1.1473619E-6,0.0,0.0,40.652348,0.0071095238,0.024244487,-13.160676,-13.596305,-14.037743,-14.3838005,-15.29789,99.0,99.0,99.0,99.0,99.0,-13.160306,-13.596,-14.037496,-14.383621,-15.297837,1.440237,622
659000053,659000057,659000052,659000036,51000000003613,51000000003613,659000000,659000054,-1,0,51,0.36234027,1.2909851,188,14.029582,9.228024,3.2150648,1646,1,1,0,-65.83334,78.10936,7.394254,25,1.2909851,0.034248274,40.263474,43.459724,0.040191185,7.0056506E-4,0.0,1.5714418E-4,0.019191276,0.0,3.4711607E-5,2.8841242E-7,0.0,1.1002445E-8,1.3436766E-6,0.0,0.0,37.469208,0.008180228,0.002118064,-13.478397,-13.834992,-14.20973,-14.506012,-15.282628,99.0,99.0,99.0,99.0,99.0,-13.47813,-13.834772,-14.209552,-14.505882,-15.28259,1.0739635,688
659000054,659000057,659000053,659000037,50000000004193,50000000004193,659000000,659000055,-1,0,50,0.40789944,1.2049193,188,14.048504,9.186956,3.2053373,1646,1,1,0,-68.77632,78.31577,10.389151,22,1.2049193,0.032956555,39.653183,41.309044,0.040187586,7.0056506E-4,0.0,1.9100253E-4,0.022594806,0.0,3.4711356E-5,2.8841242E-7,0.0,1.3373033E-8,1.5819744E-6,0.0,0.0,37.60015,0.0058683525,0.0022831487,-13.938945,-14.155665,-14.426313,-14.674471,-15.350971,99.0,99.0,99.0,99.0,99.0,-13.938425,-14.155238,-14.425967,-14.674219,-15.350898,0.7033635,646
659000055,659000057,659000054,659000038,49000000004176,49000000004176,659000000,659000056,-1,0,49,0.45657724,1.3770508,188,14.071877,9.147179,3.2016156,1646,1,1,0,-72.241455,76.85412,12.55816,22,1.3770508,0.033882093,41.80804,45.848835,0.0401828,7.0056506E-4,0.0,0.0,0.026743025,0.0,3.4711025E-5,2.8841242E-7,0.0,0.0,1.8724119E-6,0.028966127,0.0,0.0,0.004095794,0.033882093,-14.982944,-15.030866,-15.212595,-15.40892,-16.003576,99.0,99.0,99.0,99.0,99.0,-14.981757,-15.029903,-15.211822,-15.4083605,-16.00341,0.32957003,193
659000056,659000057,659000055,659000039,48000000004467,48000000004467,659000000,659000057,-1,0,48,0.5085914,1.2049193,188,14.097653,9.1058445,3.204097,1646,1,1,0,-70.59584,74.717636,11.294108,20,1.2049193,0.03182052,40.354813,53.830833,0.043417305,2.475752E-4,0.0,0.0,0.017957877,0.0,1.2763423E-5,3.435142E-8,0.0,0.0,2.3249763E-7,0.015795808,0.0,0.0,0.0049347095,0.03182052,-14.073304,-14.041719,-14.172813,-14.32852,-14.8205,99.0,99.0,99.0,99.0,99.0,-14.07309,-14.041552,-14.172682,-14.328426,-14.820474,0.19279146,422
659000057,659000057,659000056,659000040,47000000004106,47000000004106,659000000,-1,-1,0,47,0.5641766,1.3770508,188,14.129829,9.071584,3.2022834,1646,1,1,0,-73.82262,72.27762,11.081584,22,1.3770508,0.032616697,42.611317,50.20599,0.043574277,0.0,0.0,0.027106857,0.0,0.0,0.0,0.0,0.0,0.0,0.0,0.0,0.0,40.847843,0.007477438,0.025671525,99.0,99.0,99.0,99.0,99.0,99.0,99.0,99.0,99.0,99.0,99.0,99.0,99.0,99.0,99.0,0.0,373