galaxyID,lastProgenitorId,descendantId,haloID,subHaloID,fofID,treeId,firstProgenitorId,nextProgenitorId,type,snapnum,redshift,centralMvir,phkey,x,y,z,zIndex,ix,iy,iz,velX,velY,velZ,np,mvir,rvir,vvir,vmax,coldGas,stellarMass,bulgeMass,hotGas,ejectedMass,blackHoleMass,metalsColdGas,metalsStellarMass,metalsBulgeMass,metalsHotGas,metalsEjectedMass,sfr,sfrBulge,xrayLum,diskRadius,coolingRadius,mag_b,mag_v,mag_r,mag_i,mag_k,mag_bBulge,mag_vBulge,mag_rBulge,mag_iBulge,mag_kBulge,mag_bDust,mag_vDust,mag_rDust,mag_iDust,mag_kDust,massWeightedAge,random
152000188,152000225,-1,152000136,63000000000986,63000000000986,152000000,152000189,-1,0,63,0.0,7.831976,677,5.782047,14.66986,24.083065,19667,0,1,2,72.54998,-269.01456,102.785484,102,7.831976,0.069577724,69.577774,90.931015,0.08118124,0.156774,0.0,0.50013375,0.0,0.0,0.0012126548,0.0014717225,0.0,0.0,0.0,0.0,0.0,42.267162,0.0074678143,0.035370227,-16.770187,-17.595396,-18.282965,-18.863949,-20.334988,99.0,99.0,99.0,99.0,99.0,-16.74157,-17.571787,-18.263855,-18.850042,-20.330921,8.432963,15
152000189,152000225,152000188,152000137,62000000000589,62000000000588,152000000,152000190,-1,1,62,0.019932542,57.750065,677,5.7671685,14.722441,24.066021,19667,0,1,2,67.72529,-266.64758,93.32833,97,8.348372,0.070716836,71.254036,89.55413,0.061496463,0.156774,0.0,0.0,0.0,0.0,0.0012126548,0.0014717225,0.0,0.0,0.0,0.0,0.0,41.41286,0.0070612445,0.058336917,-16.823624,-17.642118,-18.325207,-18.902105,-20.369028,99.0,99.0,99.0,99.0,99.0,-16.785782,-17.610893,-18.299927,-18.883705,-20.363644,8.169529,687
152000190,152000225,152000189,152000138,61000000000592,61000000000591,152000000,152000191,-1,1,61,0.041403063,58.008263,677,5.753393,14.7805805,24.046488,19667,0,1,2,59.05468,-262.28983,79.90773,95,8.176242,0.06983738,70.958244,87.417564,0.061496463,0.156774,0.0,0.0,0.0,0.0,0.0012126548,0.0014717225,0.0,0.0,0.0,0.0,0.0,41.41286,0.006443035,0.058336917,-16.888145,-17.697325,-18.374186,-18.945137,-20.405643,99.0,99.0,99.0,99.0,99.0,-16.842747,-17.659855,-18.343843,-18.92305,-20.399176,7.8936753,770
152000191,152000225,152000190,152000139,60000000000580,60000000000579,152000000,152000192,-1,1,60,0.064493395,59.64351,677,5.7455683,14.831684,24.030952,19667,0,1,2,48.718422,-259.11838,72.36545,90,7.745913,0.06816997,69.90524,85.42542,0.061496463,0.156774,0.0,0.0,0.0,0.0,0.0012126548,0.0014717225,0.0,0.0,0.0,0.0,0.0,41.41286,0.005552562,0.058336917,-16.968616,-17.765436,-18.434164,-18.997631,-20.45237,99.0,99.0,99.0,99.0,99.0,-16.907637,-17.715088,-18.393377,-18.967924,-20.443666,7.6058207,902
152000192,152000225,152000191,152000140,59000000000599,59000000000598,152000000,152000193,-1,1,59,0.08928783,59.987774,677,5.736955,14.896215,24.008871,19667,0,1,2,43.45484,-257.53735,66.38676,89,7.6598473,0.067458495,69.88142,92.34157,0.061496463,0.156774,0.0,0.0,0.0,0.0,0.0012126548,0.0014717225,0.0,0.0,0.0,0.0,0.0,41.41286,0.0063267313,0.058336917,-17.07894,-17.856976,-18.514524,-19.069231,-20.52119,99.0,99.0,99.0,99.0,99.0,-17.031868,-17.818125,-18.483063,-19.046326,-20.514482,7.306504,550
152000193,152000225,152000192,152000141,58000000000560,58000000000559,152000000,152000194,-1,1,58,0.11588337,60.590233,677,5.721389,14.961578,24.003387,19667,0,1,2,28.836641,-249.6571,57.806625,95,8.176242,0.068429954,71.68424,87.86106,0.061496463,0.156774,0.0,0.0,0.0,0.0,0.0012126548,0.0014717225,0.0,0.0,0.0,0.0,0.0,41.41286,0.0053318054,0.058336917,-17.23159,-17.973541,-18.611467,-19.153656,-20.598343,99.0,99.0,99.0,99.0,99.0,-17.16551,-17.918974,-18.567257,-19.12145,-20.588903,6.996251,592
152000194,152000225,152000193,152000142,57000000000570,57000000000569,152000000,152000195,-1,1,57,0.14438343,60.159904,677,5.7144346,15.029495,23.988045,19667,0,1,2,15.526955,-247.6611,56.197487,98,8.434439,0.06857874,72.72828,84.025925,0.061496463,0.156774,0.0,0.0,0.0,0.0,0.0012126548,0.0014717225,0.0,0.0,0.0,0.0,0.0,41.41286,0.004557916,0.058336917,-17.443186,-18.107798,-18.704721,-19.22235,-20.632061,99.0,99.0,99.0,99.0,99.0,-17.353107,-18.033361,-18.644377,-19.17836,-20.61915,6.675664,505
152000195,152000225,152000194,152000143,56000000000547,56000000000545,152000000,152000196,-1,1,56,0.17489761,60.332035,677,5.7056847,15.101681,23.966011,19667,0,1,2,3.5250096,-244.14925,59.34997,81,6.9713216,0.06378239,68.561,84.272385,0.061496463,0.156774,0.0,0.0,0.0,0.0,0.0012126548,0.0014717225,0.0,0.0,0.0,0.2617553,0.0,41.41286,0.002894164,0.058336917,-17.99861,-18.466269,-18.985382,-19.465748,-20.830507,99.0,99.0,99.0,99.0,99.0,-17.693699,-18.228514,-18.787767,-19.310766,-20.766739,6.345434,463
152000196,152000225,152000195,152000144,55000000000553,55000000000552,152000000,152000197,-1,1,55,0.20754863,63.086136,677,5.7126307,15.177585,23.950996,19667,0,1,2,-16.77125,-233.48837,60.20532,74,6.3688617,0.061281107,66.85557,84.33597,0.087872595,0.15308006,0.0,0.0,0.0,0.0,0.0015030948,0.0014042435,0.0,0.0,0.0,0.5591208,0.0,41.41286,0.0028670668,0.058336917,-18.249798,-18.634926,-19.125122,-19.59086,-20.928625,99.0,99.0,99.0,99.0,99.0,-17.826578,-18.300627,-18.842224,-19.363358,-20.827301,6.154808,865
152000197,152000225,152000196,152000145,54000000001442,54000000001442,152000000,152000198,-1,0,54,0.24246909,6.971319,677,5.717446,15.246611,23.936054,19667,0,1,2,-31.948433,-228.70132,60.707657,89,6.971319,0.062475182,69.27454,86.630806,0.14556508,0.14500026,0.0,0.034560215,0.5403092,0.0,0.0019533136,0.0012829347,0.0,2.4102992E-4,0.0032908549,0.054749012,0.0,41.41286,0.009134628,0.058336917,-17.362568,-18.02305,-18.63426,-19.160467,-20.568602,99.0,99.0,99.0,99.0,99.0,-17.33083,-17.997578,-18.613768,-19.145535,-20.564156,6.1395984,906
152000198,152000225,152000197,152000146,53000000001424,53000000001424,152000000,152000199,-1,0,53,0.2798018,6.971319,677,5.731098,15.323225,23.920786,19667,0,1,2,-51.667385,-223.42722,59.629448,95,6.971319,0.061738573,69.686584,87.96412,0.122086555,0.1441925,0.0,0.017955491,0.58622354,0.0,0.0015954967,0.0012721339,0.0,3.5327973E-4,0.00350471,0.017062852,0.0,41.139095,0.008644777,0.055590674,-17.351412,-18.044209,-18.66043,-19.186096,-20.597805,99.0,99.0,99.0,99.0,99.0,-17.318653,-18.01889,-18.640228,-19.171343,-20.593294,5.8185153,876
152000199,152000225,152000198,152000147,52000000001436,52000000001436,152000000,152000200,-1,0,52,0.31970343,7.2295165,677,5.759231,15.396971,23.89631,19667,0,1,2,-69.83328,-218.56902,60.817684,94,7.2295165,0.06168612,70.99551,90.60731,0.12120361,0.14393626,0.0,0.0022828404,0.6704291,0.0,0.0015583796,0.0012688185,0.0,1.4619445E-5,0.0038849348,0.12642127,0.0,39.68394,0.006616311,0.014515938,-17.700377,-18.27657,-18.844643,-19.343979,-20.72677,99.0,99.0,99.0,99.0,99.0,-17.612978,-18.215647,-18.79711,-19.308426,-20.714008,5.467629,677
152000200,152000225,152000199,152000148,51000000001418,51000000001418,152000000,152000201,-1,0,51,0.36234027,7.7459106,677,5.783959,15.470997,23.874054,19667,0,1,2,-84.47584,-210.8248,64.33071,95,7.7459106,0.062233243,73.16359,85.78367,0.1323896,0.14200948,0.0,0.03361884,0.69570565,0.0,0.0016012142,0.0012448569,0.0,2.617111E-4,0.0036918656,0.09550814,0.0,41.462082,0.0074249753,0.0560472,-17.721361,-18.30765,-18.874601,-19.370523,-20.7497,99.0,99.0,99.0,99.0,99.0,-17.681091,-18.276018,-18.849323,-19.35209,-20.744118,5.172932,213
152000201,152000225,152000200,152000149,50000000001470,50000000001470,152000000,152000202,-1,0,50,0.40789944,7.4877133,677,5.82288,15.556208,23.850872,19667,0,1,2,-100.599686,-206.51326,72.67448,102,7.4877133,0.06059064,72.9024,85.05917,0.13849784,0.14053671,0.0,0.0028565421,0.7549986,0.0,0.0016155068,0.0012273465,0.0,1.6287906E-5,0.0038629905,0.15567045,0.0,39.85626,0.007061758,0.015331348,-17.916874,-18.44913,-18.987442,-19.465546,-20.825008,99.0,99.0,99.0,99.0,99.0,-17.864162,-18.409054,-18.955734,-19.44236,-20.817738,4.85454,144
152000202,152000225,152000201,152000150,49000000001501,49000000001501,152000000,152000203,-1,0,49,0.45657724,7.659845,3417,5.8604474,15.635296,23.818588,26696,0,1,2,-116.68344,-205.25613,82.26901,102,7.659845,0.060033485,74.076965,89.54194,0.15560725,0.13811545,0.0,0.0020161266,0.7873279,0.0,0.0016815432,0.0012002145,0.0,1.15026605E-5,0.003965158,0.22415693,0.0,39.634598,0.0070155826,0.012505284,-18.090895,-18.571892,-19.081608,-19.540926,-20.87568,99.0,99.0,99.0,99.0,99.0,-18.037725,-18.53152,-19.049768,-19.517672,-20.868364,4.56238,193
152000203,152000225,152000202,152000151,48000000001536,48000000001536,152000000,152000204,-1,0,48,0.5085914,8.262304,3417,5.9111795,15.726123,23.784212,26696,0,1,2,-125.41369,-200.51408,92.778275,97,8.262304,0.060453534,76.66722,92.44951,0.18057652,0.13460992,0.0,4.4638576E-4,0.7881308,0.0,0.0017536925,0.0011643943,0.0,2.167843E-6,0.0038712546,0.24863312,0.0,37.78892,0.0060721254,0.0027874007,-18.297783,-18.71282,-19.188564,-19.625881,-20.931837,99.0,99.0,99.0,99.0,99.0,-18.223951,-18.656763,-19.144573,-19.593832,-20.921719,4.300167,535
152000204,152000225,152000203,152000152,47000000001583,47000000001583,152000000,152000205,-1,0,47,0.5641766,8.004107,3417,5.9671855,15.814456,23.741877,26696,0,1,2,-136.16684,-195.43979,111.13706,92,8.004107,0.05864455,76.614784,86.95139,0.14786251,0.13071296,0.0,0.0,0.78847575,0.0,0.0015665297,0.0011239987,0.0,0.0,0.0038958783,0.33895162,0.0,0.0,0.0045996183,0.05864455,-18.404234,-18.787561,-19.245817,-19.670807,-20.953579,99.0,99.0,99.0,99.0,99.0,-18.245565,-18.670887,-19.154484,-19.60283,-20.929472,4.0467234,337
152000205,152000225,152000204,152000153,46000000001543,46000000001543,152000000,152000206,-1,0,46,0.6235901,7.659845,3417,6.0265718,15.886869,23.69206,26696,0,1,2,-144.19467,-187.92331,131.7529,100,7.659845,0.056567308,76.31277,85.59898,0.12674126,0.12540585,0.0,0.018655108,0.7456756,0.0,0.0014424776,0.001065787,0.0,9.687232E-5,0.0037019474,0.30963093,0.0,41.0909,0.0051491656,0.034284364,-18.247059,-18.67673,-19.155447,-19.593275,-20.900757,99.0,99.0,99.0,99.0,99.0,-18.17594,-18.620607,-19.11053,-19.560362,-20.890553,3.8346045,946
152000206,152000225,152000205,152000154,45000000001643,45000000001643,152000000,152000207,-1,0,45,0.6871088,7.4877133,3417,6.0932803,15.988014,23.626202,26696,0,1,2,-145.45901,-182.60014,153.29666,88,7.4877133,0.05485877,76.61636,87.63356,0.16044022,0.120579004,0.0,0.002176816,0.711275,0.0,0.0015474437,0.0010153647,0.0,8.378608E-6,0.0034818542,0.4098438,0.0,39.307823,0.0046684826,0.008082447,-18.473566,-18.828453,-19.267155,-19.67734,-20.937534,99.0,99.0,99.0,99.0,99.0,-18.366825,-18.745619,-19.201496,-19.629213,-20.922174,3.6053388,408
152000207,152000225,152000206,152000155,44000000001558,44000000001558,152000000,152000208,-1,0,44,0.75503564,6.799188,3417,6.1606417,16.06278,23.550072,26696,0,1,2,-141.38278,-174.80525,179.94395,93,6.799188,0.051819462,75.119385,90.416214,0.14716394,0.114239424,0.0,0.0137888715,0.61288756,0.0,0.0014554432,9.53044E-4,0.0,6.628886E-5,0.0032446026,0.13004257,0.0,40.917282,0.0061420174,0.028769562,-18.136179,-18.581072,-19.063309,-19.499472,-20.797758,99.0,99.0,99.0,99.0,99.0,-18.087896,-18.54268,-19.03259,-19.477081,-20.790983,3.424124,735
152000208,152000225,152000207,152000156,43000000001727,43000000001727,152000000,152000209,-1,0,43,0.8276991,6.540991,3417,6.2253404,16.13742,23.45156,26696,0,1,2,-130.55191,-160.9476,200.39719,79,6.540991,0.04980978,75.15094,89.57971,0.07744705,0.112250336,0.0,7.859081E-4,0.66206086,0.0,0.0011293292,9.3290024E-4,0.0,4.1877956E-6,0.0035482727,0.6505735,0.0,38.05365,0.0025529505,0.0031656472,-18.493288,-18.845472,-19.287798,-19.706854,-20.975971,99.0,99.0,99.0,99.0,99.0,-18.149134,-18.573391,-19.059935,-19.525908,-20.898874,3.1151893,600
152000209,152000225,152000208,152000157,42000000002034,42000000002034,152000000,152000210,-1,0,42,0.9054624,6.1106625,3328,6.2975373,16.226202,23.343699,24940,0,1,2,-121.53405,-151.35179,223.19795,64,6.1106625,0.047324177,74.51996,93.61132,0.14746334,0.10244409,0.0,0.0010329688,0.5382613,0.0,0.0014584805,8.1655255E-4,0.0,4.489396E-6,0.0028190492,0.289694,0.0,38.85789,0.0051279636,0.0055634445,-18.200651,-18.605324,-19.076506,-19.506752,-20.78934,99.0,99.0,99.0,99.0,99.0,-18.119942,-18.542797,-19.026926,-19.470451,-20.777916,3.0309703,300
152000210,152000225,152000209,152000158,41000000001796,41000000001796,152000000,152000211,-1,0,41,0.98870814,5.680334,3328,6.3507204,16.310373,23.226141,24940,0,1,2,-108.017715,-145.70866,236.40085,75,5.680334,0.044803403,73.84165,87.8639,0.1413932,0.09815647,0.0,0.0064152493,0.48027453,0.0,0.0013962527,7.7316136E-4,0.0,2.9555149E-5,0.0026739365,0.18555115,0.0,40.47913,0.005670877,0.019091249,-18.03947,-18.50051,-18.999865,-19.442066,-20.738686,99.0,99.0,99.0,99.0,99.0,-17.959324,-18.441689,-18.954084,-19.408497,-20.727737,2.8001604,477
152000211,152000225,152000210,152000159,40000000001703,40000000001703,152000000,152000212,-1,0,40,1.0778745,5.3360715,3328,6.4014335,16.391294,23.10165,24940,0,1,2,-92.653755,-137.65326,246.7877,83,5.3360715,0.04248405,73.4967,80.19044,0.09942897,0.09546897,0.0,0.00835587,0.4753704,0.0,0.0011736325,7.457345E-4,0.0,6.552917E-5,0.002746562,0.06867801,0.0,40.822773,0.0051612,0.02641929,-17.884748,-18.424343,-18.954777,-19.41015,-20.730715,99.0,99.0,99.0,99.0,99.0,-17.822144,-18.374874,-18.91514,-19.38116,-20.721909,2.5268574,547
152000212,152000225,152000211,152000160,39000000001692,39000000001692,152000000,152000213,-1,0,39,1.173417,5.4221373,3328,6.4500465,16.450914,22.962975,24940,0,1,2,-79.7239,-131.69525,253.92863,82,5.4221373,0.041273322,75.16584,86.064644,0.058152962,0.09449906,0.0,4.11078E-4,0.5473963,0.0,8.662151E-4,7.342823E-4,0.0,2.898441E-6,0.0030867772,0.24368876,0.0,38.095276,0.0023064387,0.0030170586,-18.225992,-18.678585,-19.171019,-19.604828,-20.893986,99.0,99.0,99.0,99.0,99.0,-17.996862,-18.493254,-19.020927,-19.494247,-20.859964,2.2123678,269
152000213,152000225,152000212,152000161,38000000002000,38000000002000,152000000,152000214,-1,0,38,1.2758462,5.3360715,3328,6.492858,16.515482,22.811104,24940,0,1,2,-75.9598,-115.66761,263.738,61,5.3360715,0.039594986,76.13085,101.155014,0.05982199,0.09115495,0.0,0.0036415218,0.54899454,0.0,9.080573E-4,6.8371417E-4,0.0,2.205918E-5,0.0029010798,0.18831643,0.0,40.423916,0.0030078026,0.01668974,-18.173628,-18.661577,-19.157402,-19.587736,-20.87503,99.0,99.0,99.0,99.0,99.0,-18.003628,-18.526352,-19.04847,-19.5075,-20.850096,1.9580053,70
152000214,152000225,152000213,152000162,37000000001816,37000000001816,152000000,152000215,-1,0,37,1.3857181,5.7664,3328,6.5311804,16.566988,22.660759,24940,0,1,2,-63.639614,-110.695076,265.46414,69,5.7664,0.039112728,79.62754,90.78566,0.07574718,0.0886525,0.0,0.018499792,0.5894378,0.0,0.0010149179,6.482392E-4,0.0,1.2781154E-4,0.0028651915,0.3363965,0.0,41.506527,0.0030380758,0.035515033,-18.43449,-18.852938,-19.31017,-19.715027,-20.961353,99.0,99.0,99.0,99.0,99.0,-18.192007,-18.669731,-19.16255,-19.601408,-20.917412,1.6888895,446
152000215,152000225,152000214,152000163,36000000001755,36000000001755,152000000,152000216,-1,0,36,1.5036365,5.8524656,3328,6.5664167,16.625198,22.511925,24942,0,1,2,-53.190193,-104.1169,265.0297,69,5.8524656,0.03776454,81.63893,88.05066,0.10081484,0.08433869,0.0,0.02303087,0.5873989,0.0,0.0011311892,5.9562986E-4,0.0,1.3086817E-4,0.002571429,0.16289498,0.0,41.643448,0.0041027456,0.03516737,-18.503033,-18.917683,-19.364265,-19.759344,-20.992195,99.0,99.0,99.0,99.0,99.0,-18.404234,-18.8407,-19.303074,-19.714514,-20.978388,1.458388,661
152000216,152000225,152000215,152000164,35000000001597,35000000001597,152000000,152000217,-1,0,35,1.6302707,5.7664,3328,6.5953574,16.670965,22.366121,24938,0,1,2,-54.925766,-95.70971,266.55276,77,5.7664,0.036036514,82.956604,95.62575,0.0522916,0.08232952,0.0,0.002793337,0.6739012,0.0,8.703398E-4,5.731912E-4,0.0,1.9751204E-5,0.0028600884,0.8859087,0.0,40.13289,0.0016490513,0.010648589,-18.918524,-19.230474,-19.625353,-19.994345,-21.185558,99.0,99.0,99.0,99.0,99.0,-18.33732,-18.760954,-19.243107,-19.70823,-21.091196,1.1950698,562
152000217,152000225,152000216,152000165,34000000001456,34000000001456,152000000,152000218,-1,0,34,1.766336,5.8524656,3328,6.6207905,16.731146,22.216656,24938,0,1,2,-44.170887,-94.481316,260.61682,87,5.8524656,0.03466482,85.21085,102.94903,0.12705733,0.07185504,0.0,1.4442523E-4,0.6158892,0.0,0.0012969363,4.3926004E-4,0.0,8.2600945E-7,0.0020427087,0.4307017,0.0,43.520855,0.0034049002,0.03501929,-18.839428,-19.175558,-19.574213,-19.934568,-21.09604,99.0,99.0,99.0,99.0,99.0,-18.612276,-18.999435,-19.433971,-19.829996,-21.061901,1.059917,961
152000218,152000225,152000217,152000166,33000000001704,33000000001704,152000000,152000219,-1,0,33,1.9126327,5.8524656,3328,6.6315327,16.778187,22.06886,24938,0,1,2,-42.268356,-85.92766,261.22223,68,5.8524656,0.033121135,87.173965,105.842316,0.0962573,0.06698896,0.0,0.02542234,0.6365539,0.0,0.001139894,3.8641266E-4,0.0,1.1131527E-4,0.0018859995,0.51284915,0.0,41.77675,0.0029120347,0.027527833,-18.947393,-19.236717,-19.595778,-19.925465,-21.007175,99.0,99.0,99.0,99.0,99.0,-18.747585,-19.075623,-19.466051,-19.830154,-20.978104,0.85535747,956
152000219,152000225,152000218,152000167,32000000001448,32000000001448,152000000,152000220,-1,0,32,2.0700274,5.7664,3328,6.6525087,16.823524,21.933264,24938,0,1,2,-31.851742,-78.31709,251.9494,81,5.7664,0.031434853,88.8212,100.9577,0.092902325,0.061469693,0.0,0.016945384,0.6546174,0.0,0.0011312483,3.2475652E-4,0.0,7.5192096E-5,0.0017019372,0.79966396,0.0,41.517567,0.0025762655,0.020266239,-19.119925,-19.348862,-19.665571,-19.969357,-20.987978,99.0,99.0,99.0,99.0,99.0,-18.840616,-19.124704,-19.484917,-19.835815,-20.946293,0.66224,423
152000220,152000225,152000219,152000168,31000000001565,31000000001565,152000000,152000221,-1,0,31,2.2394855,5.7664,3328,6.655857,16.872778,21.78455,24938,0,1,2,-24.370485,-72.8459,242.08078,68,5.7664,0.029930664,91.02573,90.18663,0.10600561,0.053296458,0.0,0.044425547,0.6287408,0.0,0.0011577226,2.4130159E-4,0.0,1.540116E-4,0.0012520402,1.0873448,0.0,42.198376,0.00237361,0.028079508,-19.300852,-19.470243,-19.74793,-20.028612,-20.985924,99.0,99.0,99.0,99.0,99.0,-18.913248,-19.158232,-19.495361,-19.8401,-20.9251,0.49691564,292
152000221,152000225,152000220,152000169,30000000001560,30000000001560,152000000,152000222,-1,0,30,2.422044,5.508203,3328,6.6613674,16.907825,21.630936,24938,0,1,2,-25.245117,-71.93846,242.61453,66,5.508203,0.028019896,91.94787,98.30395,0.16321583,0.042773493,0.0,0.057448614,0.5370231,0.0,0.0012525481,1.4553015E-4,0.0,1.1670973E-4,7.364477E-4,0.94757,0.0,42.343693,0.0036561433,0.026198965,-19.301497,-19.435102,-19.68212,-19.948011,-20.852884,99.0,99.0,99.0,99.0,99.0,-19.165245,-19.32906,-19.599329,-19.888746,-20.835989,0.35490754,346
152000222,152000225,152000221,152000170,29000000001411,29000000001411,152000000,152000223,-1,0,29,2.6188614,4.991809,3328,6.7007217,16.971636,21.511875,24938,0,1,2,-27.522102,-68.33435,242.10944,70,4.991809,0.02573328,91.337975,98.453125,0.21589209,0.034114994,0.0,0.0,0.47527,0.0,0.0011933559,8.8693596E-5,0.0,0.0,5.1347644E-4,2.4297335,0.0,0.0,0.002751982,0.02573328,-19.655354,-19.711756,-19.91057,-20.136934,-20.977192,99.0,99.0,99.0,99.0,99.0,-19.49871,-19.586302,-19.811104,-20.065546,-20.956902,0.19550969,404
152000223,152000225,152000222,152000171,28000000001721,28000000001721,152000000,152000224,-1,0,28,2.8311827,4.4754148,3335,6.6917853,16.996082,21.362398,24910,0,1,2,-14.045649,-64.59737,234.56488,49,4.4754148,0.023511877,90.47799,102.95662,0.36514628,0.013212069,0.0,0.0,0.27171898,0.0,6.1727915E-4,1.8765191E-5,0.0,0.0,5.9327773E-5,1.3692993,0.0,0.0,0.0027608424,0.023511877,-19.37943,-19.32842,-19.448755,-19.572144,-20.120335,99.0,99.0,99.0,99.0,99.0,-19.156694,-19.152296,-19.30969,-19.468573,-20.088238,0.11736182,934
152000224,152000225,152000223,152000172,27000000001640,27000000001640,152000000,152000225,-1,0,27,3.060419,2.840167,3335,6.6735005,17.013756,21.218693,24910,0,1,2,-20.731213,-63.519318,228.78787,47,2.840167,0.019116012,79.93616,82.415,0.15493159,0.0021498122,0.0,0.16754982,0.06371674,0.0,1.0751904E-4,8.225059E-7,0.0,4.0790787E-6,7.2739067E-7,0.22327201,0.0,42.774952,0.0054251715,0.0163379,-17.154682,-17.119938,-17.254328,-17.389215,-17.817179,99.0,99.0,99.0,99.0,99.0,-17.153404,-17.118887,-17.25347,-17.388569,-17.816956,0.10859101,605
152000225,152000225,152000224,152000173,26000000001555,26000000001555,152000000,-1,-1,0,26,3.3080978,1.7213135,3335,6.6320987,17.029627,21.085133,24910,0,1,2,-12.343413,-55.30361,216.5953,47,1.7213135,0.015282768,69.59835,72.50182,0.11301984,4.603834E-4,0.0,0.08181541,0.019399865,0.0,2.386298E-5,4.5080068E-8,0.0,2.8378273E-7,3.886111E-8,0.06512526,0.0,42.401752,0.0056335153,0.014780151,-16.028717,-16.086319,-16.282974,-16.442482,-16.821192,99.0,99.0,99.0,99.0,99.0,-16.028381,-16.085995,-16.282677,-16.44222,-16.821049,0.04113665,906