galaxyID,lastProgenitorId,descendantId,haloID,subHaloID,fofID,treeId,firstProgenitorId,nextProgenitorId,type,snapnum,redshift,centralMvir,phkey,x,y,z,zIndex,ix,iy,iz,velX,velY,velZ,np,mvir,rvir,vvir,vmax,coldGas,stellarMass,bulgeMass,hotGas,ejectedMass,blackHoleMass,metalsColdGas,metalsStellarMass,metalsBulgeMass,metalsHotGas,metalsEjectedMass,sfr,sfrBulge,xrayLum,diskRadius,coolingRadius,mag_b,mag_v,mag_r,mag_i,mag_k,mag_bBulge,mag_vBulge,mag_rBulge,mag_iBulge,mag_kBulge,mag_bDust,mag_vDust,mag_rDust,mag_iDust,mag_kDust,massWeightedAge,random
1000104000000,1000104000123,-1,1000104000000,63000100000559,63000100000559,1000104000000,1000104000001,-1,0,63,0.0,84.946815,6703,26.42348,52.856255,25.91992,96953,2,5,2,264.51053,302.25595,270.7584,1122,84.946815,0.15401469,154.0148,177.06863,0.66016024,3.3320217,1.5981623,8.079249,1.5803697,0.0017798436,0.013518541,0.04793445,0.019051295,0.10618761,0.019478558,3.1332076,0.0,43.66512,0.007055169,0.10391639,-20.934578,-21.45563,-22.014606,-22.53796,-23.997255,-18.938417,-19.823317,-20.545975,-21.167015,-22.714096,-20.010477,-20.762312,-21.465324,-22.128607,-23.862629,7.4469733,772
1000104000001,1000104000123,1000104000000,1000104000001,62000100000558,62000100000558,1000104000000,1000104000002,-1,0,62,0.019932542,84.25829,6703,26.36393,52.79717,25.865631,96952,2,5,2,264.2724,303.60107,274.2489,1099,84.25829,0.15282454,153.98547,176.5308,0.66624117,3.2976773,1.5981623,7.984681,1.5895224,0.0017787558,0.013577834,0.047236912,0.019051295,0.10503259,0.01946419,3.0898745,0.0,43.667492,0.0071822708,0.103356995,-20.931623,-21.458908,-22.02068,-22.54495,-24.004154,-18.969625,-19.85152,-20.572088,-21.19106,-22.735096,-20.0231,-20.77772,-21.479502,-22.139454,-23.865793,7.259715,996
1000104000002,1000104000123,1000104000001,1000104000002,61000100000560,61000100000560,1000104000000,1000104000003,-1,0,61,0.041403063,82.53698,6700,26.308289,52.73267,25.810648,96938,2,5,2,259.32556,302.35028,276.40936,1101,82.53698,0.15093368,153.35614,179.23094,0.6722711,3.26221,1.5981623,7.7111773,1.6035386,0.0017776355,0.0135664,0.046521142,0.019051295,0.10389037,0.019466953,2.6358824,0.0,43.664753,0.0078094583,0.10330046,-20.906767,-21.449512,-22.016766,-22.543465,-24.004816,-19.003117,-19.881659,-20.5999,-21.216593,-22.757408,-20.12992,-20.866823,-21.556076,-22.201855,-23.893496,7.0612836,386
1000104000003,1000104000123,1000104000002,1000104000003,60000100000534,60000100000534,1000104000000,1000104000004,-1,0,60,0.064493395,82.62305,6700,26.256632,52.66266,25.75208,96938,2,5,2,257.32153,301.25824,278.02832,1067,82.62305,0.1500615,153.88133,181.88957,0.6293868,3.2306387,1.5981623,7.764578,1.64298,0.0017764731,0.012881101,0.045884997,0.019051295,0.103254154,0.019762909,3.5533166,0.0,43.680588,0.006299075,0.102452785,-21.009216,-21.520472,-22.074316,-22.593496,-24.04427,-19.038572,-19.913265,-20.628838,-21.242956,-22.780039,-20.079714,-20.80027,-21.492947,-22.153542,-23.897879,6.8410554,762
1000104000004,1000104000123,1000104000003,1000104000004,59000100000497,59000100000497,1000104000000,1000104000005,-1,0,59,0.08928783,82.27878,6700,26.196838,52.591072,25.681946,96938,2,5,2,253.3407,299.7793,281.45206,1074,82.27878,0.14884213,154.18813,180.56671,0.66233075,3.1863835,1.5981623,7.7230134,1.6413819,0.0017752533,0.013197533,0.04499684,0.019051295,0.1017603,0.01949927,4.1930714,2.4287763E-5,43.687157,0.0069356626,0.10143126,-21.010244,-21.52696,-22.083168,-22.602724,-24.054125,-19.076925,-19.947483,-20.660229,-21.271673,-22.804905,-20.20197,-20.916,-21.596558,-22.238598,-23.932589,6.63465,981
1000104000005,1000104000099,1000104000004,1000104000005,58000100000482,58000100000482,1000104000000,1000104000006,1000104000100,0,58,0.11588337,81.15993,6700,26.1185,52.512062,25.60444,96938,2,5,2,246.12169,297.36972,282.603,1067,81.15993,0.14706485,154.05875,180.84073,0.69996053,3.1273549,1.5932645,7.5446525,1.607129,0.0017089769,0.01375688,0.04393215,0.019041654,0.0999544,0.01876438,2.980736,0.0,43.73481,0.0074563134,0.100627355,-20.94486,-21.490131,-22.060318,-22.586449,-24.0437,-19.111973,-19.979095,-20.68934,-21.29854,-22.829044,-20.196531,-20.926489,-21.61026,-22.248573,-23.928793,6.435775,834
1000104000006,1000104000099,1000104000005,1000104000006,57000100000477,57000100000477,1000104000000,1000104000007,-1,0,57,0.14438343,80.04108,6700,26.047867,52.43782,25.521118,96938,2,5,2,241.85811,297.3169,286.11063,1062,80.04108,0.14519168,153.9769,180.09592,0.6415684,3.0875926,1.5932645,7.4234433,1.6409024,0.0017077365,0.012690466,0.043155335,0.019041654,0.099609315,0.018859899,2.7350447,0.0,43.749146,0.0070189796,0.1003706,-20.96405,-21.513697,-22.083475,-22.607851,-24.062597,-19.156355,-20.01862,-20.725544,-21.331665,-22.857918,-20.194695,-20.930452,-21.61206,-22.24706,-23.926487,6.1960435,111
1000104000007,1000104000099,1000104000006,1000104000007,56000100000495,56000100000495,1000104000000,1000104000008,-1,0,56,0.17489761,79.86894,6700,25.990118,52.347683,25.442583,96938,2,5,2,239.08788,297.7705,290.3246,1051,79.86894,0.1437877,154.56035,177.77612,0.5375513,3.050011,1.5932645,7.483448,1.6980284,0.0017064487,0.011112986,0.04240803,0.019041654,0.09962358,0.019192463,4.5283194,0.0,43.776134,0.004653366,0.09970331,-21.12289,-21.626562,-22.178122,-22.692732,-24.13467,-19.205729,-20.063177,-20.76693,-21.370344,-22.89353,-19.912367,-20.678192,-21.383354,-22.052877,-23.869247,5.9402137,421
1000104000008,1000104000099,1000104000007,1000104000008,55000100000489,55000100000489,1000104000000,1000104000009,-1,0,55,0.20754863,80.471405,6701,25.916286,52.253357,25.355328,96910,2,5,2,231.00932,295.41003,290.93665,1018,80.471405,0.1427315,155.71513,180.7052,0.5896647,2.9861066,1.5932645,7.64234,1.6583611,0.0017050889,0.011749719,0.041124858,0.019041654,0.09786534,0.018233763,3.8152373,0.0,43.797443,0.0054708375,0.09788003,-21.083857,-21.607632,-22.166489,-22.682703,-24.126366,-19.261467,-20.114273,-20.814995,-21.415924,-22.936764,-20.130022,-20.869892,-21.561869,-22.214462,-23.9569,5.724481,364
1000104000009,1000104000099,1000104000008,1000104000009,54000100000497,54000100000497,1000104000000,1000104000010,-1,0,54,0.24246909,79.09435,6701,25.847532,52.158142,25.259007,96910,2,5,2,227.46577,296.09683,294.2695,1028,79.09435,0.14038403,155.66245,180.24078,0.56717217,2.9309738,1.5932645,7.4791346,1.6705556,0.0017036784,0.011345912,0.04003766,0.019041654,0.09676999,0.017918225,4.325232,0.0,43.81106,0.004929367,0.09726016,-21.150705,-21.657724,-22.206718,-22.71616,-24.15152,-19.322454,-20.169647,-20.866756,-21.464666,-22.982664,-20.015299,-20.771175,-21.46605,-22.122229,-23.904833,5.4816337,203
1000104000010,1000104000099,1000104000009,1000104000010,53000100000530,53000100000530,1000104000000,1000104000011,-1,0,53,0.2798018,79.35255,6701,25.772476,52.06675,25.164698,96910,2,5,2,219.19702,294.1596,295.34186,1046,79.35255,0.13887963,156.75851,180.01956,0.57212824,2.8671613,1.5932645,7.602038,1.6560174,0.0017022188,0.011276506,0.038788635,0.019041654,0.09545481,0.017193131,4.6561174,0.0,43.83875,0.0047633518,0.09563831,-21.206781,-21.697714,-22.236038,-22.738337,-24.163542,-19.392698,-20.232527,-20.925106,-21.519312,-23.033827,-20.110497,-20.848328,-21.530943,-22.174751,-23.918184,5.245117,267
1000104000011,1000104000099,1000104000010,1000104000011,52000100000529,52000100000529,1000104000000,1000104000012,-1,0,52,0.31970343,80.29927,6701,25.709076,51.96662,25.06709,96910,2,5,2,212.65703,291.1551,296.99216,1032,80.29927,0.13763268,158.40358,179.67047,0.58458984,2.7972348,1.5932645,7.849689,1.632629,0.0017006702,0.011383058,0.037441645,0.019041654,0.09381902,0.01638886,5.856867,0.0,43.87301,0.0043968083,0.09355614,-21.29685,-21.75902,-22.282497,-22.776148,-24.188402,-19.473606,-20.304588,-20.991755,-21.581312,-23.091326,-20.136755,-20.860727,-21.540907,-22.188286,-23.964703,5.0107756,432
1000104000012,1000104000099,1000104000011,1000104000012,51000100000521,51000100000521,1000104000000,1000104000013,-1,0,51,0.36234027,80.7296,6701,25.628212,51.86124,24.955153,96910,2,5,2,204.65744,290.18134,296.85666,1029,80.7296,0.13593853,159.8141,188.63838,0.7081389,2.7079723,1.5932645,7.973787,1.5536014,0.0016990304,0.01270168,0.03578698,0.019041654,0.09084087,0.015004806,6.346035,0.0,43.897495,0.0050144107,0.09123107,-21.324549,-21.771984,-22.286938,-22.77391,-24.173304,-19.569052,-20.387835,-21.067308,-21.649765,-23.152388,-20.269716,-20.972214,-21.635447,-22.262978,-23.976892,4.803396,825
1000104000013,1000104000099,1000104000012,1000104000013,50000100000505,50000100000505,1000104000000,1000104000014,-1,0,50,0.40789944,82.364845,6701,25.548729,51.74639,24.842356,96908,2,5,2,197.41647,287.5058,299.56033,1118,82.364845,0.13475238,162.13347,179.13188,0.85614914,2.6101122,1.5932645,8.30812,1.4535327,0.0016972877,0.013278082,0.034164026,0.019041654,0.088212706,0.013528624,5.0495267,0.0,43.936073,0.0065731597,0.08844873,-21.248466,-21.713982,-22.234837,-22.722395,-24.123365,-19.68466,-20.48658,-21.155273,-21.727686,-23.220467,-20.493172,-21.158768,-21.795591,-22.390223,-24.00557,4.6056795,399
1000104000014,1000104000099,1000104000013,1000104000014,49000100000500,49000100000500,1000104000000,1000104000015,-1,0,49,0.45657724,85.03288,6701,25.466743,51.634552,24.717524,96908,2,5,2,191.40225,285.72287,303.74094,1094,85.03288,0.13392116,165.249,175.23294,0.808892,2.5315738,1.5932645,8.907234,1.4404527,0.0016953881,0.011165003,0.033026826,0.019041654,0.08771586,0.013141671,4.1686463,0.0,44.001472,0.0065318723,0.08600576,-21.226143,-21.703798,-22.226284,-22.710623,-24.108004,-19.840471,-20.61718,-21.270796,-21.830637,-23.3155,-20.635756,-21.280302,-21.895609,-22.462633,-24.018442,4.3690352,792
1000104000015,1000104000099,1000104000014,1000104000015,48000100000506,48000100000506,1000104000000,1000104000016,-1,0,48,0.5085914,90.71322,6698,25.389,51.510887,24.597736,96901,2,5,2,184.25864,283.75693,304.03403,1024,90.71322,0.13436252,170.39867,181.70201,0.5574183,2.4663818,1.5932645,10.132032,1.5048012,0.0016932235,0.0072115865,0.032182246,0.019041654,0.08854308,0.013680536,2.8423414,0.0,44.094803,0.0047475793,0.08294256,-21.245697,-21.721928,-22.237148,-22.714567,-24.105106,-20.040602,-20.76662,-21.39185,-21.931082,-23.394262,-20.64006,-21.28158,-21.89124,-22.454533,-24.015661,4.1040955,748
1000104000016,1000104000099,1000104000015,1000104000016,47000100000495,47000100000495,1000104000000,1000104000017,-1,0,47,0.5641766,86.32387,6698,25.308947,51.39418,24.46574,96901,2,5,2,159.48592,284.72922,288.31207,860,86.32387,0.12956877,169.27205,190.89645,0.13005248,2.4218323,1.5932645,9.689243,1.6810211,0.0016909151,0.0022131957,0.031628173,0.019041654,0.09012514,0.015305203,10.639985,0.0,44.131737,9.7785E-4,0.08388939,-21.5571,-21.948847,-22.4245,-22.880348,-24.241613,-20.381142,-20.998205,-21.569883,-22.077797,-23.508438,-20.46817,-21.077877,-21.654333,-22.182913,-23.784779,3.8004086,802
1000104000017,1000104000099,1000104000016,1000104000017,46000100000490,46000100000490,1000104000000,1000104000018,-1,0,46,0.6235901,83.39764,6698,25.254683,51.266663,24.352283,96897,2,5,2,160.28783,279.68088,301.64825,973,83.39764,0.12537475,169.13823,190.28482,0.54634154,2.2552376,0.1833736,8.982822,1.5207227,0.0016886535,0.008760678,0.02878354,9.836488E-4,0.076162286,0.0138937,5.3356004,0.0,44.064205,0.0040419074,0.07816058,-21.309061,-21.750366,-22.254076,-22.725725,-24.103888,-17.346394,-18.10268,-18.74795,-19.270967,-20.60204,-19.755295,-20.432129,-21.125425,-21.829617,-23.762968,3.6876876,784
1000104000018,1000104000099,1000104000017,1000104000018,45000100000486,45000100000486,1000104000000,1000104000019,-1,0,45,0.6871088,77.7173,6698,25.19026,51.130615,24.223148,96897,2,5,2,144.64467,284.1793,299.02234,905,77.7173,0.11966549,167.12613,173.39581,0.49430436,2.172061,0.1833736,8.003363,1.5519017,0.0016865624,0.008727858,0.027424637,9.836488E-4,0.070901744,0.014319947,5.660987,0.0,44.028316,0.0037616303,0.07648925,-21.320381,-21.75781,-22.25874,-22.729393,-24.106903,-17.405197,-18.154312,-18.793413,-19.309614,-20.633448,-19.613209,-20.29079,-20.989096,-21.709095,-23.718885,3.4472587,890
1000104000019,1000104000099,1000104000018,1000104000019,44000100000488,44000100000488,1000104000000,1000104000020,-1,0,44,0.75503564,66.098434,6698,25.132008,50.986557,24.086329,96897,2,5,2,131.0824,280.807,298.87662,847,66.098434,0.11059554,160.32333,175.64957,0.58426857,2.0844953,0.1833736,5.873233,1.5391908,0.0016848126,0.010423282,0.02585285,9.836488E-4,0.064632125,0.0140154455,8.166105,0.0,43.924313,0.0037065754,0.076974936,-21.430157,-21.831005,-22.315744,-22.776815,-24.136534,-17.461914,-18.201765,-18.83323,-19.341547,-20.655666,-19.534262,-20.1861,-20.877607,-21.605232,-23.685905,3.2122858,617
1000104000020,1000104000099,1000104000019,1000104000020,43000100000500,43000100000500,1000104000000,1000104000021,-1,0,43,0.8276991,64.72138,6698,25.07887,50.855343,23.936077,96897,2,5,2,121.90931,277.02695,299.1077,742,64.72138,0.106934056,161.33769,177.1847,0.8305186,1.9595895,0.1833736,6.543332,1.3643184,0.0016830851,0.012361564,0.023857197,9.836488E-4,0.05438021,0.012230087,4.6472664,0.0,43.96897,0.0065488783,0.072668776,-21.223114,-21.677025,-22.185104,-22.65538,-24.027983,-17.526321,-18.258644,-18.884272,-19.387487,-20.697985,-20.26337,-20.892511,-21.533278,-22.155554,-23.854261,3.036925,230
1000104000021,1000104000099,1000104000020,1000104000021,42000100000513,42000100000513,1000104000000,1000104000022,-1,0,42,0.9054624,62.655807,6677,25.00439,50.717834,23.797832,96787,2,5,2,118.855385,274.94107,304.9506,728,62.655807,0.10281128,161.89381,177.90689,0.7436021,1.88954,0.1833736,6.3107047,1.4125062,0.0016813781,0.011303166,0.022823134,9.836488E-4,0.052176833,0.012839104,5.2976017,0.0,43.995335,0.0054817568,0.07070518,-21.278315,-21.726614,-22.232872,-22.699255,-24.067503,-17.597214,-18.322798,-18.943314,-19.442629,-20.75114,-20.012526,-20.671164,-21.34194,-22.004587,-23.819704,2.78071,405
1000104000022,1000104000099,1000104000021,1000104000022,41000100000529,41000100000529,1000104000000,1000104000023,-1,0,41,0.98870814,59.04105,6677,24.93757,50.589664,23.637747,96787,2,5,2,112.55961,269.88303,307.1674,709,59.04105,0.09777723,161.14919,174.99202,0.7198668,1.8111327,0.1833736,5.766487,1.454628,0.0016797367,0.0107862735,0.021653797,9.836488E-4,0.049147364,0.013428104,3.0392923,0.0,43.994167,0.006782102,0.068938,-21.179447,-21.675245,-22.196756,-22.665854,-24.043083,-17.678997,-18.400005,-19.01744,-19.515863,-20.827814,-20.421833,-21.054567,-21.685326,-22.28047,-23.918707,2.5377572,128
1000104000023,1000104000099,1000104000022,1000104000023,40000100000518,40000100000518,1000104000000,1000104000024,-1,0,40,1.0778745,52.844322,6677,24.874525,50.444965,23.468231,96787,2,5,2,109.73946,261.8587,309.01715,645,52.844322,0.091232896,157.83139,172.25151,0.4800733,1.7671119,0.1833736,4.8265953,1.6358172,0.001678266,0.008398966,0.02096434,9.836488E-4,0.048205283,0.015130048,5.016011,0.0,43.979076,0.0035810259,0.06937717,-21.408695,-21.850206,-22.344057,-22.7967,-24.15323,-17.77806,-18.497171,-19.112602,-19.609976,-20.924913,-19.672796,-20.35262,-21.039896,-21.738752,-23.734093,2.2489834,733
1000104000024,1000104000099,1000104000023,1000104000024,39000100000538,39000100000538,1000104000000,1000104000025,-1,0,39,1.173417,49.143497,7146,24.802475,50.314957,23.315002,95031,2,5,2,107.303696,256.88983,312.39005,616,49.143497,0.08605339,156.71805,165.41936,0.43443817,1.6962729,0.1833736,4.223313,1.7375267,0.0016769791,0.008134425,0.019710336,9.836488E-4,0.045370232,0.01575526,7.6538205,2.2575696E-5,43.96306,0.0033119014,0.06753721,-21.540855,-21.950457,-22.419424,-22.854332,-24.186539,-17.88906,-18.60459,-19.21552,-19.707544,-21.020853,-19.64118,-20.296288,-20.969074,-21.666569,-23.726803,1.9965783,877
1000104000025,1000104000076,1000104000024,1000104000025,38000100000491,38000100000491,1000104000000,1000104000026,1000104000077,0,38,1.2758462,45.786938,7146,24.750896,50.179394,23.156422,95031,2,5,2,98.73315,246.62793,309.7663,586,45.786938,0.081061296,155.85976,170.51782,0.53847057,1.5233114,0.11544438,3.5901048,1.7249769,0.0011555982,0.010315529,0.017489972,7.2024774E-4,0.03977736,0.014700797,11.01378,0.0,44.079895,0.0026836698,0.063695945,-21.76575,-22.101637,-22.535328,-22.948927,-24.249407,-17.440228,-18.161222,-18.774698,-19.271423,-20.61052,-19.139488,-19.756392,-20.412981,-21.11655,-23.408537,1.7318385,968
1000104000026,1000104000076,1000104000025,1000104000026,37000100000506,37000100000506,1000104000000,1000104000027,-1,0,37,1.3857181,44.495953,7146,24.719404,50.040565,22.983755,95031,2,5,2,94.10304,242.09514,308.61057,509,44.495953,0.077290006,157.35065,176.39613,0.8822828,1.3769553,0.11544438,3.397344,1.5123862,0.001154879,0.014034545,0.014923372,7.2024774E-4,0.034115404,0.011507218,9.253576,3.7920533E-4,44.0719,0.005250847,0.058774628,-21.672863,-22.027466,-22.460033,-22.865791,-24.160221,-17.570211,-18.279602,-18.884375,-19.372694,-20.70326,-20.143621,-20.734394,-21.363762,-22.007689,-23.858187,1.5780605,269
1000104000027,1000104000062,1000104000026,1000104000027,36000100000446,36000100000446,1000104000000,1000104000028,1000104000063,0,36,1.5036365,44.237755,7146,24.656336,49.899033,22.80567,95031,2,5,2,86.86145,236.94753,309.42078,570,44.237755,0.074114345,160.2195,170.41786,0.9361766,1.2572457,0.114393994,3.4600096,1.4084688,9.0448954E-4,0.013891208,0.013151825,7.198825E-4,0.031573962,0.009668547,7.753194,0.0,44.183002,0.00481957,0.055384822,-21.74916,-22.076456,-22.487026,-22.873209,-24.126417,-17.678638,-18.371675,-18.964708,-19.44294,-20.763748,-20.100634,-20.676054,-21.291311,-21.924826,-23.761528,1.4011194,139
1000104000028,1000104000062,1000104000027,1000104000028,35000100000488,35000100000488,1000104000000,1000104000029,-1,0,35,1.6302707,43.54923,7146,24.63441,49.76665,22.612955,95029,2,5,2,79.90319,225.86964,305.71616,541,43.54923,0.070702486,162.7582,166.66815,0.7696531,1.1616166,0.114393994,3.6143925,1.4112328,9.0389804E-4,0.011321086,0.0117793875,7.198825E-4,0.031237815,0.008913667,9.525481,0.0,44.25999,0.0034669945,0.05379531,-21.889086,-22.174055,-22.552511,-22.915197,-24.123259,-17.825993,-18.498404,-19.078695,-19.54689,-20.86045,-19.825771,-20.382433,-20.993734,-21.649933,-23.648724,1.2082819,295
1000104000029,1000104000062,1000104000028,1000104000029,34000100000474,34000100000474,1000104000000,1000104000030,-1,0,34,1.766336,41.913982,7146,24.559624,49.65396,22.461014,95029,2,5,2,78.02152,225.0551,307.383,499,41.913982,0.066818334,164.24857,168.57594,0.66535515,1.0489929,0.114393994,3.5831172,1.3938363,9.032838E-4,0.009156207,0.010216448,7.198825E-4,0.030044155,0.007906857,9.253283,0.0,44.314198,0.00282072,0.052098792,-21.98359,-22.234013,-22.581648,-22.919777,-24.076307,-18.020004,-18.661623,-19.224285,-19.679983,-20.981869,-19.804,-20.325274,-20.905727,-21.539114,-23.53156,1.0390112,566
1000104000030,1000104000062,1000104000029,1000104000030,33000100000453,33000100000453,1000104000000,1000104000031,-1,0,33,1.9126327,42.77464,7146,24.523489,49.49555,22.27483,95025,2,5,2,67.96542,219.8598,305.21713,493,42.77464,0.064276814,169.17491,174.81396,0.35352105,0.94444895,0.114393994,4.126051,1.4260013,9.0261555E-4,0.005298716,0.008872067,7.198825E-4,0.03038171,0.0072678206,23.513306,0.020386117,44.440025,0.0014739587,0.05027848,-22.223982,-22.414364,-22.72639,-23.041124,-24.143274,-18.256502,-18.85471,-19.395693,-19.842438,-21.151741,-19.408241,-19.892153,-20.438467,-21.031284,-23.149094,0.8689181,159
1000104000031,1000104000050,1000104000030,1000104000031,32000100000442,32000100000442,1000104000000,1000104000032,1000104000051,0,32,2.0700274,39.76234,7146,24.49271,49.3746,22.103342,95025,2,5,2,62.09662,216.93901,301.37857,500,39.76234,0.05983204,169.05928,178.51135,0.89302164,0.61123985,0.03401458,3.5477397,1.1269181,2.7034062E-4,0.009669009,0.005031057,2.139624E-4,0.016924081,0.004937176,14.252212,0.0,44.439857,0.003015363,0.04037374,-21.97794,-22.150167,-22.44504,-22.73919,-23.788103,-16.724297,-17.36783,-17.931728,-18.385994,-19.687048,-19.6986,-20.128458,-20.669104,-21.291763,-23.220278,0.8270667,816
1000104000032,1000104000050,1000104000031,1000104000032,31000100000428,31000100000428,1000104000000,1000104000033,-1,0,31,2.2394855,38.12709,7146,24.44634,49.22149,21.922363,95025,2,5,2,54.57243,209.12712,295.16406,446,38.12709,0.056177102,170.84691,178.86444,0.865358,0.46557042,0.03401458,3.537653,1.0411944,2.7014816E-4,0.008192436,0.0036010246,2.139624E-4,0.012403658,0.0046331035,12.339156,0.0,44.44806,0.0032474315,0.035748914,-21.758749,-21.905481,-22.180109,-22.457088,-23.46929,-16.942877,-17.559452,-18.110592,-18.559921,-19.877407,-19.940643,-20.343643,-20.851824,-21.414268,-23.102718,0.8020474,572
1000104000033,1000104000050,1000104000032,1000104000033,30000100000381,30000100000381,1000104000000,1000104000034,-1,0,30,2.422044,32.18856,7146,24.390564,49.11573,21.744024,95024,2,5,2,46.367844,200.91437,292.72528,427,32.18856,0.050469663,165.61725,166.52263,0.85209876,0.34615615,0.03401458,2.6720893,1.0340782,2.6997618E-4,0.0067479317,0.002567254,2.139624E-4,0.008119614,0.004973281,4.174091,0.0,44.31969,0.0060923146,0.031722765,-21.042511,-21.240034,-21.544012,-21.842274,-22.918245,-17.181808,-17.76001,-18.28897,-18.728699,-20.045202,-20.470173,-20.79467,-21.195564,-21.590803,-22.84647,0.80632395,570
1000104000034,1000104000050,1000104000033,1000104000034,29000100000370,29000100000370,1000104000000,1000104000035,-1,0,29,2.6188614,24.614782,7146,24.395857,49.041973,21.598778,95024,2,5,2,31.228666,176.8027,283.49365,312,24.614782,0.04380004,155.46431,165.08948,0.52728367,0.3080151,0.03401458,1.5589564,1.2168008,2.6985694E-4,0.005044847,0.0022446974,2.139624E-4,0.006797023,0.0060448083,3.0793464,0.0,44.11935,0.004527918,0.031215914,-20.903168,-21.099676,-21.399342,-21.69701,-22.774157,-17.407095,-17.928144,-18.418036,-18.832685,-20.101599,-20.236456,-20.568258,-20.975893,-21.388733,-22.68378,0.67452174,783
1000104000035,1000104000050,1000104000034,1000104000035,28000100000337,28000100000337,1000104000000,1000104000036,-1,0,28,2.8311827,20.655762,7147,24.385693,48.94863,21.465818,94996,2,5,2,28.5472,169.46136,281.08484,284,20.655762,0.03914623,150.64183,154.7119,0.3230987,0.28152362,0.03401458,0.8617977,1.4456443,2.6978707E-4,0.003703447,0.0019742826,2.139624E-4,0.0053928276,0.007193789,5.323727,0.0033690082,43.871765,0.0037077733,0.027981784,-20.91885,-21.109507,-21.400537,-21.699486,-22.761168,-17.647007,-18.086123,-18.515932,-18.886295,-20.048428,-20.217373,-20.533169,-20.931389,-21.35214,-22.655846,0.5227219,721
1000104000036,1000104000042,1000104000035,1000104000036,27000100000439,27000100000438,1000104000000,1000104000037,1000104000043,0,27,3.060419,9.8975525,7147,24.411983,48.857777,21.364006,94996,2,5,2,-31.286148,200.17552,240.09279,46,9.8975525,0.028981796,121.19124,102.10782,0.37498105,0.20452708,0.0,0.008225557,1.4626799,0.0,0.0037311786,0.0012873857,0.0,5.9095248E-5,0.0072102593,7.708906,0.0,41.126324,0.0024517595,0.0052656513,-21.123882,-21.22766,-21.463018,-21.724337,-22.706652,99.0,99.0,99.0,99.0,99.0,-19.71454,-20.009697,-20.432686,-20.93402,-22.451586,0.33971173,559
1000104000037,1000104000042,1000104000036,1000104000037,26000100000699,26000100000699,1000104000000,1000104000038,-1,0,26,3.3080978,9.122961,7144,24.449823,48.75371,21.242949,94983,2,5,2,-23.3261,158.17899,237.55748,111,9.122961,0.02664571,121.34565,123.25408,0.16341245,0.14619622,0.0,0.043180883,1.0272421,0.0,0.0022835939,8.9287036E-4,0.0,3.2852122E-4,0.0041898764,10.406998,0.0,42.199432,0.0011575627,0.011432733,-21.049715,-21.121616,-21.34226,-21.597816,-22.556467,99.0,99.0,99.0,99.0,99.0,-18.127508,-18.458904,-18.944832,-19.579649,-21.724041,0.25214303,54
1000104000038,1000104000042,1000104000037,1000104000038,25000100000635,25000100000635,1000104000000,1000104000039,-1,0,25,3.575905,8.864764,7144,24.45524,48.65753,21.070726,94983,2,5,2,-24.973242,150.00356,246.0657,106,8.864764,0.024897095,123.745445,127.208275,0.25122607,0.07262707,0.0,0.43995315,0.5839651,0.0,0.0018511353,3.3206085E-4,0.0,6.330869E-4,0.0010063574,2.0770717,0.0,43.69387,0.002925464,0.024096387,-20.22392,-20.311008,-20.53046,-20.782537,-21.698454,99.0,99.0,99.0,99.0,99.0,-19.691423,-19.868446,-20.16917,-20.516615,-21.618994,0.23652478,530
1000104000039,1000104000042,1000104000038,1000104000039,24000100000510,24000100000510,1000104000000,1000104000040,-1,0,24,3.8656828,6.282794,7144,24.439045,48.564514,20.920637,94983,2,5,2,-27.076986,146.2047,250.9855,115,6.282794,0.020911494,113.67209,114.75739,0.23877609,0.058943447,0.0,2.8207406E-4,0.62280494,0.0,0.0017539511,2.2601795E-4,0.0,9.942909E-7,0.0011213743,7.6969457,0.0,0.0,0.0010513223,0.020911494,-20.859352,-20.863,-21.037823,-21.227814,-22.090101,99.0,99.0,99.0,99.0,99.0,-18.315811,-18.606934,-19.070408,-19.64615,-21.524158,0.11511295,375
1000104000040,1000104000042,1000104000039,1000104000040,23000100000909,23000100000909,1000104000000,1000104000041,-1,0,23,4.1794686,4.733612,7144,24.463085,48.495094,20.77977,94983,2,5,2,-1.4810371,138.31432,258.00488,55,4.733612,0.01790138,106.64072,113.48816,0.19754809,0.011801625,0.0,0.3515862,0.18899374,0.0,4.9638236E-4,1.9898327E-5,0.0,5.4584707E-5,5.0272633E-5,0.5308057,0.0,43.436172,0.0044473037,0.013470953,-18.674753,-18.720043,-18.898884,-19.106548,-19.819717,99.0,99.0,99.0,99.0,99.0,-18.631155,-18.684786,-18.87089,-19.086214,-19.813866,0.17276025,854
1000104000041,1000104000042,1000104000040,1000104000041,22000100000651,22000100000651,1000104000000,1000104000042,-1,0,22,4.5195556,2.4098387,7144,24.460691,48.433315,20.630613,94983,2,5,2,-24.984476,121.53793,246.72235,63,2.4098387,0.013429661,87.84791,95.709564,0.14781754,0.008785817,0.0,0.009996549,0.20018533,0.0,3.8547182E-4,1.19382685E-5,0.0,5.551727E-6,5.9449514E-5,1.4301181,0.0,41.49202,0.0020444277,0.006911745,-18.98028,-18.970594,-19.112875,-19.26184,-19.841923,99.0,99.0,99.0,99.0,99.0,-18.815804,-18.83559,-19.00403,-19.180815,-19.816011,0.074982256,642
1000104000042,1000104000042,1000104000041,1000104000042,21000100001066,21000100001066,1000104000000,-1,-1,0,21,4.888449,1.4631164,7144,24.480028,48.369015,20.497396,94979,2,5,2,-22.33106,108.89711,263.81363,36,1.4631164,0.010670388,76.79259,77.83686,0.14939009,0.0012653666,0.0,0.022911636,0.042485315,0.0,6.4667925E-5,2.7600413E-7,0.0,7.951743E-7,8.591418E-7,0.2606034,0.0,41.830555,0.0032874176,0.0062949723,-17.253716,-17.026506,-16.996277,-16.904713,-16.79279,99.0,99.0,99.0,99.0,99.0,-17.247173,-17.02117,-16.991936,-16.901442,-16.791645,0.026523355,472
1000104000043,1000104000050,1000104000035,1000104000044,27000100000438,27000100000438,1000104000000,1000104000044,-1,2,27,3.060419,9.8975525,7147,24.335821,48.87664,21.248781,94996,2,5,2,106.66238,179.27202,433.21536,37,3.2704954,0.016821781,91.440956,89.19342,0.024928633,0.033987362,0.0,0.0,0.0,0.0,4.0290656E-4,2.135221E-4,0.0,0.0,0.0,0.06770128,0.0,41.90166,0.0013393619,0.0142891165,-17.97729,-18.311712,-18.6799,-19.017193,-20.130234,99.0,99.0,99.0,99.0,99.0,-17.500925,-17.919214,-18.360693,-18.782768,-20.060472,0.74060374,271
1000104000044,1000104000050,1000104000043,1000104000045,26000100000794,26000100000794,1000104000000,1000104000045,-1,2,26,3.3080978,7.2295165,7144,24.267017,48.75612,21.014584,94982,2,5,2,122.03612,215.32516,321.2328,37,3.2704954,0.016821781,91.440956,89.19342,0.028586455,0.033475075,0.0,0.0,0.0,0.0,4.3325315E-4,2.0552042E-4,0.0,0.0,0.0,0.20670715,0.0,41.90166,0.0013393619,0.0142891165,-18.340786,-18.58623,-18.904743,-19.217781,-20.28807,99.0,99.0,99.0,99.0,99.0,-17.838387,-18.177376,-18.57464,-18.9767,-20.217216,0.56843483,987
1000104000045,1000104000050,1000104000044,1000104000046,25000100000761,25000100000761,1000104000000,1000104000046,-1,2,25,3.575905,6.024597,7144,24.216898,48.66168,20.85496,94982,2,5,2,120.23374,137.61545,338.65646,37,3.2704954,0.016821781,91.440956,89.19342,0.039020326,0.03201382,0.0,0.0,0.0,0.0,5.0241954E-4,1.852158E-4,0.0,0.0,0.0,0.58465827,0.0,41.90166,0.0013393619,0.0142891165,-18.75074,-18.911093,-19.182335,-19.468527,-20.482183,99.0,99.0,99.0,99.0,99.0,-18.13891,-18.414894,-18.783026,-19.177864,-20.397394,0.419925,8
1000104000046,1000104000050,1000104000045,1000104000051,24000100001548,24000100001548,1000104000000,1000104000047,-1,0,24,3.8656828,3.2704954,7144,24.158407,48.569183,20.665844,94982,2,5,2,100.956245,159.9399,280.6893,37,3.2704954,0.016821781,91.440956,89.19342,0.06652278,0.02816212,0.0,0.015806857,0.38141492,0.0,5.975078E-4,1.441776E-4,0.0,4.2525236E-5,6.980066E-4,1.1282398,0.0,41.90166,0.0013393619,0.0142891165,-19.118109,-19.193085,-19.408735,-19.649782,-20.58313,99.0,99.0,99.0,99.0,99.0,-18.481194,-18.682594,-19.00201,-19.357061,-20.499716,0.3064166,721
1000104000047,1000104000050,1000104000046,1000104000052,23000100001559,23000100001559,1000104000000,1000104000048,-1,0,23,4.1794686,2.9262328,7144,24.099817,48.464474,20.546642,94982,2,5,2,79.55768,137.68945,265.15976,33,2.9262328,0.015249604,90.843765,90.42662,0.09199591,0.021251947,0.0,0.004389732,0.326561,0.0,5.6684E-4,9.186334E-5,0.0,8.536829E-6,4.5128338E-4,0.96482635,0.0,40.776264,0.0014981851,0.005728326,-19.12759,-19.177597,-19.373703,-19.592838,-20.464287,99.0,99.0,99.0,99.0,99.0,-18.742895,-18.867445,-19.126722,-19.414667,-20.413698,0.23379804,612
1000104000048,1000104000050,1000104000047,1000104000053,22000100001587,22000100001587,1000104000000,1000104000049,-1,0,22,4.5195556,2.4098387,7144,24.067242,48.38644,20.381788,94978,2,5,2,63.201843,132.16167,259.20425,28,2.4098387,0.013429661,87.84791,90.494675,0.062442537,0.015770221,0.0,0.0013527918,0.28721973,0.0,4.3920593E-4,5.7366644E-5,0.0,3.4600987E-6,3.2997882E-4,1.0783098,0.0,43.433357,0.0011503525,0.01465851,-18.953777,-18.984777,-19.169285,-19.389013,-20.237122,99.0,99.0,99.0,99.0,99.0,-18.371086,-18.516485,-18.794151,-19.115334,-20.150162,0.15733378,348
1000104000049,1000104000050,1000104000048,1000104000054,21000100001586,21000100001586,1000104000000,1000104000050,-1,0,21,4.888449,2.065576,7144,24.024595,48.329693,20.25296,94978,2,5,2,45.495613,137.25322,249.16344,24,2.065576,0.0119701885,86.14698,94.99037,0.08200851,0.010099796,0.0,0.00168685,0.22379546,0.0,3.709822E-4,2.2226768E-5,0.0,2.38193E-6,1.3597729E-4,1.6635759,0.0,43.523956,0.0012165664,0.012726842,-18.87094,-18.892736,-19.07604,-19.270956,-20.046139,99.0,99.0,99.0,99.0,99.0,-18.53177,-18.616476,-18.853676,-19.106144,-19.993095,0.08089752,850
1000104000050,1000104000050,1000104000049,1000104000055,20000100001684,20000100001684,1000104000000,-1,-1,0,20,5.2888336,1.3770508,7144,23.968702,48.276466,20.124763,94978,2,5,2,50.492123,119.613594,242.50041,20,1.3770508,0.009799652,77.73912,82.72363,0.12605256,0.0020222585,0.0,0.015828962,0.06537037,0.0,1.0075802E-4,8.321602E-7,0.0,1.4286687E-6,3.4158056E-6,0.45191818,0.0,41.761097,0.0021157418,0.0064185164,-17.599613,-17.421703,-17.440813,-17.431957,-17.599766,99.0,99.0,99.0,99.0,99.0,-17.587362,-17.41179,-17.432861,-17.426157,-17.597977,0.0272222,18
1000104000051,1000104000062,1000104000030,1000104000031,32000100000442,32000100000442,1000104000000,1000104000052,-1,2,32,2.0700274,39.76234,7146,24.499676,49.385353,22.152863,95025,2,5,2,-110.28078,159.62091,117.733,159,13.684446,0.032286804,135.01158,118.63631,0.092368595,0.080160014,0.0,0.0,0.0,0.0,0.0014458491,5.024731E-4,0.0,0.0,0.0,0.06395347,0.0,43.259445,0.003473919,0.021540908,-18.334654,-18.843098,-19.33381,-19.751549,-21.0234,99.0,99.0,99.0,99.0,99.0,-18.125723,-18.673588,-19.19712,-19.651827,-20.993954,1.2576423,572
1000104000052,1000104000062,1000104000051,1000104000032,31000100000428,31000100000428,1000104000000,1000104000053,-1,2,31,2.2394855,38.12709,7146,24.518457,49.260166,22.032047,95025,2,5,2,67.25852,225.24144,275.20636,159,13.684446,0.032286804,135.01158,118.63631,0.09703596,0.079506345,0.0,0.0,0.0,0.0,0.0014836824,4.923674E-4,0.0,0.0,0.0,0.1512426,0.0,43.259445,0.003473919,0.021540908,-18.62902,-19.04518,-19.47645,-19.854317,-21.045471,99.0,99.0,99.0,99.0,99.0,-18.405903,-18.86465,-19.331108,-19.748362,-21.01426,1.0211911,712
1000104000053,1000104000062,1000104000052,1000104000033,30000100000381,30000100000381,1000104000000,1000104000054,-1,2,30,2.422044,32.18856,7146,24.449554,49.145283,21.853052,95025,2,5,2,112.088165,175.60623,366.63235,159,13.684446,0.032286804,135.01158,118.63631,0.10748711,0.07804267,0.0,0.0,0.0,0.0,0.0015625944,4.7057695E-4,0.0,0.0,0.0,0.3409552,0.0,43.259445,0.003473919,0.021540908,-18.955936,-19.272678,-19.641897,-19.982927,-21.100931,99.0,99.0,99.0,99.0,99.0,-18.715857,-19.082968,-19.491009,-19.873512,-21.06888,0.8052804,894
1000104000054,1000104000062,1000104000053,1000104000034,29000100000370,29000100000370,1000104000000,1000104000055,-1,2,29,2.6188614,24.614782,7146,24.41098,49.04756,21.597088,95024,2,5,2,107.13157,128.14236,481.96848,159,13.684446,0.032286804,135.01158,118.63631,0.1297329,0.07492715,0.0,0.0,0.0,0.0,0.0017067398,4.2761752E-4,0.0,0.0,0.0,0.73308426,0.0,43.259445,0.003473919,0.021540908,-19.308138,-19.533493,-19.8473,-20.15755,-21.214563,99.0,99.0,99.0,99.0,99.0,-19.007462,-19.300585,-19.664804,-20.026604,-21.176844,0.61400235,278
1000104000055,1000104000062,1000104000054,1000104000035,28000100000337,28000100000337,1000104000000,1000104000056,-1,2,28,2.8311827,20.655762,7147,24.308723,48.93833,21.39337,94996,2,5,2,121.287056,232.07362,302.71732,159,13.684446,0.032286804,135.01158,118.63631,0.17476492,0.06862045,0.0,0.0,0.0,0.0,0.0019174253,3.5223298E-4,0.0,0.0,0.0,1.5045662,0.0,43.259445,0.003473919,0.021540908,-19.660984,-19.808105,-20.073765,-20.354424,-21.344397,99.0,99.0,99.0,99.0,99.0,-19.380426,-19.589344,-19.90273,-20.232752,-21.310137,0.4530125,96
1000104000056,1000104000062,1000104000055,1000104000044,27000100000438,27000100000438,1000104000000,1000104000057,-1,1,27,3.060419,9.8975525,7147,24.272081,48.830257,21.216705,94996,2,5,2,54.89342,148.14128,312.9319,159,13.684446,0.032286804,135.01158,118.63631,0.2615562,0.05646541,0.0,0.0,0.0,0.0,0.002097962,2.3892209E-4,0.0,0.0,0.0,2.9508486,0.0,43.259445,0.003473919,0.021540908,-19.93739,-20.012169,-20.229002,-20.473045,-21.390495,99.0,99.0,99.0,99.0,99.0,-19.628178,-19.77301,-20.043587,-20.342583,-21.354427,0.33306706,91
1000104000057,1000104000062,1000104000056,1000104000045,26000100000794,26000100000794,1000104000000,1000104000058,-1,0,26,3.3080978,7.2295165,7144,24.278072,48.75843,21.018555,94982,2,5,2,64.51613,135.64369,326.26398,98,7.2295165,0.024657656,112.29197,109.68453,0.42098698,0.034137275,0.0,0.23462002,0.3864921,0.0,0.0019124863,1.03687984E-4,0.0,3.5536767E-4,5.4822856E-4,1.5452666,0.0,43.259445,0.006318907,0.021540908,-19.586395,-19.666355,-19.874311,-20.105331,-20.938723,99.0,99.0,99.0,99.0,99.0,-19.522133,-19.61597,-19.835318,-20.0774,-20.93125,0.30317065,901
1000104000058,1000104000062,1000104000057,1000104000046,25000100000761,25000100000761,1000104000000,1000104000059,-1,0,25,3.575905,6.024597,7144,24.21783,48.65162,20.842825,94982,2,5,2,54.44452,134.62704,311.42633,87,6.024597,0.02188949,108.79681,108.02906,0.42146268,0.023213476,0.0,0.107635185,0.32282513,0.0,0.0015491679,5.869121E-5,0.0,1.7516523E-4,4.3603996E-4,1.9175444,0.0,42.83347,0.0058332863,0.015851904,-19.50233,-19.548792,-19.73382,-19.935602,-20.699514,99.0,99.0,99.0,99.0,99.0,-19.410563,-19.476883,-19.678455,-19.895578,-20.689,0.23601995,243
1000104000059,1000104000062,1000104000058,1000104000047,24000100001056,24000100001056,1000104000000,1000104000060,-1,0,24,3.8656828,1.8073791,7144,24.241205,48.598404,20.73637,94982,2,5,2,-1.8739516,100.50449,334.9688,51,1.8073791,0.01380439,75.03882,77.42015,0.098542586,0.010580807,0.0,0.0,0.15222414,0.0,4.1104457E-4,2.1545056E-5,0.0,0.0,1.2429485E-4,0.57209224,0.0,0.0,0.002836317,0.01380439,-18.303623,-18.377792,-18.583603,-18.808537,-19.618954,99.0,99.0,99.0,99.0,99.0,-18.234573,-18.324017,-18.542204,-18.779055,-19.611052,0.26146877,302
1000104000060,1000104000062,1000104000059,1000104000048,23000100001266,23000100001266,1000104000000,1000104000061,-1,0,23,4.1794686,1.3770508,7144,24.242237,48.522514,20.570498,94982,2,5,2,-11.1354685,105.81557,328.09766,39,1.3770508,0.011861482,70.6603,73.701546,0.123561785,0.007076889,0.0,0.0,0.13070886,0.0,3.1017954E-4,1.0094919E-5,0.0,0.0,5.2193278E-5,0.4218713,0.0,0.0,0.004020555,0.011861482,-17.99991,-18.05378,-18.240091,-18.447832,-19.15896,99.0,99.0,99.0,99.0,99.0,-17.980612,-18.038464,-18.22815,-18.439175,-19.156502,0.20512952,381
1000104000061,1000104000062,1000104000060,1000104000049,22000100001254,22000100001254,1000104000000,1000104000062,-1,0,22,4.5195556,1.8073791,7144,24.25838,48.456833,20.408714,94978,2,5,2,-7.0057974,107.24927,316.231,37,1.8073791,0.0122016575,79.815125,84.233246,0.11966387,0.004679998,0.0,0.023246486,0.117778756,0.0,2.132367E-4,5.3031517E-6,0.0,5.3686917E-6,2.2407086E-5,0.18601887,0.0,42.10088,0.004620866,0.010935778,-17.631773,-17.66196,-17.839556,-18.0518,-18.741104,99.0,99.0,99.0,99.0,99.0,-17.619537,-17.652372,-17.832119,-18.04645,-18.739487,0.1374016,428
1000104000062,1000104000062,1000104000061,1000104000050,21000100001821,21000100001821,1000104000000,-1,-1,0,21,4.888449,1.4631164,7144,24.274605,48.41268,20.251251,94978,2,5,2,-0.5603173,113.65881,301.3675,23,1.4631164,0.010670388,76.79259,86.37105,0.08493347,0.0037017947,0.0,0.005833746,0.12158343,0.0,1.6751752E-4,3.6445924E-6,0.0,1.7424866E-6,2.192673E-5,0.76238793,0.0,41.033615,0.0011815357,0.0050882064,-18.34279,-18.250881,-18.335934,-18.406704,-18.819794,99.0,99.0,99.0,99.0,99.0,-18.222343,-18.152943,-18.257046,-18.347338,-18.799671,0.03471385,838
1000104000063,1000104000076,1000104000026,1000104000027,36000100000446,36000100000446,1000104000000,1000104000064,-1,2,36,1.5036365,44.237755,7146,24.633667,49.941727,22.69541,95031,2,5,2,78.38097,193.82901,281.5656,30,0.86065674,0.010141424,60.413708,62.822506,0.07419153,0.0010455229,0.0,0.0,0.0,0.0,5.2423733E-5,3.6181876E-7,0.0,0.0,0.0,0.0022189107,0.0,41.658344,0.006405223,0.009710226,-13.645156,-13.993747,-14.39272,-14.722842,-15.604581,99.0,99.0,99.0,99.0,99.0,-13.644856,-13.993507,-14.392529,-14.722704,-15.604541,1.9931924,662
1000104000064,1000104000076,1000104000063,1000104000028,35000100000488,35000100000488,1000104000000,1000104000065,-1,2,35,1.6302707,43.54923,7146,24.600294,49.808643,22.569174,95031,2,5,2,40.90313,287.1193,158.62997,30,0.86065674,0.010141424,60.413708,62.822506,0.07438696,0.0010181547,0.0,0.0,0.0,0.0,5.1119554E-5,3.4275908E-7,0.0,0.0,0.0,0.0028508783,0.0,41.658344,0.006405223,0.009710226,-13.776205,-14.09557,-14.474986,-14.792333,-15.647476,99.0,99.0,99.0,99.0,99.0,-13.775917,-14.095336,-14.474798,-14.792196,-15.647437,1.7461928,187
1000104000065,1000104000076,1000104000064,1000104000029,34000100000474,34000100000474,1000104000000,1000104000066,-1,2,34,1.766336,41.913982,7146,24.59238,49.609337,22.49959,95029,2,5,2,3.4851391,334.24966,169.05258,30,0.86065674,0.010141424,60.413708,62.822506,0.07462764,9.844475E-4,0.0,0.0,0.0,0.0,4.950813E-5,3.2001682E-7,0.0,0.0,0.0,0.0036232565,0.0,41.658344,0.006405223,0.009710226,-13.903495,-14.1904,-14.546682,-14.848574,-15.669315,99.0,99.0,99.0,99.0,99.0,-13.903151,-14.190135,-14.546476,-14.848427,-15.669273,1.5167694,129
1000104000066,1000104000076,1000104000065,1000104000030,33000100000453,33000100000453,1000104000000,1000104000067,-1,2,33,1.9126327,42.77464,7146,24.576378,49.442184,22.364363,95025,2,5,2,54.429977,255.45665,289.28323,30,0.86065674,0.010141424,60.413708,62.822506,0.07491992,9.435119E-4,0.0,0.0,0.0,0.0,4.754347E-5,2.934797E-7,0.0,0.0,0.0,0.0045541646,0.0,41.658344,0.006405223,0.009710226,-14.025928,-14.277179,-14.607111,-14.891284,-15.670934,99.0,99.0,99.0,99.0,99.0,-14.025673,-14.276973,-14.606945,-14.891165,-15.670899,1.3049346,12
1000104000067,1000104000076,1000104000066,1000104000031,32000100000442,32000100000442,1000104000000,1000104000068,-1,2,32,2.0700274,39.76234,7146,24.530396,49.315887,22.171625,95025,2,5,2,106.398476,174.71669,381.00854,30,0.86065674,0.010141424,60.413708,62.822506,0.07526987,8.9450023E-4,0.0,0.0,0.0,0.0,4.51802E-5,2.63262E-7,0.0,0.0,0.0,0.005660251,0.0,41.658344,0.006405223,0.009710226,-14.144157,-14.360811,-14.664788,-14.93248,-15.674826,99.0,99.0,99.0,99.0,99.0,-14.143887,-14.360604,-14.664627,-14.932365,-15.674793,1.1104478,526
1000104000068,1000104000076,1000104000067,1000104000032,31000100000428,31000100000428,1000104000000,1000104000069,-1,2,31,2.2394855,38.12709,7146,24.445915,49.25354,21.903536,95025,2,5,2,169.49915,102.23889,520.1366,30,0.86065674,0.010141424,60.413708,62.822506,0.07568296,8.366477E-4,0.0,0.0,0.0,0.0,4.237525E-5,2.2976288E-7,0.0,0.0,0.0,0.0069558634,0.0,41.658344,0.006405223,0.009710226,-14.2571535,-14.43557,-14.709333,-14.958029,-15.655208,99.0,99.0,99.0,99.0,99.0,-14.2568245,-14.435328,-14.709149,-14.957901,-15.655173,0.9328071,997
1000104000069,1000104000076,1000104000068,1000104000033,30000100000381,30000100000381,1000104000000,1000104000070,-1,2,30,2.422044,32.18856,7146,24.354912,49.157406,21.656466,95024,2,5,2,142.89793,203.69286,355.80032,30,0.86065674,0.010141424,60.413708,62.822506,0.076163605,7.6933124E-4,0.0,0.0,0.0,0.0,3.9090573E-5,1.9372291E-7,0.0,0.0,0.0,0.008452084,0.0,41.658344,0.006405223,0.009710226,-14.348944,-14.479302,-14.714432,-14.939793,-15.582736,99.0,99.0,99.0,99.0,99.0,-14.348726,-14.479131,-14.714297,-14.939696,-15.582708,0.77133197,704
1000104000070,1000104000076,1000104000069,1000104000034,29000100000370,29000100000370,1000104000000,1000104000071,-1,2,29,2.6188614,24.614782,7147,24.289152,49.031322,21.482409,94996,2,5,2,87.75451,226.0046,258.5558,30,0.86065674,0.010141424,60.413708,62.822506,0.07671506,6.920997E-4,0.0,0.0,0.0,0.0,3.529464E-5,1.5624288E-7,0.0,0.0,0.0,0.010155917,0.0,41.658344,0.006405223,0.009710226,-14.4367075,-14.521508,-14.71975,-14.9203415,-15.494863,99.0,99.0,99.0,99.0,99.0,-14.436475,-14.52133,-14.719611,-14.920243,-15.494834,0.6251658,229
1000104000071,1000104000076,1000104000070,1000104000035,28000100000337,28000100000337,1000104000000,1000104000072,-1,2,28,2.8311827,20.655762,7147,24.259699,48.90473,21.356,94996,2,5,2,10.80762,209.98409,187.86887,30,0.86065674,0.010141424,60.413708,62.822506,0.07733895,6.047287E-4,0.0,0.0,0.0,0.0,3.0965228E-5,1.1878759E-7,0.0,0.0,0.0,0.012069526,0.0,41.658344,0.006405223,0.009710226,-14.486038,-14.542259,-14.723208,-14.91367,-15.462134,99.0,99.0,99.0,99.0,99.0,-14.485841,-14.542106,-14.723087,-14.913582,-15.462107,0.493358,571
1000104000072,1000104000076,1000104000071,1000104000036,27000100000439,27000100000438,1000104000000,1000104000073,-1,2,27,3.060419,9.8975525,7144,24.28611,48.79959,21.265118,94982,2,5,2,-102.86959,125.94167,133.60698,30,0.86065674,0.010141424,60.413708,62.822506,0.0780352,5.0722196E-4,0.0,0.0,0.0,0.0,2.6089841E-5,8.313371E-8,0.0,0.0,0.0,0.0141899325,0.0,41.658344,0.006405223,0.009710226,-14.517447,-14.56061,-14.735994,-14.922226,-15.456845,99.0,99.0,99.0,99.0,99.0,-14.517329,-14.560513,-14.735914,-14.922168,-15.456826,0.37486348,220
1000104000073,1000104000076,1000104000072,1000104000037,26000100000699,26000100000699,1000104000000,1000104000074,-1,2,26,3.3080978,9.122961,7144,24.356161,48.745975,21.177876,94982,2,5,2,-161.90338,73.85444,153.59453,30,0.86065674,0.010141424,60.413708,62.822506,0.07880185,3.998513E-4,0.0,0.0,0.0,0.0,2.06684E-5,5.130417E-8,0.0,0.0,0.0,0.016508825,0.0,41.658344,0.006405223,0.009710226,-14.513139,-14.556935,-14.738767,-14.9268875,-15.449186,99.0,99.0,99.0,99.0,99.0,-14.51303,-14.55684,-14.738685,-14.926822,-15.44916,0.26862422,888
1000104000074,1000104000076,1000104000073,1000104000038,25000100000635,25000100000635,1000104000000,1000104000075,-1,2,25,3.575905,8.864764,7144,24.48558,48.67639,21.096645,94983,2,5,2,-219.7406,204.6922,131.59584,30,0.86065674,0.010141424,60.413708,62.822506,0.07963518,2.8314718E-4,0.0,0.0,0.0,0.0,1.4713451E-5,2.5452714E-8,0.0,0.0,0.0,0.019012438,0.0,41.658344,0.006405223,0.009710226,-14.515216,-14.57623,-14.767903,-14.955702,-15.437178,99.0,99.0,99.0,99.0,99.0,-14.515152,-14.576172,-14.767853,-14.955661,-15.4371605,0.17358573,351
1000104000075,1000104000076,1000104000074,1000104000039,24000100000510,24000100000510,1000104000000,1000104000076,-1,2,24,3.8656828,6.282794,7144,24.571575,48.562904,21.012653,94983,2,5,2,-112.95108,191.61778,157.44048,30,0.86065674,0.010141424,60.413708,62.822506,0.08052951,1.5789435E-4,0.0,0.0,0.0,0.0,8.250891E-6,7.73291E-9,0.0,0.0,0.0,0.021682145,0.0,41.658344,0.006405223,0.009710226,-14.4704895,-14.600342,-14.827899,-15.033093,-15.474176,99.0,99.0,99.0,99.0,99.0,-14.470464,-14.600318,-14.827878,-15.033076,-15.474168,0.08873733,571
1000104000076,1000104000076,1000104000075,1000104000043,23000100001619,23000100001619,1000104000000,-1,-1,0,23,4.1794686,0.86065674,7144,24.618996,48.47463,20.916903,94983,2,5,2,-67.49844,132.87889,215.68758,30,0.86065674,0.010141424,60.413708,62.822506,0.08147773,2.5096799E-5,0.0,0.018174734,0.0015100442,0.0,1.3191922E-6,1.5269419E-10,0.0,1.4566406E-9,8.269953E-11,0.0044172313,0.0,41.658344,0.006405223,0.009710226,-13.951149,-14.14417,-14.393568,-14.608813,-15.012675,99.0,99.0,99.0,99.0,99.0,-13.951145,-14.144166,-14.393565,-14.60881,-15.012674,0.013441508,537
1000104000077,1000104000099,1000104000024,1000104000025,38000100000491,38000100000491,1000104000000,1000104000078,-1,2,38,1.2758462,45.786938,7146,24.80644,50.20702,23.198095,95031,2,5,2,232.95288,323.55148,367.1908,62,5.3360734,0.026311753,93.391205,86.604614,0.0879243,0.0679289,0.01994615,0.0,0.0,1.8509016E-4,9.011455E-4,2.6339787E-4,9.5518786E-5,0.0,0.0,1.5976909E-4,0.0,43.145725,0.0049539167,0.021594776,-17.048788,-17.742748,-18.335749,-18.803288,-20.063059,-15.569559,-16.274555,-16.877346,-17.358839,-18.652199,-16.949007,-17.660248,-18.268831,-18.754522,-20.04879,2.980746,236
1000104000078,1000104000099,1000104000077,1000104000026,37000100000506,37000100000506,1000104000000,1000104000079,-1,2,37,1.3857181,44.495953,7146,24.662424,50.014187,22.940477,95031,2,5,2,162.13026,314.25266,496.69653,62,5.3360734,0.026311753,93.391205,86.604614,0.08793945,0.06792679,0.01994615,0.0,0.0,1.8509016E-4,9.011893E-4,2.6337616E-4,9.5518786E-5,0.0,0.0,2.7558563E-4,0.0,43.145725,0.0049539167,0.021594776,-17.164757,-17.837132,-18.416142,-18.873165,-20.11376,-15.703524,-16.40457,-17.0025,-17.477352,-18.765469,-17.065533,-17.7556,-18.35023,-18.825205,-20.099804,2.6614773,750
1000104000079,1000104000099,1000104000078,1000104000027,36000100000446,36000100000446,1000104000000,1000104000080,-1,2,36,1.5036365,44.237755,7146,24.611076,49.85946,22.70048,95031,2,5,2,37.389763,239.42221,372.17194,62,5.3360734,0.026311753,93.391205,86.604614,0.08796469,0.067923255,0.01994615,0.0,0.0,1.8509016E-4,9.0126204E-4,2.6333999E-4,9.5518786E-5,0.0,0.0,4.6577828E-4,0.0,43.145725,0.0049539167,0.021594776,-17.274372,-17.92793,-18.49602,-18.946049,-20.174223,-15.817983,-16.499437,-17.08503,-17.55128,-18.825638,-17.175285,-17.846493,-18.430151,-18.898092,-20.160263,2.3534214,295
1000104000080,1000104000099,1000104000079,1000104000028,35000100000488,35000100000488,1000104000000,1000104000081,-1,2,35,1.6302707,43.54923,7146,24.61539,49.743813,22.533596,95029,2,5,2,-19.332623,181.55225,199.0567,62,5.3360734,0.026311753,93.391205,86.604614,0.088005714,0.067917496,0.01994615,0.0,0.0,1.8509016E-4,9.013798E-4,2.632812E-4,9.5518786E-5,0.0,0.0,7.7076856E-4,0.0,43.145725,0.0049539167,0.021594776,-17.435081,-18.06371,-18.6186,-19.060192,-20.276556,-15.925183,-16.58269,-17.153566,-17.609272,-18.867062,-17.334148,-17.980751,-18.551453,-19.01126,-20.262276,2.057184,414
1000104000081,1000104000099,1000104000080,1000104000029,34000100000474,34000100000474,1000104000000,1000104000082,-1,2,34,1.766336,41.913982,7146,24.594334,49.63377,22.473644,95029,2,5,2,121.058174,182.74503,84.48264,62,5.3360734,0.026311753,93.391205,86.604614,0.08807079,0.06790838,0.01994615,0.0,0.0,1.8509016E-4,9.0156624E-4,2.631878E-4,9.5518786E-5,0.0,0.0,0.0012477614,0.0,43.145725,0.0049539167,0.021594776,-17.6181,-18.21428,-18.75208,-19.183588,-20.392935,-16.080627,-16.722528,-17.284922,-17.733854,-18.987549,-17.516113,-18.130913,-18.6848,-19.134611,-20.378656,1.7732918,407
1000104000082,1000104000099,1000104000081,1000104000030,33000100000453,33000100000453,1000104000000,1000104000083,-1,2,33,1.9126327,42.77464,7146,24.521425,49.545643,22.363455,95025,2,5,2,95.30981,150.47865,266.03647,62,5.3360734,0.026311753,93.391205,86.604614,0.088171445,0.06789429,0.01994615,0.0,0.0,1.8509016E-4,9.0185425E-4,2.6304353E-4,9.5518786E-5,0.0,0.0,0.0019751613,0.0,43.145725,0.0049539167,0.021594776,-17.95933,-18.56055,-19.114708,-19.569653,-20.904604,-16.276808,-16.888237,-17.434195,-17.872288,-19.116875,-17.852951,-18.472591,-19.04302,-19.516973,-20.888699,1.5021064,236
1000104000083,1000104000099,1000104000082,1000104000031,32000100000442,32000100000442,1000104000000,1000104000084,-1,2,32,2.0700274,39.76234,7146,24.476578,49.445225,22.186138,95025,2,5,2,66.02827,206.16006,347.80328,62,5.3360734,0.026311753,93.391205,86.604614,0.088323236,0.06787302,0.01994615,0.0,0.0,1.8509016E-4,9.022871E-4,2.6282627E-4,9.5518786E-5,0.0,0.0,0.0030562778,0.0,43.145725,0.0049539167,0.021594776,-18.127567,-18.63178,-19.111118,-19.506649,-20.673376,-16.522999,-17.110443,-17.648705,-18.09221,-19.390787,-18.023382,-18.547468,-19.043804,-19.458162,-20.65972,1.2438949,777
1000104000084,1000104000099,1000104000083,1000104000032,31000100000428,31000100000428,1000104000000,1000104000085,-1,2,31,2.2394855,38.12709,7146,24.440775,49.268333,21.94276,95025,2,5,2,18.677876,442.99924,493.6284,62,5.3360734,0.026311753,93.391205,86.604614,0.088546276,0.06784179,0.01994615,0.0,0.0,1.8509016E-4,9.029196E-4,2.6250744E-4,9.5518786E-5,0.0,0.0,0.004622404,0.0,43.145725,0.0049539167,0.021594776,-18.387608,-18.831312,-19.27239,-19.648531,-20.772438,-16.794247,-17.33776,-17.844778,-18.26463,-19.515965,-18.283298,-18.747421,-19.205633,-19.600403,-20.75888,0.99877334,72
1000104000085,1000104000099,1000104000084,1000104000033,30000100000381,30000100000381,1000104000000,1000104000086,-1,2,30,2.422044,32.18856,7146,24.428495,49.015347,21.68747,95025,2,5,2,38.067062,341.58286,373.36374,62,5.3360734,0.026311753,93.391205,86.604614,0.088865705,0.06779706,0.01994615,0.0,0.0,1.8509016E-4,9.038181E-4,2.620519E-4,9.5518786E-5,0.0,0.0,0.0068338043,0.0,43.145725,0.0049539167,0.021594776,-18.674932,-19.032282,-19.417517,-19.765192,-20.830313,-16.999933,-17.456758,-17.899408,-18.272438,-19.409023,-18.567904,-18.94596,-19.348507,-19.715075,-20.815828,0.7667697,503
1000104000086,1000104000099,1000104000085,1000104000056,29000100000371,29000100000370,1000104000000,1000104000087,-1,1,29,2.6188614,24.614782,7147,24.378925,48.85882,21.482983,94996,2,5,2,72.06006,296.17957,333.74994,62,5.3360734,0.026311753,93.391205,86.604614,0.08931158,0.06773461,0.01994615,0.0,0.0,1.8509016E-4,9.050582E-4,2.6141797E-4,9.5518786E-5,0.0,0.0,0.009877682,0.0,43.145725,0.0049539167,0.021594776,-19.08108,-19.35383,-19.685946,-20.013662,-21.034195,-17.280106,-17.653522,-18.042553,-18.38841,-19.473133,-18.969942,-19.263952,-19.613949,-19.961243,-21.018972,0.54776883,239
1000104000087,1000104000099,1000104000086,1000104000057,28000100000338,28000100000337,1000104000000,1000104000088,-1,1,28,2.8311827,20.655762,7144,24.36674,48.683727,21.274065,94982,2,5,2,66.80304,262.75375,308.1268,72,6.1967306,0.02620578,100.84462,100.71038,0.089918345,0.06764963,0.01994615,0.0,0.0,1.8509016E-4,9.0672E-4,2.60559E-4,9.5518786E-5,0.0,0.0,3.8826406,0.062137797,43.145725,0.0059346906,0.021594776,-19.726255,-19.889034,-20.158384,-20.476835,-21.493862,-17.6399,-17.924372,-18.26084,-18.585003,-19.634428,-19.643362,-19.821878,-20.104565,-20.437582,-21.482378,0.34156674,624
1000104000088,1000104000094,1000104000087,1000104000058,27000100001070,27000100001070,1000104000000,1000104000089,1000104000095,0,27,3.060419,5.8524656,7144,24.346722,48.53006,21.101507,94982,2,5,2,60.695175,244.62164,292.33127,78,5.8524656,0.02432553,101.72044,103.07331,0.27896327,0.01683851,0.0,0.24075128,0.30226895,0.0,8.4766117E-4,3.1410284E-5,0.0,1.9126768E-4,3.5030133E-4,1.1235663,0.0,43.145725,0.004991697,0.021594776,-19.004217,-19.05002,-19.234486,-19.437279,-20.169422,99.0,99.0,99.0,99.0,99.0,-18.938692,-18.996151,-19.190998,-19.405619,-20.160187,0.25345016,727
1000104000089,1000104000094,1000104000088,1000104000059,26000100001009,26000100001009,1000104000000,1000104000090,-1,0,26,3.3080978,3.7008238,7144,24.324413,48.3667,20.932768,94982,2,5,2,55.38421,220.23108,276.56824,74,3.7008238,0.019724902,89.828,89.38505,0.28975126,0.008336842,0.0,0.0,0.1738906,0.0,5.154301E-4,1.0661739E-5,0.0,0.0,2.9026507E-4,0.5759793,0.0,0.0,0.008021731,0.019724902,-18.213781,-18.263449,-18.448492,-18.64565,-19.293917,99.0,99.0,99.0,99.0,99.0,-18.1962,-18.249163,-18.437037,-18.637157,-19.291348,0.23659502,128
1000104000090,1000104000094,1000104000089,1000104000060,25000100002253,25000100002253,1000104000000,1000104000091,-1,0,25,3.575905,0.774591,7144,24.206669,48.338585,20.7959,94982,2,5,2,90.65764,200.80768,305.20844,29,0.774591,0.011048003,54.911625,68.5533,0.07424842,0.0042651305,0.0,0.0,0.028849533,0.0,1.8754268E-4,4.9456044E-6,0.0,0.0,3.1992262E-5,0.16732603,0.0,0.0,0.0038417003,0.011048003,-17.291452,-17.356386,-17.550735,-17.769722,-18.475082,99.0,99.0,99.0,99.0,99.0,-17.259176,-17.33053,-17.530289,-17.75491,-18.470846,0.20912862,545
1000104000091,1000104000094,1000104000090,1000104000061,24000100002767,24000100002767,1000104000000,1000104000092,-1,0,24,3.8656828,0.60245967,7144,24.161606,48.214798,20.634527,94982,2,5,2,74.80742,200.62117,304.2914,22,0.60245967,0.009571429,52.02901,63.112164,0.082119465,0.0031627961,0.0,0.0,0.022080816,0.0,1.4654509E-4,2.597169E-6,0.0,0.0,1.7320688E-5,0.45260495,0.0,0.0,0.0024063338,0.009571429,-17.670729,-17.659916,-17.799398,-17.946781,-18.468422,99.0,99.0,99.0,99.0,99.0,-17.602716,-17.604523,-17.755302,-17.913916,-18.458126,0.09514958,779
1000104000092,1000104000094,1000104000091,1000104000062,23000100002641,23000100002641,1000104000000,1000104000093,-1,0,23,4.1794686,0.774591,7144,24.117905,48.09468,20.486609,94978,2,5,2,63.8635,186.57309,284.90326,21,0.774591,0.009791437,58.328793,68.71031,0.10191318,3.9070644E-4,0.0,0.0,0.005059216,0.0,2.027834E-5,3.6961417E-8,0.0,-3.3087225E-24,2.481976E-7,0.063302815,0.0,0.0,0.0070612426,0.009791437,-15.539961,-15.532498,-15.647568,-15.750869,-15.995441,99.0,99.0,99.0,99.0,99.0,-15.539697,-15.532265,-15.6473675,-15.750706,-15.99537,0.07554482,756
1000104000093,1000104000094,1000104000092,1000104000063,22000100002277,22000100002277,1000104000000,1000104000094,-1,0,22,4.5195556,0.86065674,7144,24.074274,47.98703,20.338034,94978,2,5,2,46.161606,173.35054,270.60376,20,0.86065674,0.009528234,62.327362,67.736786,0.10445195,3.1047195E-5,0.0,0.002162671,0.0017551613,0.0,1.6319285E-6,1.570103E-10,0.0,1.2502579E-9,7.2732015E-10,0.0059040547,0.0,40.044918,0.007247408,0.0024444303,-14.534551,-14.681637,-14.903277,-15.092152,-15.438407,99.0,99.0,99.0,99.0,99.0,-14.534545,-14.681632,-14.903274,-15.092149,-15.438406,0.009707866,80
1000104000094,1000104000094,1000104000093,1000104000064,21000100001984,21000100001984,1000104000000,-1,-1,0,21,4.888449,0.60245967,7144,24.064066,47.872944,20.205643,94978,2,5,2,42.196682,167.37114,269.8188,20,0.60245967,0.007938344,57.130627,66.25535,0.066274345,0.0,0.0,0.007265737,0.0,0.0,0.0,0.0,0.0,0.0,0.0,0.0,0.0,41.01855,0.008150811,0.006080512,99.0,99.0,99.0,99.0,99.0,99.0,99.0,99.0,99.0,99.0,99.0,99.0,99.0,99.0,99.0,0.0,997
1000104000095,1000104000099,1000104000087,1000104000058,27000100001070,27000100001070,1000104000000,1000104000096,-1,2,27,3.060419,5.8524656,7144,24.326353,48.540424,21.097692,94982,2,5,2,57.431297,333.11044,313.52002,24,2.4959044,0.016318075,81.10535,78.4076,0.03511132,0.019444155,0.0,0.0,0.0,0.0,3.989075E-4,8.964938E-5,0.0,0.0,0.0,0.3454018,0.0,43.563244,0.0014846763,0.017520519,-18.250969,-18.41035,-18.68021,-18.966883,-19.94633,99.0,99.0,99.0,99.0,99.0,-18.013506,-18.221762,-18.530867,-18.859785,-19.915747,0.3908199,487
1000104000096,1000104000099,1000104000095,1000104000059,26000100001009,26000100001009,1000104000000,1000104000097,-1,2,26,3.3080978,3.7008238,7144,24.326567,48.364227,20.930216,94982,2,5,2,-36.877213,246.34045,276.93536,24,2.4959044,0.016318075,81.10535,78.4076,0.053772964,0.016830606,0.0,0.0,0.0,0.0,4.432975E-4,6.453152E-5,0.0,0.0,0.0,0.8404428,0.0,43.563244,0.0014846763,0.017520519,-18.647738,-18.728394,-18.94537,-19.195248,-20.10132,99.0,99.0,99.0,99.0,99.0,-18.419788,-18.545713,-18.800089,-19.090944,-20.071474,0.2533975,138
1000104000097,1000104000099,1000104000096,1000104000065,25000100002058,25000100002058,1000104000000,1000104000098,-1,0,25,3.575905,2.4959044,7144,24.326923,48.231216,20.798855,94982,2,5,2,33.855637,229.45372,229.75323,24,2.4959044,0.016318075,81.10535,78.4076,0.0961956,0.01088935,0.0,0.0019405962,0.24263567,0.0,3.8495514E-4,3.001415E-5,0.0,2.193277E-6,1.5554442E-4,0.8805358,0.0,43.563244,0.0014846763,0.017520519,-18.936039,-18.964571,-19.132946,-19.317154,-20.046999,99.0,99.0,99.0,99.0,99.0,-18.368626,-18.501568,-18.76434,-19.038986,-19.967155,0.16883598,476
1000104000098,1000104000099,1000104000097,1000104000066,24000100002248,24000100002248,1000104000000,1000104000099,-1,0,24,3.8656828,0.60245967,7144,24.269554,48.133556,20.671074,94982,2,5,2,33.23111,213.6525,210.61882,25,0.60245967,0.009571429,52.02901,65.147064,0.054800577,0.005088431,0.0,0.0,0.10847004,0.0,2.0424249E-4,8.598721E-6,0.0,0.0,5.4554144E-5,0.47893357,0.0,0.0,0.0016304185,0.009571429,-17.92883,-17.962288,-18.141901,-18.343193,-19.077177,99.0,99.0,99.0,99.0,99.0,-17.868805,-17.913782,-18.103447,-18.315363,-19.069283,0.124702275,724
1000104000099,1000104000099,1000104000098,1000104000067,23000100001918,23000100001918,1000104000000,-1,-1,0,23,4.1794686,1.2909851,7144,24.26255,48.009792,20.549065,94982,2,5,2,43.940502,201.04517,210.71187,28,1.2909851,0.011609033,69.15643,73.61661,0.0756842,0.0021550849,0.0,0.002424425,0.090519756,0.0,1.02632606E-4,1.5068681E-6,0.0,4.167751E-7,8.869264E-6,0.37931168,0.0,40.159603,0.0015651807,0.0030045724,-17.964888,-17.893349,-17.969542,-18.041868,-18.331411,99.0,99.0,99.0,99.0,99.0,-17.922716,-17.857992,-17.940628,-18.019049,-18.32281,0.039884865,953
1000104000100,1000104000123,1000104000004,1000104000005,58000100000482,58000100000482,1000104000000,1000104000101,-1,2,58,0.11588337,81.15993,6700,26.20506,52.10636,25.936447,96938,2,5,2,227.27725,254.19894,284.1022,22,1.6352477,0.02864265,49.55131,50.26931,0.0433542,0.004897557,0.0,0.0,0.0,0.0,1.8873446E-4,9.640073E-6,0.0,0.0,0.0,7.5948614E-5,0.0,0.0,0.004602864,0.02864265,-13.563795,-14.253869,-14.858689,-15.3300905,-16.498167,99.0,99.0,99.0,99.0,99.0,-13.557877,-14.249011,-14.854765,-15.327238,-16.497334,6.70742,801
1000104000101,1000104000123,1000104000100,1000104000006,57000100000477,57000100000477,1000104000000,1000104000102,-1,2,57,0.14438343,80.04108,6700,26.14365,52.0386,25.857862,96938,2,5,2,224.00069,243.99397,297.72385,22,1.6352477,0.02864265,49.55131,50.26931,0.043361437,0.0048965444,0.0,0.0,0.0,0.0,1.8871261E-4,9.635664E-6,0.0,0.0,0.0,1.04822E-4,0.0,0.0,0.004602864,0.02864265,-13.616891,-14.300423,-14.900896,-15.3688,-16.53452,99.0,99.0,99.0,99.0,99.0,-13.61101,-14.295582,-14.896982,-15.365954,-16.533688,6.3881845,936
1000104000102,1000104000123,1000104000101,1000104000007,56000100000495,56000100000495,1000104000000,1000104000103,-1,2,56,0.17489761,79.86894,6700,26.080421,51.970306,25.76985,96938,2,5,2,218.10152,235.15192,318.12262,22,1.6352477,0.02864265,49.55131,50.26931,0.04337171,0.0048951046,0.0,0.0,0.0,0.0,1.8868156E-4,9.629396E-6,0.0,0.0,0.0,1.4600545E-4,0.0,0.0,0.004602864,0.02864265,-13.675898,-14.352037,-14.947724,-15.411989,-16.576109,99.0,99.0,99.0,99.0,99.0,-13.669914,-14.347147,-14.943781,-15.409124,-16.57527,6.0597796,214
1000104000103,1000104000123,1000104000102,1000104000008,55000100000489,55000100000489,1000104000000,1000104000104,-1,2,55,0.20754863,80.471405,6700,26.017105,51.9002,25.670399,96938,2,5,2,201.02206,231.84044,339.08942,22,1.6352477,0.02864265,49.55131,50.26931,0.04338642,0.004893044,0.0,0.0,0.0,0.0,1.8863704E-4,9.620437E-6,0.0,0.0,0.0,2.0511769E-4,0.0,0.0,0.004602864,0.02864265,-13.741633,-14.409388,-14.999801,-15.460342,-16.623602,99.0,99.0,99.0,99.0,99.0,-13.735564,-14.404454,-14.9958315,-15.457459,-16.622759,5.723098,551
1000104000104,1000104000123,1000104000103,1000104000009,54000100000497,54000100000497,1000104000000,1000104000105,-1,2,54,0.24246909,79.09435,6700,25.954937,51.82561,25.561419,96938,2,5,2,192.22804,236.48033,345.70084,22,1.6352477,0.02864265,49.55131,50.26931,0.043407585,0.0048900805,0.0,0.0,0.0,0.0,1.8857303E-4,9.607556E-6,0.0,0.0,0.0,2.9040928E-4,0.0,0.0,0.004602864,0.02864265,-13.815366,-14.473574,-15.058149,-15.51487,-16.677807,99.0,99.0,99.0,99.0,99.0,-13.809287,-14.468634,-15.054175,-15.511983,-16.67696,5.379165,148
1000104000105,1000104000123,1000104000104,1000104000010,53000100000530,53000100000530,1000104000000,1000104000106,-1,2,53,0.2798018,79.35255,6700,25.89189,51.748512,25.445745,96936,2,5,2,189.2442,225.84698,349.93488,22,1.6352477,0.02864265,49.55131,50.26931,0.04343818,0.0048857965,0.0,0.0,0.0,0.0,1.8848038E-4,9.588955E-6,0.0,0.0,0.0,4.1395906E-4,0.0,0.0,0.004602864,0.02864265,-13.898363,-14.545603,-15.123582,-15.576288,-16.738823,99.0,99.0,99.0,99.0,99.0,-13.892406,-14.54072,-15.11964,-15.573423,-16.737984,5.0291524,913
1000104000106,1000104000123,1000104000105,1000104000011,52000100000529,52000100000529,1000104000000,1000104000107,-1,2,52,0.31970343,80.29927,6701,25.825333,51.671627,25.321308,96908,2,5,2,191.68831,212.08568,360.93796,22,1.6352477,0.02864265,49.55131,50.26931,0.043482568,0.0048795794,0.0,0.0,0.0,0.0,1.8834564E-4,9.5620035E-6,0.0,0.0,0.0,5.9343496E-4,0.0,0.0,0.004602864,0.02864265,-13.991749,-14.62612,-15.196417,-15.644659,-16.805922,99.0,99.0,99.0,99.0,99.0,-13.985624,-14.621151,-15.192421,-15.641757,-16.805069,4.674387,365
1000104000107,1000104000123,1000104000106,1000104000012,51000100000521,51000100000521,1000104000000,1000104000108,-1,2,51,0.36234027,80.7296,6701,25.753487,51.59727,25.186428,96908,2,5,2,197.80522,191.968,374.2366,22,1.6352477,0.02864265,49.55131,50.26931,0.043547135,0.0048705353,0.0,0.0,0.0,0.0,1.8814906E-4,9.522879E-6,0.0,0.0,0.0,8.5485895E-4,0.0,0.0,0.004602864,0.02864265,-14.098094,-14.717262,-15.278493,-15.7215605,-16.880768,99.0,99.0,99.0,99.0,99.0,-14.091962,-14.712285,-15.274489,-15.718653,-16.879913,4.316438,1
1000104000108,1000104000123,1000104000107,1000104000013,50000100000505,50000100000505,1000104000000,1000104000109,-1,2,50,0.40789944,82.364845,6701,25.67516,51.528057,25.039274,96908,2,5,2,208.89726,167.49762,392.93396,22,1.6352477,0.02864265,49.55131,50.26931,0.043641265,0.004857353,0.0,0.0,0.0,0.0,1.8786125E-4,9.466033E-6,0.0,0.0,0.0,0.0012360071,0.0,0.0,0.004602864,0.02864265,-14.2182045,-14.819199,-15.369637,-15.80663,-16.96227,99.0,99.0,99.0,99.0,99.0,-14.211952,-14.814153,-15.365588,-15.80369,-16.961403,3.957015,15
1000104000109,1000104000123,1000104000108,1000104000014,49000100000500,49000100000500,1000104000000,1000104000110,-1,2,49,0.45657724,85.03288,6701,25.58693,51.466663,24.878006,96908,2,5,2,229.26564,136.45073,408.78946,22,1.6352477,0.02864265,49.55131,50.26931,0.04377853,0.004838128,0.0,0.0,0.0,0.0,1.8743875E-4,9.383512E-6,0.0,0.0,0.0,0.0017916874,0.0,0.0,0.004602864,0.02864265,-14.352969,-14.932411,-15.47018,-15.900026,-17.049925,99.0,99.0,99.0,99.0,99.0,-14.344391,-14.926124,-15.465327,-15.8965225,-17.048836,3.5981584,386
1000104000110,1000104000123,1000104000109,1000104000068,48000100000507,48000100000506,1000104000000,1000104000111,-1,2,48,0.5085914,90.71322,6701,25.489817,51.423393,24.70449,96908,2,5,2,244.70963,60.5305,435.14926,22,1.6352477,0.02864265,49.55131,50.26931,0.043978598,0.0048101074,0.0,0.0,0.0,0.0,1.868174E-4,9.264043E-6,0.0,0.0,0.0,0.002600745,0.0,0.0,0.004602864,0.02864265,-14.503152,-15.057179,-15.580203,-16.001675,-17.143526,99.0,99.0,99.0,99.0,99.0,-14.496353,-15.051818,-15.575938,-15.998581,-17.142601,3.2421193,980
1000104000111,1000104000123,1000104000110,1000104000069,47000100000496,47000100000495,1000104000000,1000104000112,-1,2,47,0.5641766,86.32387,6698,25.370914,51.418682,24.501163,96901,2,5,2,322.77692,5.969922,492.60626,22,1.6352477,0.02864265,49.55131,50.26931,0.044269662,0.004769345,0.0,0.0,0.0,0.0,1.8590153E-4,9.0919275E-6,0.0,0.0,0.0,0.0037757452,0.0,0.0,0.004602864,0.02864265,-14.668386,-15.192409,-15.698315,-16.110212,-17.240889,99.0,99.0,99.0,99.0,99.0,-14.661103,-15.186754,-15.693848,-16.106972,-17.239906,2.8914423,454
1000104000112,1000104000123,1000104000111,1000104000070,46000100000491,46000100000490,1000104000000,1000104000113,-1,2,46,0.6235901,83.39764,6698,25.211967,51.369583,24.277674,96897,2,5,2,369.9802,195.21628,478.60727,22,1.6352477,0.02864265,49.55131,50.26931,0.044691782,0.004710227,0.0,0.0,0.0,0.0,1.8454844E-4,8.845846E-6,0.0,0.0,0.0,0.005475656,0.0,0.0,0.004602864,0.02864265,-14.847194,-15.336176,-15.822176,-16.223135,-17.338627,99.0,99.0,99.0,99.0,99.0,-14.841544,-15.33163,-15.818533,-16.220488,-17.33784,2.5489366,561
1000104000113,1000104000123,1000104000112,1000104000071,45000100000487,45000100000486,1000104000000,1000104000114,-1,2,45,0.6871088,77.7173,6698,25.042086,51.257973,24.067654,96897,2,5,2,365.46838,277.49188,424.93884,22,1.6352477,0.02864265,49.55131,50.26931,0.04530129,0.0046248673,0.0,0.0,0.0,0.0,1.8254326E-4,8.497851E-6,0.0,0.0,0.0,0.007922369,0.0,0.0,0.004602864,0.02864265,-15.039302,-15.489277,-15.952786,-16.341337,-17.43801,99.0,99.0,99.0,99.0,99.0,-15.033205,-15.484439,-15.948934,-16.33854,-17.437164,2.2176654,832
1000104000114,1000104000123,1000104000113,1000104000072,44000100000489,44000100000488,1000104000000,1000104000115,-1,2,44,0.75503564,66.098434,6698,24.869314,51.121532,23.87757,96897,2,5,2,347.60764,284.49536,371.8083,22,1.6352477,0.02864265,49.55131,50.26931,0.046176314,0.004502322,0.0,0.0,0.0,0.0,1.795598E-4,8.013153E-6,0.0,0.0,0.0,0.01142126,0.0,0.0,0.004602864,0.02864265,-15.242575,-15.650187,-16.088415,-16.46244,-17.534418,99.0,99.0,99.0,99.0,99.0,-15.23562,-15.644782,-16.084154,-16.459343,-17.533463,1.9009144,443
1000104000115,1000104000123,1000104000114,1000104000073,43000100001053,43000100001053,1000104000000,1000104000116,-1,2,43,0.8276991,11.877063,6698,24.716248,50.980923,23.699995,96897,2,5,2,274.4108,297.31335,351.6735,22,1.6352477,0.02864265,49.55131,50.26931,0.04742371,0.004327627,0.0,0.0,0.0,0.0,1.7509729E-4,7.351933E-6,0.0,0.0,0.0,0.016386427,0.0,0.0,0.004602864,0.02864265,-15.451374,-15.813165,-16.222366,-16.578703,-17.615898,99.0,99.0,99.0,99.0,99.0,-15.443589,-15.807318,-16.217836,-16.575409,-17.614841,1.602187,783
1000104000116,1000104000123,1000104000115,1000104000074,42000100000986,42000100000986,1000104000000,1000104000117,-1,2,42,0.9054624,9.983618,6698,24.586395,50.825855,23.528404,96897,2,5,2,244.91875,312.24103,334.11517,22,1.6352477,0.02864265,49.55131,50.26931,0.049187347,0.00408063,0.0,0.0,0.0,0.0,1.6837915E-4,6.4750725E-6,0.0,0.0,0.0,0.02336932,0.0,0.0,0.004602864,0.02864265,-15.653052,-15.9636,-16.337791,-16.671392,-17.655853,99.0,99.0,99.0,99.0,99.0,-15.647542,-15.959269,-16.334364,-16.6689,-17.655085,1.3253002,201
1000104000117,1000104000123,1000104000116,1000104000075,41000100001047,41000100001047,1000104000000,1000104000118,-1,2,41,0.98870814,10.327881,7146,24.464334,50.658722,23.353497,95031,2,5,2,236.73637,340.6842,340.52545,22,1.6352477,0.02864265,49.55131,50.26931,0.05165704,0.0037347516,0.0,0.0,0.0,0.0,1.5819634E-4,5.3571043E-6,0.0,0.0,0.0,0.033091314,0.0,0.0,0.004602864,0.02864265,-15.837657,-16.09264,-16.42709,-16.734165,-17.65234,99.0,99.0,99.0,99.0,99.0,-15.8333645,-16.089167,-16.424303,-16.73214,-17.651733,1.0749073,296
1000104000118,1000104000123,1000104000117,1000104000098,40000100003297,40000100003297,1000104000000,1000104000119,-1,0,40,1.0778745,1.6352477,7146,24.345148,50.48603,23.170282,95030,2,5,2,211.5989,304.78656,334.84323,22,1.6352477,0.02864265,49.55131,50.26931,0.05507935,0.0032554609,0.0,0.0,0.090174966,0.0,1.4266353E-4,4.009407E-6,0.0,0.0,2.4667108E-5,0.046475977,0.0,0.0,0.004602864,0.02864265,-15.981376,-16.177288,-16.46917,-16.747458,-17.594414,99.0,99.0,99.0,99.0,99.0,-15.975184,-16.172588,-16.465523,-16.744806,-17.593557,0.85798764,319
1000104000119,1000104000123,1000104000118,1000104000099,39000100004329,39000100004329,1000104000000,1000104000120,-1,0,39,1.173417,1.4631164,7146,24.23852,50.302517,22.98323,95030,2,5,2,191.58482,291.33438,327.04648,20,1.4631164,0.026670974,48.572445,52.41338,0.05976601,0.0025990976,0.0,0.0,0.08614468,0.0,1.1888068E-4,2.5192046E-6,0.0,0.0,1.5394764E-5,0.05468115,0.0,0.0,0.004841032,0.026670974,-15.98573,-16.132818,-16.389435,-16.641539,-17.416054,99.0,99.0,99.0,99.0,99.0,-15.9788885,-16.12779,-16.38562,-16.638802,-17.41517,0.690011,803
1000104000120,1000104000123,1000104000119,1000104000100,38000100003982,38000100003982,1000104000000,1000104000121,-1,0,38,1.2758462,1.8073791,7146,24.119574,50.151474,22.829844,95030,2,5,2,173.82874,276.88434,322.1029,23,1.8073791,0.027600445,53.06847,54.437595,0.06512398,0.0018487151,0.0,0.0,0.081537075,0.0,8.8388704E-5,1.2790033E-6,0.0,0.0,7.633124E-6,0.049675472,0.0,0.0,0.005071966,0.027600445,-15.78544,-15.887243,-16.110111,-16.334822,-17.028158,99.0,99.0,99.0,99.0,99.0,-15.783428,-15.885713,-16.108929,-16.33398,-17.027906,0.5699778,969
1000104000121,1000104000123,1000104000120,1000104000101,37000100003941,37000100003941,1000104000000,1000104000122,-1,0,37,1.3857181,1.8073791,7146,24.03202,50.00202,22.645138,95030,2,5,2,161.63338,267.76196,320.6817,23,1.8073791,0.026568452,54.089314,55.72789,0.06486627,0.0011886054,0.0,0.03598508,0.050136816,0.0,5.860462E-5,5.554227E-7,0.0,1.2778555E-6,2.1202827E-6,0.03138866,0.0,41.48123,0.0050791195,0.024497462,-15.4102745,-15.464676,-15.649426,-15.839444,-16.436043,99.0,99.0,99.0,99.0,99.0,-15.4094305,-15.464018,-15.6489105,-15.839076,-16.435936,0.4775714,921
1000104000122,1000104000123,1000104000121,1000104000102,36000100004093,36000100004093,1000104000000,1000104000123,-1,0,36,1.5036365,1.2909851,7146,23.94204,49.84954,22.503202,95030,2,5,2,150.29042,259.94766,318.0943,22,1.2909851,0.02281804,49.327763,51.08686,0.060870375,7.8608945E-4,0.0,0.0,0.027391436,0.0,3.9523165E-5,2.4049763E-7,0.0,0.0,1.6094662E-6,0.029404368,0.0,0.0,0.0055936486,0.02281804,-14.987535,-15.042882,-15.225651,-15.425321,-16.012375,99.0,99.0,99.0,99.0,99.0,-14.98729,-15.042681,-15.225488,-15.425201,-16.01234,0.3410193,425
1000104000123,1000104000123,1000104000122,1000104000103,34000100004395,34000100004395,1000104000000,-1,-1,0,34,1.766336,1.2049193,7146,23.79493,49.564007,22.139372,95024,2,5,2,128.42575,241.46635,313.01703,20,1.2049193,0.02046894,50.31544,52.187202,0.06469628,7.5751435E-5,0.0,0.014749197,0.0067547793,0.0,3.9681113E-6,1.8612009E-9,0.0,1.3061382E-8,3.883908E-9,0.006704835,0.0,40.98924,0.005725446,0.017059524,-13.686652,-13.46582,-13.431101,-13.358624,-13.234538,99.0,99.0,99.0,99.0,99.0,-13.686639,-13.46581,-13.431092,-13.358618,-13.234535,0.033876438,654
1000104000124,1000104000168,-1,1000104000000,63000100000559,63000100000559,1000104000000,1000104000125,-1,2,63,0.0,84.946815,6703,26.423845,52.85963,25.908266,96953,2,5,2,326.6773,302.69968,150.58226,29,2.4959054,0.040563054,51.4421,78.30433,0.01666783,0.34626836,0.13923791,0.0,0.0,0.0,5.5435614E-4,0.0037599287,0.0014286953,0.0,0.0,0.0,0.0,41.56057,0.002430551,0.02630942,-17.335571,-18.207977,-18.92591,-19.539297,-21.06597,-16.33815,-17.208723,-17.925858,-18.537323,-20.056747,-17.213943,-18.106283,-18.842648,-19.477865,-21.047485,9.541348,890
1000104000125,1000104000168,1000104000124,1000104000001,62000100000558,62000100000558,1000104000000,1000104000126,-1,2,62,0.019932542,84.25829,6703,26.362408,52.79383,25.884907,96952,2,5,2,276.02985,332.0568,167.78256,29,2.4959054,0.040563054,51.4421,78.30433,0.01666783,0.34626836,0.13923791,0.0,0.0,0.0,5.5435614E-4,0.0037599287,0.0014286953,0.0,0.0,0.0,0.0,41.56057,0.002430551,0.02630942,-17.367966,-18.237453,-18.95328,-19.564562,-21.088802,-16.369802,-17.23758,-17.952686,-18.5621,-20.079185,-17.24628,-18.13572,-18.869987,-19.503113,-21.070314,9.277913,809
1000104000126,1000104000168,1000104000125,1000104000002,61000100000560,61000100000560,1000104000000,1000104000127,-1,2,61,0.041403063,82.53698,6700,26.310884,52.73148,25.828367,96938,2,5,2,217.35631,266.57687,376.01364,29,2.4959054,0.040563054,51.4421,78.30433,0.01666783,0.34626836,0.13923791,0.0,0.0,0.0,5.5435614E-4,0.0037599287,0.0014286953,0.0,0.0,0.0,0.0,41.56057,0.002430551,0.02630942,-17.402475,-18.26857,-18.981844,-19.590408,-21.110981,-16.403488,-17.268028,-17.980675,-18.58742,-20.101011,-17.280724,-18.166794,-18.89852,-19.528938,-21.09249,9.00206,234
1000104000127,1000104000168,1000104000126,1000104000003,60000100000534,60000100000534,1000104000000,1000104000128,-1,2,60,0.064493395,82.62305,6700,26.256563,52.666138,25.733746,96938,2,5,2,280.62854,323.92212,372.6686,29,2.4959054,0.040563054,51.4421,78.30433,0.01666783,0.34626836,0.13923791,0.0,0.0,0.0,5.5435614E-4,0.0037599287,0.0014286953,0.0,0.0,0.0,0.0,41.56057,0.002430551,0.02630942,-17.438887,-18.300858,-19.011002,-19.616129,-21.131496,-16.438877,-17.299467,-18.009066,-18.612385,-20.120909,-17.317055,-18.199026,-18.927637,-19.554628,-21.112997,8.714204,635
1000104000128,1000104000168,1000104000127,1000104000004,59000100000497,59000100000497,1000104000000,1000104000129,-1,2,59,0.08928783,82.27878,6700,26.18417,52.58684,25.66972,96938,2,5,2,296.83514,303.76004,161.68546,29,2.4959054,0.040563054,51.4421,78.30433,0.01666783,0.34626836,0.13923791,0.0,0.0,0.0,5.5435614E-4,0.0037599287,0.0014286953,0.0,0.0,0.0,0.0,41.56057,0.002430551,0.02630942,-17.477724,-18.33505,-19.041754,-19.643305,-21.153717,-16.475729,-17.331572,-18.037563,-18.636993,-20.13968,-17.355736,-18.233084,-18.958271,-19.581707,-21.13518,8.414885,684
1000104000129,1000104000168,1000104000128,1000104000005,58000100000482,58000100000482,1000104000000,1000104000130,-1,2,58,0.11588337,81.15993,6700,26.123177,52.520042,25.62498,96938,2,5,2,204.74261,261.73645,270.92944,29,2.4959054,0.040563054,51.4421,78.30433,0.01666783,0.34626836,0.13923791,0.0,0.0,0.0,5.5435614E-4,0.0037599287,0.0014286953,0.0,0.0,0.0,0.0,41.56057,0.002430551,0.02630942,-17.51908,-18.371225,-19.074251,-19.672419,-21.178642,-16.514662,-17.365204,-18.06742,-18.66326,-20.16103,-17.396902,-18.269093,-18.990631,-19.610712,-21.160065,8.104631,896
1000104000130,1000104000168,1000104000129,1000104000006,57000100000477,57000100000477,1000104000000,1000104000131,-1,2,57,0.14438343,80.04108,6700,26.061743,52.435577,25.528542,96938,2,5,2,267.49878,342.81534,405.45303,29,2.4959054,0.040563054,51.4421,78.30433,0.01666783,0.34626836,0.13923791,0.0,0.0,0.0,5.5435614E-4,0.0037599287,0.0014286953,0.0,0.0,0.0,0.0,41.56057,0.002430551,0.02630942,-17.565502,-18.412569,-19.112062,-19.707228,-21.210394,-16.558578,-17.404058,-18.102812,-18.695692,-20.190218,-17.443129,-18.310276,-19.028315,-19.645432,-21.191788,7.784049,509
1000104000131,1000104000168,1000104000130,1000104000007,56000100000495,56000100000495,1000104000000,1000104000132,-1,2,56,0.17489761,79.86894,6700,25.977758,52.34432,25.427624,96938,2,5,2,256.49377,297.74066,232.4848,29,2.4959054,0.040563054,51.4421,78.30433,0.01666783,0.34626836,0.13923791,0.0,0.0,0.0,5.5435614E-4,0.0037599287,0.0014286953,0.0,0.0,0.0,0.0,41.56057,0.002430551,0.02630942,-17.618374,-18.460802,-19.157248,-19.750235,-21.252588,-16.607698,-17.448357,-18.143917,-18.734266,-20.226814,-17.495708,-18.358255,-19.073288,-19.688269,-21.233921,7.453814,932
1000104000132,1000104000168,1000104000131,1000104000008,55000100000489,55000100000489,1000104000000,1000104000133,-1,2,55,0.20754863,80.471405,6701,25.921011,52.256687,25.375027,96910,2,5,2,145.47514,311.9246,199.86278,29,2.4959054,0.040563054,51.4421,78.30433,0.01666783,0.34626836,0.13923791,0.0,0.0,0.0,5.5435614E-4,0.0037599287,0.0014286953,0.0,0.0,0.0,0.0,41.56057,0.002430551,0.02630942,-17.680086,-18.51845,-19.21228,-19.803331,-21.305622,-16.665483,-17.502264,-18.195417,-18.784086,-20.277018,-17.557116,-18.415663,-19.128138,-19.741241,-21.286924,7.114665,981
1000104000133,1000104000168,1000104000132,1000104000009,54000100000497,54000100000497,1000104000000,1000104000134,-1,2,54,0.24246909,79.09435,6701,25.86659,52.16747,25.281881,96910,2,5,2,222.2864,281.37292,377.22717,29,2.4959054,0.040563054,51.4421,78.30433,0.01666783,0.34626836,0.13923791,0.0,0.0,0.0,5.5435614E-4,0.0037599287,0.0014286953,0.0,0.0,0.0,0.0,41.56057,0.002430551,0.02630942,-17.75363,-18.586252,-19.276354,-19.864052,-21.363901,-16.734716,-17.567518,-18.258074,-18.844378,-20.336578,-17.630323,-18.483305,-19.192137,-19.801945,-21.345215,6.7673693,146
1000104000134,1000104000168,1000104000133,1000104000010,53000100000530,53000100000530,1000104000000,1000104000135,-1,2,53,0.2798018,79.35255,6701,25.755144,52.05634,25.14574,96910,2,5,2,360.8545,319.71225,381.64874,29,2.4959054,0.040563054,51.4421,78.30433,0.01666783,0.34626836,0.13923791,0.0,0.0,0.0,5.5435614E-4,0.0037599287,0.0014286953,0.0,0.0,0.0,0.0,41.56057,0.002430551,0.02630942,-17.836193,-18.658888,-19.342127,-19.923197,-21.415823,-16.812082,-17.636518,-18.321152,-18.901464,-20.387041,-17.712486,-18.555706,-19.25777,-19.861013,-21.397121,6.4128003,260
1000104000135,1000104000168,1000104000134,1000104000011,52000100000529,52000100000529,1000104000000,1000104000136,-1,2,52,0.31970343,80.29927,6701,25.650549,51.958954,25.028732,96910,2,5,2,230.99805,248.01064,291.3397,29,2.4959054,0.040563054,51.4421,78.30433,0.01666783,0.34626836,0.13923791,0.0,0.0,0.0,5.5435614E-4,0.0037599287,0.0014286953,0.0,0.0,0.0,0.0,41.56057,0.002430551,0.02630942,-17.932991,-18.743204,-19.417814,-19.990328,-21.474585,-16.898798,-17.712027,-18.388746,-18.96123,-20.438725,-17.808514,-18.639465,-19.333038,-19.927868,-21.455807,6.051873,747
1000104000136,1000104000168,1000104000135,1000104000012,51000100000521,51000100000521,1000104000000,1000104000137,-1,2,51,0.36234027,80.7296,6701,25.603357,51.86246,24.939941,96910,2,5,2,2.392131,299.41132,173.37704,29,2.4959054,0.040563054,51.4421,78.30433,0.01666783,0.34626836,0.13923791,0.0,0.0,0.0,5.5435614E-4,0.0037599287,0.0014286953,0.0,0.0,0.0,0.0,41.56057,0.002430551,0.02630942,-18.047112,-18.840172,-19.503132,-20.06439,-21.536957,-16.999794,-17.79845,-18.465433,-19.0287,-20.497005,-17.921637,-18.73577,-19.417915,-20.001682,-21.518135,5.6856017,383
1000104000137,1000104000168,1000104000136,1000104000013,50000100000505,50000100000505,1000104000000,1000104000138,-1,2,50,0.40789944,82.364845,6701,25.597626,51.75419,24.902903,96908,2,5,2,95.14659,238.93787,152.47215,29,2.4959054,0.040563054,51.4421,78.30433,0.01666783,0.34626836,0.13923791,0.0,0.0,0.0,5.5435614E-4,0.0037599287,0.0014286953,0.0,0.0,0.0,0.0,41.56057,0.002430551,0.02630942,-18.192123,-18.96095,-19.608076,-20.154623,-21.615433,-17.124672,-17.90263,-18.556147,-19.106869,-20.562874,-18.065144,-18.855515,-19.522139,-20.091469,-21.596472,5.315,586
1000104000138,1000104000168,1000104000137,1000104000014,49000100000500,49000100000500,1000104000000,1000104000139,-1,2,49,0.45657724,85.03288,6701,25.549374,51.646023,24.807673,96908,2,5,2,130.58246,325.23453,280.20615,29,2.4959054,0.040563054,51.4421,78.30433,0.01666783,0.34626836,0.13923791,0.0,0.0,0.0,5.5435614E-4,0.0037599287,0.0014286953,0.0,0.0,0.0,0.0,41.56057,0.002430551,0.02630942,-18.408573,-19.140797,-19.76627,-20.295593,-21.750349,-17.306593,-18.057812,-18.695614,-19.23363,-20.688402,-18.27907,-19.033852,-19.679396,-20.231918,-21.731289,4.9412093,874
1000104000139,1000104000168,1000104000138,1000104000068,48000100000507,48000100000506,1000104000000,1000104000140,-1,1,48,0.5085914,90.71322,6701,25.474735,51.510582,24.684885,96908,2,5,2,203.66618,302.6767,325.0614,29,2.4959054,0.040563054,51.4421,78.30433,0.01666783,0.34626836,0.13923791,0.0,0.0,0.0,5.5435614E-4,0.0037599287,0.0014286953,0.0,0.0,0.0,0.0,41.56057,0.002430551,0.02630942,-18.707674,-19.356546,-19.936749,-20.439274,-21.868023,-17.551285,-18.244968,-18.850441,-19.367218,-20.802683,-18.574343,-19.247892,-19.849104,-20.375235,-21.848927,4.5653677,932
1000104000140,1000104000168,1000104000139,1000104000069,47000100000496,47000100000495,1000104000000,1000104000141,-1,1,47,0.5641766,86.32387,6698,25.372444,51.381927,24.528563,96901,2,5,2,264.57336,320.8096,408.05618,59,5.077876,0.05039074,65.83179,106.66844,0.01666783,0.34626836,0.13923791,0.0,0.0,0.0,5.5435614E-4,0.0037599287,0.0014286953,0.0,0.0,1.3258423,0.0,41.56057,7.8253227E-4,0.02630942,-19.260685,-19.71789,-20.204575,-20.662619,-22.028831,-17.904263,-18.478931,-19.018648,-19.49742,-20.879486,-18.41838,-19.005594,-19.590296,-20.161139,-21.828272,4.188691,37
1000104000141,1000104000168,1000104000140,1000104000070,46000100000491,46000100000490,1000104000000,1000104000142,-1,1,46,0.6235901,83.39764,6698,25.213675,51.258804,24.31534,96897,2,5,2,358.01184,215.12868,484.71127,23,1.9795111,0.036031153,48.608234,82.62683,0.16489659,0.3255091,0.0,0.0,0.0,0.0,0.0028169001,0.0033066096,0.0,0.0,0.0,1.3176512,0.0,41.56057,0.002390712,0.02630942,-19.476055,-19.846691,-20.300714,-20.737,-22.054358,99.0,99.0,99.0,99.0,99.0,-18.69835,-19.204252,-19.767296,-20.331198,-21.916271,4.06214,814
1000104000142,1000104000168,1000104000141,1000104000071,45000100000487,45000100000486,1000104000000,1000104000143,-1,1,45,0.6871088,77.7173,6698,25.073542,51.158195,24.112307,96897,2,5,2,283.1465,212.57814,403.70087,75,6.4549274,0.052210774,72.918144,113.50861,0.31156522,0.3049682,0.0,0.0,0.0,0.0,0.0038778144,0.0030107347,0.0,0.0,0.0,1.8338165,0.0,41.56057,0.004257437,0.02630942,-19.602148,-19.913034,-20.334581,-20.748377,-22.024204,99.0,99.0,99.0,99.0,99.0,-19.245012,-19.631247,-20.104736,-20.573471,-21.960693,3.9470098,262
1000104000143,1000104000168,1000104000142,1000104000072,44000100000489,44000100000488,1000104000000,1000104000144,-1,1,44,0.75503564,66.098434,6698,24.9439,51.0523,23.93595,96897,2,5,2,263.20905,218.93823,377.82214,122,10.500015,0.059896834,86.82864,102.97179,0.51410824,0.27660224,0.0,0.0,0.0,0.0,0.0045179017,0.0027164859,0.0,0.0,0.0,0.61398214,0.0,41.56057,0.013859292,0.02630942,-18.96035,-19.398624,-19.888819,-20.341389,-21.674236,99.0,99.0,99.0,99.0,99.0,-18.918278,-19.367838,-19.865145,-20.32431,-21.66885,3.9591236,586
1000104000144,1000104000168,1000104000143,1000104000073,43000100001053,43000100001053,1000104000000,1000104000145,-1,0,43,0.8276991,11.877063,6698,24.830135,50.960922,23.751677,96897,2,5,2,242.9489,217.26852,358.97406,152,11.877063,0.060767278,91.68317,103.36238,0.581165,0.26721102,0.0,0.052615944,0.78649086,0.0,0.0045831497,0.0026384895,0.0,1.6893742E-4,0.004866095,0.39555904,0.0,41.56057,0.013311101,0.02630942,-18.942213,-19.388147,-19.885662,-20.338936,-21.680632,99.0,99.0,99.0,99.0,99.0,-18.8913,-19.352758,-19.859356,-20.320227,-21.674723,3.7239876,133
1000104000145,1000104000168,1000104000144,1000104000074,42000100000986,42000100000986,1000104000000,1000104000146,-1,0,42,0.9054624,9.983618,6698,24.723005,50.849308,23.556318,96897,2,5,2,226.20508,221.70805,348.72928,164,9.983618,0.05573777,87.76859,102.710236,0.36176544,0.26124865,0.0,0.005334379,0.80071324,0.0,0.0038822743,0.0025831112,0.0,3.783605E-5,0.0054342374,0.20605473,0.0,40.426983,0.015313981,0.014552096,-18.613977,-19.19708,-19.753738,-20.2382,-21.617605,99.0,99.0,99.0,99.0,99.0,-18.593716,-19.180475,-19.740324,-20.22844,-21.614742,3.4435706,547
1000104000146,1000104000168,1000104000145,1000104000075,41000100001047,41000100001047,1000104000000,1000104000147,-1,0,41,0.98870814,10.327881,7146,24.616514,50.754883,23.375723,95031,2,5,2,209.8045,225.15701,337.7838,161,10.327881,0.054683562,90.1254,101.429695,0.38291863,0.25819895,0.0,0.0076268115,0.8898329,0.0,0.0039467374,0.0025510702,0.0,5.2447245E-5,0.006006241,0.12781116,0.0,40.64802,0.01789844,0.014984329,-18.73381,-19.30394,-19.84612,-20.32083,-21.696625,99.0,99.0,99.0,99.0,99.0,-18.720097,-19.29275,-19.837091,-20.314262,-21.694696,3.126381,405
1000104000147,1000104000168,1000104000146,1000104000076,40000100001144,40000100001144,1000104000000,1000104000148,-1,0,40,1.0778745,10.93034,7146,24.511896,50.65062,23.204811,95031,2,5,2,192.962,210.35556,333.2184,131,10.93034,0.05395478,93.340866,107.52702,0.23375835,0.25634775,0.0,0.073061995,1.0426613,0.0,0.0033472618,0.0025322265,0.0,5.3082354E-4,0.007026748,0.9533276,0.0,42.047028,0.0053773625,0.036738683,-19.288984,-19.697063,-20.170982,-20.609652,-21.93062,99.0,99.0,99.0,99.0,99.0,-19.081955,-19.53447,-20.039232,-20.5109,-21.89768,2.799583,337
1000104000148,1000104000168,1000104000147,1000104000077,39000100001156,39000100001156,1000104000000,1000104000149,-1,0,39,1.173417,10.586078,7146,24.4001,50.53991,23.028349,95030,2,5,2,177.5992,208.149,326.49527,131,10.586078,0.0515851,93.945366,105.00716,0.32025903,0.24288425,0.0,0.027725112,0.96635526,0.0,0.0038396379,0.0023562657,0.0,2.1052094E-4,0.006322031,0.6334991,0.0,41.41558,0.007506452,0.021417053,-19.26571,-19.676966,-20.145664,-20.576824,-21.884659,99.0,99.0,99.0,99.0,99.0,-19.161263,-19.594673,-20.079723,-20.528328,-21.869566,2.605192,692
1000104000149,1000104000168,1000104000148,1000104000078,38000100001151,38000100001151,1000104000000,1000104000150,-1,0,38,1.2758462,10.500011,7146,24.31004,50.42328,22.842405,95030,2,5,2,165.01747,202.02635,322.13153,117,10.500011,0.049616896,95.40037,114.31532,0.20406489,0.23419084,0.0,0.121512614,0.99255335,0.0,0.0029363038,0.002253368,0.0,7.7836786E-4,0.0063028666,1.0763959,0.0,42.424534,0.004361029,0.04106193,-19.408983,-19.786947,-20.238173,-20.658663,-21.950214,99.0,99.0,99.0,99.0,99.0,-19.091047,-19.541414,-20.039742,-20.508076,-21.896511,2.3670003,596
1000104000150,1000104000168,1000104000149,1000104000079,37000100001111,37000100001111,1000104000000,1000104000151,-1,0,37,1.3857181,9.8975525,7146,24.22708,50.313503,22.666956,95030,2,5,2,155.45192,197.39601,315.18643,123,9.8975525,0.046830174,95.33909,109.9289,0.28283536,0.21988721,0.0,0.04495415,0.9133345,0.0,0.003396725,0.0020648788,0.0,3.8323028E-4,0.005673249,0.8176642,0.0,41.863,0.006850729,0.026970739,-19.346571,-19.737719,-20.186628,-20.600622,-21.883406,99.0,99.0,99.0,99.0,99.0,-19.228106,-19.645315,-20.113047,-20.546595,-21.866587,2.1903768,262
1000104000151,1000104000168,1000104000150,1000104000080,36000100001078,36000100001078,1000104000000,1000104000152,-1,0,36,1.5036365,10.069683,7146,24.140326,50.19149,22.490032,95030,2,5,2,149.59814,190.70363,310.53708,123,10.069683,0.04525256,97.82645,108.857376,0.3494274,0.20940183,0.0,0.033882238,0.90749913,0.0,0.0036183754,0.0019483537,0.0,1.8333647E-4,0.005216154,0.9731225,0.0,41.558334,0.00568824,0.017247632,-19.614027,-19.937855,-20.34633,-20.728863,-21.952295,99.0,99.0,99.0,99.0,99.0,-19.383945,-19.760801,-20.205883,-20.624182,-21.91751,1.9837046,683
1000104000152,1000104000168,1000104000151,1000104000081,35000100001227,35000100001227,1000104000000,1000104000153,-1,0,35,1.6302707,9.381158,7146,24.067785,50.09654,22.320507,95026,2,5,2,142.07874,182.08281,308.54953,108,9.381158,0.04238316,97.56668,109.16486,0.18841417,0.19739918,0.0,0.13108328,0.87812227,0.0,0.0026815261,0.0018202148,0.0,6.91663E-4,0.005141096,1.7299871,0.0,42.558685,0.0031740249,0.035887513,-19.641388,-19.947474,-20.351418,-20.734203,-21.9624,99.0,99.0,99.0,99.0,99.0,-19.196482,-19.590424,-20.063631,-20.521515,-21.895756,1.8010584,801
1000104000153,1000104000168,1000104000152,1000104000082,34000100001198,34000100001198,1000104000000,1000104000154,-1,0,34,1.766336,8.176239,7146,23.981766,49.995388,22.155071,95026,2,5,2,129.9242,178.48184,304.9501,108,8.176239,0.03875198,95.25764,105.863976,0.31097803,0.17694484,0.0,0.048475895,0.6669522,0.0,0.0033227766,0.0015673152,0.0,2.9471202E-4,0.0040731523,0.47430873,0.0,42.005203,0.008173753,0.02519365,-19.20635,-19.620144,-20.073862,-20.47978,-21.749847,99.0,99.0,99.0,99.0,99.0,-19.143112,-19.568584,-20.03232,-20.449553,-21.740974,1.7068381,914
1000104000154,1000104000168,1000104000153,1000104000083,33000100001329,33000100001329,1000104000000,1000104000155,-1,0,33,1.9126327,7.9180417,7146,23.903862,49.89143,21.959095,95026,2,5,2,126.16704,177.57597,292.1666,92,7.9180417,0.036632355,96.415405,105.734924,0.22566785,0.17158607,0.0,0.048699472,0.7250382,0.0,0.0027142293,0.0015093823,0.0,3.3673947E-4,0.004415566,1.0036104,0.0,42.076824,0.0049608867,0.024779862,-19.435463,-19.79252,-20.21313,-20.596834,-21.828957,99.0,99.0,99.0,99.0,99.0,-19.24666,-19.644915,-20.096312,-20.511776,-21.803526,1.4851052,553
1000104000155,1000104000168,1000104000154,1000104000084,32000100001279,32000100001279,1000104000000,1000104000156,-1,0,32,2.0700274,7.7459106,7146,23.831953,49.775963,21.80371,95024,2,5,2,119.60354,171.67947,287.3589,95,7.7459106,0.034684386,98.00297,101.11678,0.29648864,0.16078529,0.0,0.010558313,0.6855259,0.0,0.0029543922,0.0013914363,0.0,6.070527E-5,0.0040009203,0.61077005,0.0,40.853523,0.0052344874,0.008441977,-19.510468,-19.855965,-20.26677,-20.64067,-21.859531,99.0,99.0,99.0,99.0,99.0,-19.189104,-19.61549,-20.079609,-20.502493,-21.816402,1.3169285,109
1000104000156,1000104000168,1000104000155,1000104000085,31000100001213,31000100001213,1000104000000,1000104000157,-1,0,31,2.2394855,7.3155823,7146,23.771172,49.668385,21.663273,95024,2,5,2,111.067986,170.601,278.80865,93,7.3155823,0.032401446,98.539925,104.1526,0.19338517,0.15454271,0.0,2.892421E-4,0.7466463,0.0,0.0023680227,0.0013182956,0.0,2.2673405E-6,0.004390311,1.012285,0.0,0.0,0.0029130452,0.032401446,-19.749557,-20.036089,-20.413994,-20.768661,-21.959831,99.0,99.0,99.0,99.0,99.0,-19.222214,-19.628443,-20.09338,-20.534964,-21.890314,1.1201992,848
1000104000157,1000104000168,1000104000156,1000104000086,30000100001290,30000100001290,1000104000000,1000104000158,-1,0,30,2.422044,7.3155823,7146,23.706999,49.582348,21.509678,95024,2,5,2,106.533424,170.85837,266.64966,77,7.3155823,0.030799678,101.069786,111.66819,0.13893285,0.14474615,0.0,0.06393398,0.7566694,0.0,0.0018200364,0.0011928377,0.0,5.3896493E-4,0.00401145,1.2472885,0.0,42.421314,0.0027950811,0.024319796,-19.70863,-19.987436,-20.348171,-20.690363,-21.848396,99.0,99.0,99.0,99.0,99.0,-19.249327,-19.629951,-20.064732,-20.482618,-21.784422,0.9566093,258
1000104000158,1000104000168,1000104000157,1000104000087,29000100001014,29000100001014,1000104000000,1000104000159,-1,0,29,2.6188614,7.573779,7147,23.67376,49.480713,21.329062,94996,2,5,2,103.02674,160.14594,263.8523,97,7.573779,0.029569687,104.95495,105.530754,0.19418094,0.13334894,0.0,0.07539753,0.75694656,0.0,0.0019855502,0.0010619004,0.0,3.4581148E-4,0.0035701755,1.2142153,0.0,42.424393,0.0027677086,0.018802745,-19.902946,-20.112312,-20.427174,-20.73631,-21.849665,99.0,99.0,99.0,99.0,99.0,-19.631464,-19.886972,-20.243717,-20.601885,-21.80983,0.8086018,540
1000104000159,1000104000168,1000104000158,1000104000088,28000100000965,28000100000965,1000104000000,1000104000160,-1,0,28,2.8311827,6.799188,7147,23.61716,49.37318,21.173285,94996,2,5,2,85.3651,151.33519,260.01117,98,6.799188,0.027028913,104.012184,103.772865,0.0719562,0.12290307,0.0,0.05754854,0.7915169,0.0,0.0012896971,9.5904386E-4,0.0,4.3753468E-4,0.0037273793,1.8325601,0.0,42.393337,0.0014594923,0.019394558,-19.867048,-20.086832,-20.406391,-20.726612,-21.841022,99.0,99.0,99.0,99.0,99.0,-18.969784,-19.34876,-19.80544,-20.282616,-21.707603,0.66461104,969
1000104000160,1000104000168,1000104000159,1000104000089,27000100000912,27000100000912,1000104000000,1000104000161,-1,0,27,3.060419,5.1639404,7147,23.53774,49.29526,21.010635,94996,2,5,2,76.17706,144.35844,251.22237,95,5.1639404,0.023331523,97.56387,97.425,0.17246595,0.10809823,0.0,0.002690434,0.7720045,0.0,0.0020303081,7.4557477E-4,0.0,1.5352773E-5,0.0028438987,2.2269824,0.0,40.51519,0.0024632933,0.0050816233,-20.017782,-20.176378,-20.45127,-20.737204,-21.777477,99.0,99.0,99.0,99.0,99.0,-19.453577,-19.729172,-20.09622,-20.481129,-21.703281,0.545513,921
1000104000161,1000104000168,1000104000160,1000104000090,26000100000917,26000100000917,1000104000000,1000104000162,-1,0,26,3.3080978,6.885254,7147,23.51438,49.221375,20.902004,94996,2,5,2,62.51782,133.18896,242.47075,86,6.885254,0.024259882,110.48049,112.78231,0.16970706,0.09124735,0.0,0.12836686,0.69067854,0.0,0.0017312629,5.8423134E-4,0.0,5.567823E-4,0.0019302152,2.4446838,0.0,43.00608,0.002187775,0.022310466,-20.08821,-20.211655,-20.4625,-20.732714,-21.730371,99.0,99.0,99.0,99.0,99.0,-19.576405,-19.808512,-20.144875,-20.505865,-21.666506,0.44576642,28
1000104000162,1000104000168,1000104000161,1000104000091,25000100000906,25000100000906,1000104000000,1000104000163,-1,0,25,3.575905,6.6270566,7147,23.492178,49.155827,20.776398,94996,2,5,2,60.246315,122.279724,238.10603,78,6.6270566,0.022596084,112.308784,117.29067,0.24470764,0.07396541,0.0,0.08722354,0.64232445,0.0,0.0017191631,4.368226E-4,0.0,2.3192729E-4,0.0015050026,3.2870686,0.0,42.709717,0.002013299,0.015071295,-20.30225,-20.367126,-20.57743,-20.80475,-21.733469,99.0,99.0,99.0,99.0,99.0,-19.779911,-19.955172,-20.254274,-20.574389,-21.670034,0.35861444,628
1000104000163,1000104000168,1000104000162,1000104000092,24000100000933,24000100000933,1000104000000,1000104000164,-1,0,24,3.8656828,5.3360715,7147,23.475029,49.080853,20.619406,94996,2,5,2,46.71949,116.54416,238.26566,65,5.3360715,0.019803474,107.649025,102.28657,0.15926827,0.05231038,0.0,0.114686094,0.5147812,0.0,0.0010509338,3.097824E-4,0.0,2.1921542E-4,0.0011732462,2.4585412,0.0,42.95497,0.0014292826,0.017428646,-20.035734,-20.087168,-20.289328,-20.502766,-21.416843,99.0,99.0,99.0,99.0,99.0,-19.317236,-19.508608,-19.82652,-20.164425,-21.317781,0.32093543,611
1000104000164,1000104000168,1000104000163,1000104000093,23000100000989,23000100000989,1000104000000,1000104000165,-1,0,23,4.1794686,3.442627,7147,23.441483,49.063583,20.501701,94992,2,5,2,32.97107,111.970535,241.54532,53,3.442627,0.016098507,95.90078,93.69151,0.054816328,0.037252452,0.0,0.023999723,0.4153271,0.0,5.732488E-4,2.2879677E-4,0.0,8.306484E-5,0.0010755452,1.2560222,0.0,42.20035,0.0010175668,0.014443299,-19.372734,-19.455473,-19.681356,-19.932173,-20.89344,99.0,99.0,99.0,99.0,99.0,-18.692434,-18.909378,-19.245476,-19.618158,-20.80365,0.282409,440
1000104000165,1000104000168,1000104000164,1000104000094,22000100001080,22000100001080,1000104000000,1000104000166,-1,0,22,4.5195556,3.098364,6932,23.437082,48.979282,20.372124,94553,2,5,2,32.79571,106.95146,230.53305,41,3.098364,0.01460315,95.52409,100.316,0.044539806,0.03011628,0.0,0.019558685,0.38892937,0.0,5.0071377E-4,1.6334163E-4,0.0,7.3576644E-5,8.4743527E-4,1.1053163,0.0,42.181786,9.6989627E-4,0.013763325,-19.302591,-19.38761,-19.616375,-19.87934,-20.827276,99.0,99.0,99.0,99.0,99.0,-18.565481,-18.787619,-19.126139,-19.51386,-20.699608,0.19710831,144
1000104000166,1000104000168,1000104000165,1000104000095,21000100001097,21000100001097,1000104000000,1000104000167,-1,0,21,4.888449,3.0122986,6932,23.409868,48.9271,20.23584,94553,2,5,2,43.964363,109.188965,239.52629,35,3.0122986,0.013574378,97.692,109.87027,0.06149214,0.02430384,0.0,0.0042186445,0.38782004,0.0,5.2864134E-4,1.0747458E-4,0.0,1.2380112E-5,6.3065346E-4,3.5237756,0.0,40.699085,6.146738E-4,0.003802292,-19.698093,-19.708397,-19.891607,-20.103176,-20.95773,99.0,99.0,99.0,99.0,99.0,-18.201408,-18.429,-18.80191,-19.249332,-20.58058,0.10221037,572
1000104000167,1000104000168,1000104000166,1000104000096,20000100001016,20000100001016,1000104000000,1000104000168,-1,0,20,5.2888336,2.3237731,6932,23.410934,48.867332,20.136465,94553,2,5,2,38.42348,114.13231,227.0039,31,2.3237731,0.011666983,92.55237,94.65452,0.15036678,0.007194056,0.0,0.046290074,0.16561486,0.0,3.2002566E-4,9.035262E-6,0.0,1.593341E-5,3.3640135E-5,1.232474,0.0,42.569866,0.001697065,0.0099744955,-18.780172,-18.722809,-18.847565,-18.971685,-19.546867,99.0,99.0,99.0,99.0,99.0,-18.675974,-18.64031,-18.782526,-18.924217,-19.53197,0.058267962,921
1000104000168,1000104000168,1000104000167,1000104000097,19000100001017,19000100001017,1000104000000,-1,-1,0,19,5.7238646,0.86065674,6933,23.39546,48.812347,20.016764,94539,2,5,2,41.786556,109.41233,215.86562,25,0.86065674,0.007842163,68.70163,89.708954,0.04965768,0.0016789414,0.0,0.0069403998,0.07064649,0.0,7.863902E-5,1.2885735E-6,0.0,1.1758716E-6,7.2618686E-6,0.40806183,0.0,41.423138,0.0011215361,0.0061910874,-17.326532,-17.21853,-17.295883,-17.359581,-17.74937,99.0,99.0,99.0,99.0,99.0,-17.273293,-17.176165,-17.262316,-17.33496,-17.741533,0.031385325,793