galaxyID,lastProgenitorId,descendantId,haloID,subHaloID,fofID,treeId,firstProgenitorId,nextProgenitorId,type,snapnum,redshift,centralMvir,phkey,x,y,z,zIndex,ix,iy,iz,velX,velY,velZ,np,mvir,rvir,vvir,vmax,coldGas,stellarMass,bulgeMass,hotGas,ejectedMass,blackHoleMass,metalsColdGas,metalsStellarMass,metalsBulgeMass,metalsHotGas,metalsEjectedMass,sfr,sfrBulge,xrayLum,diskRadius,coolingRadius,mag_b,mag_v,mag_r,mag_i,mag_k,mag_bBulge,mag_vBulge,mag_rBulge,mag_iBulge,mag_kBulge,mag_bDust,mag_vDust,mag_rDust,mag_iDust,mag_kDust,massWeightedAge,random
120000000,120000092,-1,120000000,63000000000585,63000000000585,120000000,120000001,-1,0,63,0.0,73.41402,2854,16.738022,22.399988,22.14894,29105,1,2,2,30.56867,158.75804,-28.217402,1045,73.41402,0.14670315,146.70325,175.98439,1.6103536,2.609648,0.21148503,5.632416,1.9670112,0.0011416853,0.029046034,0.032814108,0.0015415121,0.06314062,0.022103792,3.6611023,0.0,43.70265,0.014859009,0.092805296,-20.93972,-21.39646,-21.916805,-22.40738,-23.809961,-16.820133,-17.657621,-18.35894,-18.941635,-20.370228,-20.422585,-21.013247,-21.619116,-22.191296,-23.740637,7.1890807,851
120000001,120000092,120000000,120000001,62000000000587,62000000000587,120000000,120000002,-1,0,62,0.019932542,72.725494,2854,16.729637,22.369911,22.15526,29105,1,2,2,29.160095,159.57153,-29.332727,1065,72.725494,0.14550719,146.61253,185.79796,1.608072,2.569517,0.21148503,5.5826173,1.9412448,0.001141198,0.028864501,0.03209444,0.0015415121,0.06219223,0.021827856,2.6325123,0.0,43.706177,0.018228937,0.09243784,-20.82972,-21.324648,-21.862423,-22.363945,-23.781225,-16.845701,-17.681227,-18.381136,-18.962374,-20.38897,-20.485016,-21.073444,-21.668558,-22.223856,-23.737091,7.035869,489
120000002,120000092,120000001,120000002,61000000000598,61000000000598,120000000,120000003,-1,0,61,0.041403063,73.069756,2854,16.717789,22.338266,22.172337,29105,1,2,2,27.374018,159.89012,-28.603384,1050,73.069756,0.14492697,147.253,174.72456,1.510077,2.5392997,0.21148503,5.730473,1.9774692,0.0011406793,0.02774377,0.031548426,0.0015415121,0.061800744,0.022282306,3.725212,0.0,43.72399,0.013741666,0.09147129,-20.963818,-21.414505,-21.933092,-22.42383,-23.826376,-16.873,-17.706322,-18.404654,-18.984339,-20.408909,-20.490437,-21.040268,-21.633715,-22.204536,-23.759329,6.8421226,89
120000003,120000092,120000002,120000003,60000000000607,60000000000607,120000000,120000004,-1,0,60,0.064493395,73.32795,2854,16.713144,22.303942,22.181793,29105,1,2,2,27.850828,163.01266,-29.671288,952,73.32795,0.14420891,147.87975,166.82268,1.4893198,2.494681,0.21148503,5.9281826,1.9500122,0.0011401154,0.027726192,0.0307281,0.0015415121,0.060388092,0.022174312,4.590108,0.0,43.738567,0.011914718,0.090085626,-21.003939,-21.438692,-21.954332,-22.444185,-23.844143,-16.902023,-17.732903,-18.429474,-19.007494,-20.430113,-20.336468,-20.919384,-21.538607,-22.135971,-23.743948,6.6740813,911
120000004,120000092,120000003,120000004,59000000000565,59000000000565,120000000,120000005,-1,0,59,0.08928783,72.295166,2854,16.707804,22.262442,22.188026,29105,1,2,2,24.62044,160.91798,-34.692554,1059,72.295166,0.14256066,147.68105,167.72247,1.5678427,2.437514,0.21148503,5.4286194,1.8745075,0.0011395423,0.028871454,0.029672395,0.0015415121,0.057843827,0.021620186,2.411716,0.0,43.68812,0.018882265,0.087823264,-20.735725,-21.26065,-21.817303,-22.330038,-23.758396,-16.932884,-17.761059,-18.455694,-19.031963,-20.452682,-20.414417,-21.02066,-21.627678,-22.190067,-23.712172,6.5277424,436
120000005,120000092,120000004,120000005,58000000000541,58000000000541,120000000,120000006,-1,0,58,0.11588337,69.97139,2854,16.699526,22.217735,22.197683,29105,1,2,2,21.18618,164.20172,-31.833145,967,69.97139,0.13997006,146.62656,171.49664,1.4779958,2.40638,0.21148503,5.0909104,1.9362595,0.0011389862,0.027992098,0.029093,0.0015415121,0.05665223,0.022451306,3.0950382,0.0,43.67158,0.0153520135,0.088074744,-20.825106,-21.323668,-21.869797,-22.376528,-23.795918,-16.965532,-17.790758,-18.483257,-19.05761,-20.476225,-20.465523,-21.036766,-21.638523,-22.206234,-23.743227,6.299963,507
120000006,120000092,120000005,120000006,57000000000555,57000000000555,120000000,120000007,-1,0,57,0.14438343,66.442696,2854,16.6931,22.165981,22.206753,29105,1,2,2,21.745073,166.47182,-29.023403,1003,66.442696,0.13645408,144.7106,165.23872,1.4699438,2.3650928,0.21148503,4.5212774,1.9519589,0.0011384559,0.027921462,0.028311344,0.0015415121,0.054935127,0.022637926,3.1185203,0.0,43.632027,0.01522665,0.08875056,-20.825222,-21.329222,-21.878614,-22.387085,-23.808754,-17.000113,-17.822134,-18.512299,-19.0846,-20.500868,-20.388203,-20.993528,-21.606354,-22.180477,-23.734278,6.086566,739
120000007,120000092,120000006,120000007,56000000000531,56000000000531,120000000,120000008,-1,0,56,0.17489761,62.483677,2854,16.682034,22.122206,22.217516,29105,1,2,2,18.901114,168.23958,-27.350546,981,62.483677,0.13249046,142.41672,165.61522,1.4900442,2.322242,0.21148503,3.8622026,1.9516941,0.0011379743,0.027761823,0.027505526,0.0015415121,0.05374001,0.022275751,3.4391384,0.0,43.581543,0.014456088,0.08978975,-20.847725,-21.347364,-21.895643,-22.4025,-23.8196,-17.036903,-17.855455,-18.543083,-19.113188,-20.527039,-20.412683,-21.004347,-21.616943,-22.193624,-23.75008,5.8655868,655
120000008,120000092,120000007,120000008,55000000000522,55000000000522,120000000,120000009,-1,0,55,0.20754863,61.62302,2854,16.676409,22.071701,22.227106,29105,1,2,2,12.555086,167.47105,-27.962526,1009,61.62302,0.13058311,142.46165,166.25923,1.5411527,2.273708,0.21148503,3.7484732,1.9081129,0.0011375184,0.027368242,0.026624292,0.0015415121,0.053625494,0.020899571,2.4123387,0.0,43.587723,0.018431202,0.08925729,-20.753214,-21.28833,-21.847822,-22.358908,-23.780912,-17.076908,-17.891897,-18.576971,-19.145002,-20.557085,-20.525248,-21.106558,-21.700888,-22.250458,-23.746983,5.647991,870
120000009,120000092,120000008,120000009,54000000000493,54000000000493,120000000,120000010,-1,0,54,0.24246909,63.946793,2854,16.670383,22.017101,22.230307,29105,1,2,2,11.458634,169.68837,-17.91308,944,63.946793,0.13078023,145.01344,167.499,1.4479507,2.238848,0.21148503,4.212653,1.9684238,0.0011370218,0.025251584,0.026013972,0.0015415121,0.054427948,0.020936543,3.9777148,0.0,43.650597,0.0127809085,0.08686655,-20.93142,-21.409958,-21.945976,-22.444437,-23.848557,-17.121313,-17.932867,-18.61558,-19.1818,-20.59322,-20.496449,-21.060972,-21.66207,-22.232965,-23.780722,5.385983,850
120000010,120000092,120000009,120000010,53000000000503,53000000000503,120000000,120000011,-1,0,53,0.2798018,64.29105,2854,16.663944,21.955784,22.231133,29105,1,2,2,9.062058,169.54684,-15.169239,939,64.29105,0.12946978,146.13728,170.81358,1.5045816,2.1801627,0.21148503,4.321621,1.9113348,0.0011364706,0.024654843,0.025025291,0.0015415121,0.05410348,0.019556552,3.1057167,0.0,43.676025,0.0154153695,0.08515702,-20.839556,-21.345764,-21.891783,-22.394772,-23.804117,-17.169636,-17.977709,-18.658075,-19.22252,-20.634089,-20.575747,-21.13356,-21.720312,-22.268627,-23.765335,5.171575,90
120000011,120000092,120000010,120000011,52000000000483,52000000000483,120000000,120000012,-1,0,52,0.31970343,65.40991,2854,16.66322,21.895542,22.238125,29105,1,2,2,5.50419,167.3728,-13.360122,901,65.40991,0.1285382,147.9366,173.74928,1.4419965,2.1335206,0.21148503,4.5846124,1.9201041,0.0011358744,0.022731004,0.024279146,0.0015415121,0.054379333,0.019040471,3.3594275,0.0,43.71501,0.01411352,0.083023325,-20.871008,-21.368393,-21.909456,-22.408476,-23.811087,-17.2212,-18.025608,-18.703442,-19.26596,-20.67785,-20.531607,-21.103369,-21.695536,-22.248915,-23.758354,4.9198008,565
120000012,120000092,120000011,120000012,51000000000504,51000000000504,120000000,120000013,-1,0,51,0.36234027,64.549255,2854,16.664225,21.835653,22.246471,29105,1,2,2,4.3828015,163.73947,-13.299481,920,64.549255,0.12617172,148.33191,168.49678,1.4020064,2.0823212,0.21148503,4.489952,1.9241713,0.0011352468,0.020786472,0.023498101,0.0015415121,0.054566633,0.018410379,2.8667467,0.0,43.738403,0.014657171,0.08238401,-20.833307,-21.348295,-21.89554,-22.395824,-23.800396,-17.276505,-18.076977,-18.751892,-19.311817,-20.722948,-20.59965,-21.160622,-21.744314,-22.284967,-23.76667,4.670022,160
120000013,120000092,120000012,120000013,50000000000582,50000000000582,120000000,120000014,-1,0,50,0.40789944,62.397614,2854,16.653902,21.774094,22.244366,29105,1,2,2,-0.5252352,159.7935,-11.408256,885,62.397614,0.12284151,147.80237,166.00638,1.178638,2.038114,0.21148503,4.815457,1.9610533,0.0011344949,0.017366016,0.022856534,0.0015415121,0.04739782,0.018405845,2.6319625,0.0,43.7698,0.01291456,0.08057235,-20.825224,-21.355377,-21.90709,-22.406446,-23.810919,-17.333197,-18.128752,-18.799746,-19.355682,-20.763273,-20.568892,-21.150652,-21.74223,-22.285398,-23.773788,4.396852,557
120000014,120000092,120000013,120000014,49000000000543,49000000000543,120000000,120000015,-1,0,49,0.45657724,60.6763,2854,16.657629,21.712675,22.251287,29105,1,2,2,-1.226032,154.6403,-11.928149,846,60.6763,0.119672194,147.66681,168.00244,0.9968204,1.9971778,0.21148503,4.672634,2.0760534,0.0011337876,0.014852206,0.022256054,0.0015415121,0.04732931,0.019368079,1.9706738,0.0,43.785404,0.0124914935,0.08024427,-20.81382,-21.365868,-21.920576,-22.41524,-23.813831,-17.390804,-18.179981,-18.84555,-19.395676,-20.796604,-20.546436,-21.160477,-21.755901,-22.292797,-23.77333,4.109507,552
120000015,120000092,120000014,120000015,48000000000516,48000000000516,120000000,120000016,-1,0,48,0.5085914,57.491867,2854,16.667063,21.650763,22.25814,29105,1,2,2,-3.17674,150.31317,-13.209079,841,57.491867,0.11541354,146.36755,168.23332,0.7515478,1.966359,0.21148503,4.196874,2.2881618,0.0011331144,0.0116051985,0.02179315,0.0015415121,0.047548424,0.021115897,2.6826577,0.0,43.785587,0.0075240885,0.081151426,-21.012156,-21.519432,-22.050365,-22.528812,-23.914171,-17.450245,-18.231796,-18.890785,-19.43389,-20.826368,-20.424372,-21.05394,-21.669794,-22.239944,-23.811985,3.795356,11
120000016,120000092,120000015,120000016,47000000000542,47000000000542,120000000,120000017,-1,0,47,0.5641766,62.569744,2854,16.667223,21.603817,22.264292,29105,1,2,2,-2.6786165,137.385,-13.535297,727,62.569744,0.11638888,152.0535,165.42506,0.4580852,1.9243126,0.21148503,5.2467933,2.464151,0.0011323737,0.008052569,0.021144008,0.0015415121,0.047816113,0.022436786,4.7361197,0.0,43.89312,0.0036330898,0.07630918,-21.231289,-21.681042,-22.18309,-22.643833,-24.005653,-17.512804,-18.285831,-18.937918,-19.474195,-20.859482,-19.90453,-20.57037,-21.24263,-21.9064,-23.73429,3.497934,864
120000017,120000092,120000016,120000017,46000000000539,46000000000539,120000000,120000018,-1,0,46,0.6235901,57.664,2854,16.657686,21.539574,22.258343,29105,1,2,2,-2.4830637,130.67017,-22.738697,730,57.664,0.110864826,149.56345,165.83485,0.46512425,1.850157,0.21148503,4.3584824,2.5791357,0.0011316027,0.009094376,0.019790538,0.0015415121,0.043070342,0.023352146,7.1150374,1.7464675E-4,43.811947,0.0044436157,0.074048094,-21.26905,-21.710325,-22.19762,-22.647617,-23.99569,-17.583654,-18.347975,-18.99357,-19.524187,-20.905529,-20.189333,-20.810308,-21.444798,-22.06884,-23.797886,3.2543073,323
120000018,120000061,120000017,120000018,45000000000552,45000000000552,120000000,120000019,120000062,0,45,0.6871088,51.983665,2854,16.666782,21.48468,22.264605,29105,1,2,2,-2.19326,125.53291,-29.485582,684,51.983665,0.10465307,146.15962,167.18947,0.76355726,1.5470331,0.019274646,3.2108288,2.5286906,4.860796E-4,0.014584257,0.016094012,6.493733E-5,0.034323666,0.021773476,9.171709,0.0,43.884132,0.0041564372,0.06971791,-21.468395,-21.818447,-22.26942,-22.702839,-24.025496,-15.062151,-15.773592,-16.391287,-16.880924,-18.121225,-19.667778,-20.252523,-20.91047,-21.615438,-23.619452,2.9024575,30
120000019,120000061,120000018,120000019,44000000000526,44000000000526,120000000,120000020,-1,0,44,0.75503564,50.95088,2853,16.669022,21.434858,22.286777,29091,1,2,2,-3.8927348,120.142105,-34.913406,681,50.95088,0.10140463,146.99986,164.01724,1.186018,1.4051626,0.019274646,3.0210268,2.2126498,4.858523E-4,0.019378545,0.013591807,6.493733E-5,0.028401066,0.017746866,7.226094,0.0,43.84948,0.007022466,0.06390083,-21.3408,-21.701145,-22.154726,-22.584892,-23.89439,-15.1217,-15.825478,-16.437035,-16.920666,-18.156391,-20.35621,-20.885271,-21.471664,-22.057936,-23.706629,2.8034475,767
120000020,120000061,120000019,120000020,43000000000523,43000000000523,120000000,120000021,-1,0,43,0.8276991,49.487762,2853,16.670597,21.36545,22.30203,29091,1,2,2,-6.8423553,117.40815,-35.154648,677,49.487762,0.0977836,147.53188,167.97832,1.4252988,1.2946349,0.019274646,2.8570688,2.0313368,4.856276E-4,0.021066668,0.011885859,6.493733E-5,0.02430201,0.01574152,5.4369297,0.0,43.823727,0.010097948,0.059512045,-21.212257,-21.59111,-22.048485,-22.475637,-23.776691,-15.184395,-15.880526,-16.485998,-16.96425,-18.196417,-20.620415,-21.114637,-21.65306,-22.17016,-23.662497,2.658947,828
120000021,120000061,120000020,120000021,42000000000485,42000000000485,120000000,120000022,-1,0,42,0.9054624,46.819725,2853,16.66431,21.290546,22.316906,29091,1,2,2,-10.507728,120.13778,-34.966904,684,46.819725,0.09329605,146.91048,165.69633,1.5454491,1.2126826,0.019274646,2.3867302,1.9961988,4.8542657E-4,0.021107715,0.010722809,6.493733E-5,0.021582346,0.014990058,6.8894024,0.0,43.751755,0.009526577,0.056139205,-21.296722,-21.645975,-22.087086,-22.501896,-23.778324,-15.252858,-15.942181,-16.542347,-17.016642,-18.247726,-20.73348,-21.187063,-21.710247,-22.2183,-23.684664,2.4639473,987
120000022,120000061,120000021,120000022,41000000000499,41000000000499,120000000,120000023,-1,0,41,0.98870814,44.495953,2853,16.668673,21.221048,22.332565,29091,1,2,2,-9.234916,118.96357,-33.083035,648,44.495953,0.08898017,146.65051,163.64926,1.8942281,1.1107155,0.019274646,1.8896142,1.8360311,4.8525882E-4,0.021306861,0.009456832,6.493733E-5,0.019443646,0.012541078,4.683637,0.0,43.67542,0.01468542,0.05273381,-21.11159,-21.49012,-21.939283,-22.35245,-23.622421,-15.329719,-16.013546,-16.609392,-17.0812,-18.312952,-20.8803,-21.304804,-21.789558,-22.241802,-23.587645,2.3174756,593
120000023,120000061,120000022,120000023,40000000000519,40000000000519,120000000,120000024,-1,0,40,1.0778745,45.012344,2853,16.657072,21.154697,22.352005,29091,1,2,2,-9.261499,119.63014,-29.008295,674,45.012344,0.086482696,149.61363,163.37761,1.883045,1.0428784,0.019274646,2.5764234,1.6348897,4.8505832E-4,0.018974744,0.008744349,6.493733E-5,0.018180601,0.010180251,4.0000973,0.0,43.852745,0.015785478,0.051521126,-21.069296,-21.455183,-21.902931,-22.31018,-23.571325,-15.416831,-16.096504,-16.688805,-17.158913,-18.392347,-20.850988,-21.286997,-21.768858,-22.210545,-23.538422,2.1088135,675
120000024,120000061,120000023,120000024,39000000000491,39000000000491,120000000,120000025,-1,0,39,1.173417,49.659893,2853,16.665825,21.089832,22.38052,29091,1,2,2,-8.808338,120.856766,-26.643318,664,49.659893,0.08635375,157.26506,164.35742,1.6632603,0.9863868,0.019274646,3.5608246,1.7196153,4.8480535E-4,0.016280746,0.008193699,6.493733E-5,0.017705986,0.010761015,4.1516533,0.0,44.02675,0.013454376,0.047903653,-21.126131,-21.512552,-21.960863,-22.36645,-23.637175,-15.516264,-16.193039,-16.781923,-17.249207,-18.483896,-20.91979,-21.3471,-21.827929,-22.268986,-23.607525,1.8807131,70
120000025,120000061,120000024,120000025,38000000000500,38000000000500,120000000,120000026,-1,0,38,1.2758462,50.69268,2853,16.662073,21.01969,22.40001,29091,1,2,2,-9.205546,121.27566,-26.82447,607,50.69268,0.08385869,161.23843,165.4798,1.3779444,0.92941415,0.019274646,3.8987765,1.896075,4.8449115E-4,0.014216639,0.007634485,6.493733E-5,0.01547607,0.012310459,3.4662552,0.0,44.085724,0.012343781,0.044203654,-21.113358,-21.528091,-21.989933,-22.402506,-23.692198,-15.627745,-16.30082,-16.885162,-17.3473,-18.579552,-20.88442,-21.349043,-21.847185,-22.297512,-23.659565,1.6565095,230
120000026,120000061,120000025,120000026,37000000000482,37000000000482,120000000,120000027,-1,0,37,1.3857181,48.45497,2853,16.677881,20.992804,22.403019,29091,1,2,2,-5.9428835,116.37988,-19.601765,606,48.45497,0.07951748,161.88545,184.37563,1.0640447,0.8833532,0.019274646,3.5640063,2.1943045,4.841699E-4,0.0130758565,0.007129952,6.493733E-5,0.011693426,0.014787436,1.5327969,0.0,44.02908,0.015060827,0.039286833,-21.023321,-21.462904,-21.91681,-22.31681,-23.571526,-15.744674,-16.408428,-16.985401,-17.44071,-18.666283,-20.892141,-21.356443,-21.83092,-22.254034,-23.552773,1.4157174,916
120000027,120000061,120000026,120000027,36000000000474,36000000000474,120000000,120000028,-1,0,36,1.5036365,37.95496,2853,16.69175,20.98886,22.391552,29091,1,2,2,-5.2399864,107.27091,-2.433046,521,37.95496,0.07042509,152.24413,152.92792,0.8297756,0.8636971,0.019274646,1.5162382,2.671904,4.8394743E-4,0.0126371635,0.0068600806,6.493733E-5,0.0069914376,0.01832807,1.4319896,0.0,43.56095,0.013985573,0.032545984,-21.303186,-21.671074,-22.074268,-22.44656,-23.660482,-15.856764,-16.506348,-17.074213,-17.522766,-18.738161,-21.125175,-21.525059,-21.956001,-22.360046,-23.634695,1.1365546,239
120000028,120000061,120000027,120000028,35000000000461,35000000000461,120000000,120000029,-1,0,35,1.6302707,25.905767,2853,16.683136,20.950178,22.365807,29091,1,2,2,4.8745356,89.270645,26.666586,384,25.905767,0.05946207,136.88258,157.51265,0.8685949,0.84603477,0.019274646,0.035991006,3.2296793,4.8387825E-4,0.013260422,0.006587044,6.493733E-5,3.5946313E-4,0.022486154,15.501027,0.0,0.0,0.0051850076,0.05946207,-22.211369,-22.389467,-22.71217,-23.052109,-24.217916,-15.983594,-16.611717,-17.16712,-17.607347,-18.809175,-21.039991,-21.390121,-21.87268,-22.40999,-24.003752,0.860721,569
120000029,120000050,120000028,120000029,34000000000438,34000000000438,120000000,120000030,120000051,0,34,1.766336,24.356585,2853,16.680655,20.919113,22.350403,29091,1,2,2,5.4511027,92.66325,23.6239,360,24.356585,0.05575898,137.06317,149.12459,2.0956886,0.6509995,0.007514437,0.02299133,2.5851922,1.4256577E-4,0.019246843,0.0044225967,2.9075067E-5,1.8195981E-4,0.012884215,23.471691,0.0,41.024338,0.005106925,0.0065906993,-22.227962,-22.398544,-22.684746,-22.973713,-23.971987,-15.107975,-15.724118,-16.273167,-16.711063,-17.931623,-20.91508,-21.265448,-21.72363,-22.231628,-23.720285,0.7569748,830
120000030,120000050,120000029,120000030,33000000000542,33000000000542,120000000,120000031,-1,0,33,1.9126327,27.02462,2853,16.685497,20.86069,22.333534,29091,1,2,2,6.5697255,93.067924,27.550377,349,27.02462,0.055154223,145.16449,150.9509,1.1106222,0.38581568,0.007514437,1.6911882,1.1269536,1.4256136E-4,0.008572584,0.0027062383,2.9075067E-5,0.006190616,0.0030230798,7.589266,0.0,43.987934,0.005615185,0.03809785,-21.3908,-21.592096,-21.894846,-22.189093,-23.1979,-15.313073,-15.898791,-16.431532,-16.859413,-18.073689,-20.712559,-21.011208,-21.40224,-21.80524,-23.061941,0.9020357,587
120000031,120000050,120000030,120000031,32000000000488,32000000000488,120000000,120000032,-1,0,32,2.0700274,29.778723,2853,16.668436,20.76382,22.317625,29091,1,2,2,8.6761465,90.416405,28.709799,343,29.778723,0.054334857,153.52664,160.09067,0.98101515,0.3041404,0.007514437,2.5787148,0.93134177,1.4250178E-4,0.0064304345,0.0021491505,2.9075067E-5,0.0052075726,0.0024066633,7.198849,0.0,44.186604,0.0050513954,0.033058845,-21.286608,-21.446648,-21.720924,-21.996025,-22.980549,-15.530159,-16.080093,-16.594313,-17.017086,-18.251976,-20.618195,-20.88936,-21.25935,-21.641582,-22.862862,0.8516077,76
120000032,120000050,120000031,120000032,31000000000484,31000000000484,120000000,120000033,-1,0,31,2.2394855,27.971344,2853,16.671576,20.737661,22.30708,29091,1,2,2,7.1474643,90.62199,27.70479,323,27.971344,0.050666302,154.08736,185.15163,0.7882784,0.23056221,0.007514437,2.6427963,0.83969486,1.4242707E-4,0.0046084914,0.0017089744,2.9075067E-5,0.0035135387,0.0024902788,5.555878,2.2395904E-4,44.19091,0.005935145,0.028485835,-20.841465,-21.00428,-21.282604,-21.565441,-22.60136,-15.81369,-16.325367,-16.814434,-17.220623,-18.429527,-20.547215,-20.77511,-21.103989,-21.436962,-22.565731,0.8402238,457
120000033,120000044,120000032,120000033,30000000000445,30000000000445,120000000,120000034,120000045,0,30,2.422044,22.549206,2853,16.691187,20.720749,22.301516,29091,1,2,2,4.728317,90.655396,24.580065,305,22.549206,0.044823624,147.08965,150.87553,0.5651724,0.16928197,0.0,1.9945513,0.8390527,0.0,0.0035190484,0.001341131,0.0,0.001480671,0.0029395237,1.7068572,0.0,44.029053,0.007205549,0.022386307,-20.299078,-20.490051,-20.785833,-21.085918,-22.166931,99.0,99.0,99.0,99.0,99.0,-20.171875,-20.389475,-20.706532,-21.029009,-22.150866,0.8124915,668
120000034,120000044,120000033,120000034,29000000000440,29000000000439,120000000,120000035,-1,0,29,2.6188614,11.102471,2853,16.706518,20.730495,22.205564,29091,1,2,2,-3.414049,36.26999,114.13206,77,11.102471,0.033590443,119.226265,110.48207,0.44953173,0.15368542,0.0,0.031511985,1.0034063,0.0,0.0033274684,0.0012304386,0.0,1.2386958E-4,0.0037734774,7.0885463,0.0,41.463993,0.0012828816,0.0070596472,-21.177298,-21.196705,-21.385054,-21.59036,-22.52151,99.0,99.0,99.0,99.0,99.0,-18.572124,-18.915663,-19.419838,-20.030117,-21.973145,0.66507024,364
120000035,120000044,120000034,120000035,28000000000436,28000000000436,120000000,120000036,-1,0,28,2.8311827,7.4877133,2853,16.702291,20.711815,22.139217,29091,1,2,2,-2.4182522,72.250465,58.726337,171,7.4877133,0.027912106,107.41088,112.07034,0.3736149,0.09270287,0.0,0.052108977,0.5193006,0.0,0.00231722,7.2496664E-4,0.0,2.131429E-4,0.0019807615,0.62392014,0.0,42.261513,0.0097742155,0.014730191,-19.216045,-19.509592,-19.869532,-20.207994,-21.368126,99.0,99.0,99.0,99.0,99.0,-19.17311,-19.475805,-19.842865,-20.188873,-21.362675,0.831235,282
120000036,120000044,120000035,120000036,27000000000420,27000000000420,120000000,120000037,-1,0,27,3.060419,5.3360715,2853,16.692635,20.664606,22.08161,29091,1,2,2,9.337258,77.19772,31.293068,203,5.3360715,0.023587933,98.636086,107.78821,0.16987419,0.08766236,0.0,0.04135368,0.50925404,0.0,0.0015261214,6.953359E-4,0.0,4.5226087E-4,0.001917675,0.0,0.0,42.40863,0.01581979,0.023063054,-19.099468,-19.418615,-19.775505,-20.114029,-21.256424,99.0,99.0,99.0,99.0,99.0,-19.087801,-19.408997,-19.767721,-20.108366,-21.254768,0.6791657,377
120000037,120000044,120000036,120000037,26000000000946,26000000000946,120000000,120000038,-1,0,26,3.3080978,5.9385314,2853,16.69127,20.633768,22.027279,29091,1,2,2,17.769548,60.07107,88.86979,79,5.9385314,0.023092719,105.16518,109.80759,0.09236645,0.08766236,0.0,0.062036484,0.6777432,0.0,0.0010777384,6.953359E-4,0.0,2.8568722E-4,0.002552147,2.0791607,0.0,42.50869,0.001360744,0.016902369,-19.9277,-20.061117,-20.321125,-20.594547,-21.625801,99.0,99.0,99.0,99.0,99.0,-18.6654,-19.007399,-19.45205,-19.94447,-21.425644,0.49731782,472
120000038,120000044,120000037,120000038,25000000001136,25000000001136,120000000,120000039,-1,0,25,3.575905,5.4221373,2853,16.659548,20.600014,21.953735,29091,1,2,2,8.138244,57.06183,87.84736,58,5.4221373,0.02113407,105.04216,118.10558,0.060707908,0.07296433,0.0,0.0834647,0.6270612,0.0,7.979769E-4,5.596009E-4,0.0,3.2287635E-4,0.002156875,2.7390647,0.0,42.75282,8.275939E-4,0.018787384,-19.960888,-20.061049,-20.30349,-20.565544,-21.571545,99.0,99.0,99.0,99.0,99.0,-17.98301,-18.341204,-18.832647,-19.417208,-21.187582,0.41134453,774
120000039,120000044,120000038,120000039,24000000000990,24000000000990,120000000,120000040,-1,0,24,3.8656828,4.3032837,2853,16.674837,20.55513,21.90402,29091,1,2,2,7.8391447,58.217304,77.97126,59,4.3032837,0.018433202,100.200424,112.831215,0.07391278,0.054919533,0.0,0.03733331,0.50008196,0.0,8.2800974E-4,3.784881E-4,0.0,1.4143712E-4,0.0015396681,1.763064,0.0,42.3459,0.0011027786,0.0148108285,-19.673964,-19.768337,-20.00467,-20.262934,-21.259285,99.0,99.0,99.0,99.0,99.0,-18.339846,-18.651482,-19.08146,-19.571802,-21.045528,0.362502,624
120000040,120000044,120000039,120000040,23000000000803,23000000000803,120000000,120000041,-1,0,23,4.1794686,3.7008238,2853,16.663927,20.522749,21.876358,29091,1,2,2,10.685645,60.83632,77.892296,60,3.7008238,0.016491307,98.24074,103.350685,0.08773474,0.044121217,0.0,0.0038551192,0.44007003,0.0,8.463549E-4,2.7117046E-4,0.0,1.9044497E-5,0.0011827006,0.97122544,0.0,40.897552,0.0015767489,0.005101577,-19.461123,-19.56367,-19.802301,-20.066427,-21.048275,99.0,99.0,99.0,99.0,99.0,-18.672974,-18.92734,-19.291424,-19.696268,-20.941048,0.2866689,597
120000041,120000044,120000040,120000041,22000000000871,22000000000871,120000000,120000042,-1,0,22,4.5195556,3.7868896,2853,16.647532,20.495956,21.843737,29089,1,2,2,9.868126,72.403885,75.84133,48,3.7868896,0.015613369,102.13227,118.73992,0.048420083,0.03860314,0.0,0.041797444,0.47092354,0.0,6.270819E-4,2.1796851E-4,0.0,1.6277157E-4,0.0010239221,2.4062378,0.0,42.591022,8.517977E-4,0.015010034,-19.673874,-19.749264,-19.975344,-20.23944,-21.1977,99.0,99.0,99.0,99.0,99.0,-18.041458,-18.345057,-18.78395,-19.318727,-20.885725,0.18136624,66
120000042,120000044,120000041,120000042,21000000000844,21000000000844,120000000,120000043,-1,0,21,4.888449,3.5286925,2853,16.637579,20.473204,21.814205,29089,1,2,2,13.503372,68.88806,68.74906,41,3.5286925,0.014309525,102.982704,113.60483,0.13388303,0.025949642,0.0,0.004132069,0.4014287,0.0,7.6923124E-4,1.07007225E-4,0.0,1.1446884E-5,4.7808513E-4,3.2532182,0.0,44.314484,8.4833393E-4,0.014348583,-19.913946,-19.922436,-20.099224,-20.298105,-21.148596,99.0,99.0,99.0,99.0,99.0,-18.276758,-18.534077,-18.936928,-19.406448,-20.836998,0.10586131,906
120000043,120000044,120000042,120000043,20000000000828,20000000000828,120000000,120000044,-1,0,20,5.2888336,2.2377074,2853,16.637346,20.417578,21.787775,29089,1,2,2,2.5865595,63.29418,66.74022,35,2.2377074,0.011521131,91.39534,98.767586,0.09950708,0.010153553,0.0,0.019048879,0.22616804,0.0,3.877476E-4,2.335554E-5,0.0,1.5235093E-5,1.0805937E-4,1.6730024,0.0,42.077652,0.0010879638,0.009107904,-19.06398,-19.062893,-19.233398,-19.410982,-20.167765,99.0,99.0,99.0,99.0,99.0,-18.370728,-18.494555,-18.771826,-19.06222,-20.048471,0.06914955,841
120000044,120000044,120000043,120000044,19000000000939,19000000000939,120000000,-1,-1,0,19,5.7238646,1.032788,2853,16.650517,20.43041,21.749369,29089,1,2,2,-1.4553376,53.377796,66.00451,26,1.032788,0.008333541,73.00637,80.8942,0.051539592,0.0026671465,0.0,0.006714528,0.097025834,0.0,1.177831E-4,3.0232954E-6,0.0,1.9666854E-6,1.7603064E-5,0.6482423,0.0,41.40034,9.0082106E-4,0.006280907,-17.851517,-17.773518,-17.8777,-17.972689,-18.476252,99.0,99.0,99.0,99.0,99.0,-17.705818,-17.654581,-17.782026,-17.902632,-18.455088,0.033461396,802
120000045,120000050,120000032,120000033,30000000000445,30000000000445,120000000,120000046,-1,2,30,2.422044,22.549206,2853,16.625284,20.68958,22.30463,29091,1,2,2,92.9776,132.17297,127.69774,22,1.2049193,0.012059245,65.552444,69.74714,0.01817315,0.00751227,0.0,0.0,0.0,0.0,1.8285724E-4,2.9053259E-5,0.0,0.0,0.0,0.007594919,0.0,38.66274,0.0014334709,0.0011054042,-16.091644,-16.492111,-16.90103,-17.247168,-18.301485,99.0,99.0,99.0,99.0,99.0,-15.824471,-16.272745,-16.723299,-17.117197,-18.263058,0.9729941,196
120000046,120000050,120000045,120000045,29000000000439,29000000000439,120000000,120000047,-1,2,29,2.6188614,11.102471,2853,16.60161,20.618856,22.235239,29091,1,2,2,4.932024,102.35426,82.441536,22,1.2049193,0.012059245,65.552444,69.74714,0.018668687,0.007442872,0.0,0.0,0.0,0.0,1.8414318E-4,2.8362243E-5,0.0,0.0,0.0,0.018740661,0.0,38.66274,0.0014334709,0.0011054042,-16.372217,-16.686121,-17.041607,-17.362488,-18.378592,99.0,99.0,99.0,99.0,99.0,-16.098585,-16.461279,-16.85945,-17.229366,-18.339287,0.7612848,990
120000047,120000050,120000046,120000046,28000000000437,28000000000436,120000000,120000048,-1,2,28,2.8311827,7.4877133,2853,16.610487,20.574787,22.208471,29091,1,2,2,-35.71386,55.111355,7.753623,22,1.2049193,0.012059245,65.552444,69.74714,0.019819891,0.0072816457,0.0,0.0,0.0,0.0,1.8676637E-4,2.680972E-5,0.0,0.0,0.0,0.0723887,0.0,38.66274,0.0014334709,0.0011054042,-16.69332,-16.93831,-17.254847,-17.561432,-18.551195,99.0,99.0,99.0,99.0,99.0,-16.40875,-16.706282,-17.06517,-17.419416,-18.502308,0.56876856,299
120000048,120000050,120000047,120000047,26000000000718,26000000000718,120000000,120000049,-1,2,26,3.3080978,2.1516418,2853,16.70056,20.560665,22.24234,29091,1,2,2,-103.502426,12.261549,-27.078684,22,1.2049193,0.012059245,65.552444,69.74714,0.027906727,0.0061490913,0.0,0.0,0.0,0.0,1.9307176E-4,1.7720651E-5,0.0,0.0,0.0,0.21036081,0.0,38.66274,0.0014334709,0.0011054042,-17.447235,-17.54542,-17.7688,-18.021887,-18.895885,99.0,99.0,99.0,99.0,99.0,-17.20571,-17.348719,-17.610703,-17.907236,-18.862543,0.25389612,969
120000049,120000050,120000048,120000048,25000000001307,25000000001307,120000000,120000050,-1,2,25,3.575905,1.8073791,2853,16.760645,20.542587,22.249582,29091,1,2,2,-106.27009,54.255825,10.057544,22,1.2049193,0.012059245,65.552444,69.74714,0.038525023,0.004662009,0.0,0.0,0.0,0.0,1.7550838E-4,9.3737E-6,0.0,0.0,0.0,0.4201611,0.0,38.66274,0.0014334709,0.0011054042,-17.779333,-17.818617,-18.00286,-18.211273,-18.980637,99.0,99.0,99.0,99.0,99.0,-17.607628,-17.678516,-17.890598,-18.129778,-18.95725,0.13467635,508
120000050,120000050,120000049,120000051,24000000002748,24000000002748,120000000,-1,-1,0,24,3.8656828,1.2049193,2853,16.796904,20.490765,22.233929,29089,1,2,2,-49.36213,46.981087,3.0018833,22,1.2049193,0.012059245,65.552444,69.74714,0.0582895,0.0018940115,0.0,6.5396866E-4,0.08769667,0.0,8.895402E-5,1.4582662E-6,0.0,1.2049803E-7,9.152031E-6,0.3092393,0.0,38.66274,0.0014334709,0.0011054042,-17.722364,-17.666752,-17.760263,-17.848011,-18.191898,99.0,99.0,99.0,99.0,99.0,-17.644672,-17.602123,-17.70765,-17.807812,-18.178137,0.044671055,689
120000051,120000061,120000028,120000029,34000000000438,34000000000438,120000000,120000052,-1,2,34,1.766336,24.356585,2853,16.677738,20.889952,22.384172,29091,1,2,2,-44.296,-29.036379,-112.80028,171,14.717235,0.036899284,130.97069,111.00189,0.080950186,0.01176021,0.0,0.0,0.0,0.0,3.5833434E-4,3.5862267E-5,0.0,0.0,0.0,0.0,0.0,40.217022,0.0064734877,0.0066448897,-15.59519,-16.193592,-16.732956,-17.16235,-18.34079,99.0,99.0,99.0,99.0,99.0,-15.589685,-16.189054,-16.729284,-17.15968,-18.34001,2.0659707,414
120000052,120000061,120000051,120000030,33000000000542,33000000000542,120000000,120000053,-1,2,33,1.9126327,27.02462,2853,16.705597,20.902643,22.39582,29091,1,2,2,-41.578373,14.603389,51.50353,171,14.717235,0.036899284,130.97069,111.00189,0.080950186,0.01176021,0.0,0.0,0.0,0.0,3.5833434E-4,3.5862267E-5,0.0,0.0,0.0,0.0,0.0,40.217022,0.0064734877,0.0066448897,-15.818312,-16.4041,-16.941292,-17.374533,-18.595024,99.0,99.0,99.0,99.0,99.0,-15.812807,-16.399563,-16.937622,-17.371864,-18.594244,1.7944484,172
120000053,120000061,120000052,120000031,32000000000488,32000000000488,120000000,120000054,-1,2,32,2.0700274,29.778723,2853,16.713856,20.861435,22.335827,29091,1,2,2,30.152008,139.82104,156.81859,171,14.717235,0.036899284,130.97069,111.00189,0.080950186,0.01176021,0.0,0.0,0.0,0.0,3.5833434E-4,3.5862267E-5,0.0,0.0,0.0,0.0,0.0,40.217022,0.0064734877,0.0066448897,-16.02621,-16.560152,-17.06075,-17.464352,-18.611212,99.0,99.0,99.0,99.0,99.0,-16.020706,-16.555614,-17.057077,-17.461683,-18.610432,1.5358098,361
120000054,120000061,120000053,120000032,31000000000484,31000000000484,120000000,120000055,-1,2,31,2.2394855,27.971344,2853,16.65708,20.740244,22.27232,29091,1,2,2,124.93192,223.01625,-21.948362,171,14.717235,0.036899284,130.97069,111.00189,0.080950186,0.01176021,0.0,0.0,0.0,0.0,3.5833434E-4,3.5862267E-5,0.0,0.0,0.0,0.0,0.0,40.217022,0.0064734877,0.0066448897,-16.220434,-16.697706,-17.165085,-17.553856,-18.681969,99.0,99.0,99.0,99.0,99.0,-16.21493,-16.693169,-17.161413,-17.551188,-18.68119,1.2901757,448
120000055,120000061,120000054,120000033,30000000000445,30000000000445,120000000,120000056,-1,2,30,2.422044,22.549206,2853,16.649202,20.669971,22.311338,29091,1,2,2,-66.33595,92.339294,-23.07799,171,14.717235,0.036899284,130.97069,111.00189,0.080950186,0.01176021,0.0,0.0,0.0,0.0,3.5833434E-4,3.5862267E-5,0.0,0.0,0.0,0.0,0.0,40.217022,0.0064734877,0.0066448897,-16.536436,-16.978268,-17.430027,-17.819525,-18.982138,99.0,99.0,99.0,99.0,99.0,-16.530931,-16.97373,-17.426355,-17.816856,-18.981358,1.0575954,196
120000056,120000061,120000055,120000045,29000000000439,29000000000439,120000000,120000057,-1,1,29,2.6188614,11.102471,2853,16.674288,20.614,22.315731,29091,1,2,2,10.056841,102.59089,-14.727959,171,14.717235,0.036899284,130.97069,111.00189,0.080950186,0.01176021,0.0,0.0,0.0,0.0,3.5833434E-4,3.5862267E-5,0.0,0.0,0.0,0.0,0.0,40.217022,0.0064734877,0.0066448897,-16.846611,-17.182352,-17.554417,-17.891233,-18.894215,99.0,99.0,99.0,99.0,99.0,-16.841106,-17.177814,-17.550745,-17.888563,-18.893435,0.837995,698
120000057,120000061,120000056,120000046,28000000000437,28000000000436,120000000,120000058,-1,1,28,2.8311827,7.4877133,2853,16.629562,20.511642,22.359644,29091,1,2,2,27.545887,96.73729,-35.10644,34,2.9262338,0.020407002,78.52987,81.320335,0.080950186,0.01176021,0.0,0.0,0.0,0.0,3.5833434E-4,3.5862267E-5,0.0,0.0,0.0,0.25587526,0.0,40.217022,0.0036881673,0.0066448897,-17.542782,-17.746351,-18.046026,-18.341421,-19.297285,99.0,99.0,99.0,99.0,99.0,-17.50835,-17.71932,-18.024279,-18.324936,-19.290955,0.6312426,333
120000058,120000061,120000057,120000047,26000000000718,26000000000718,120000000,120000059,-1,0,26,3.3080978,2.1516418,2853,16.6084,20.455751,22.32002,29089,1,2,2,-0.6073735,79.800644,-3.0193977,107,2.1516418,0.016462862,74.97255,85.67658,0.109535046,0.007756924,0.0,0.0010604003,0.186817,0.0,2.4205414E-4,2.303073E-5,0.0,1.9803806E-6,2.3901668E-4,0.0,0.0,40.217022,0.013762977,0.0066448897,-16.77619,-17.011518,-17.309961,-17.610153,-18.55001,99.0,99.0,99.0,99.0,99.0,-16.775608,-17.011038,-17.309574,-17.60987,-18.549929,0.47211355,945
120000059,120000061,120000058,120000048,25000000001307,25000000001307,120000000,120000060,-1,0,25,3.575905,1.8073791,2853,16.618805,20.417576,22.335588,29089,1,2,2,17.391336,88.02663,-2.817019,50,1.8073791,0.014653545,72.83217,76.611916,0.109456286,0.007756924,0.0,0.0,0.18688396,0.0,2.4195606E-4,2.303073E-5,0.0,0.0,2.0375903E-4,0.07081122,0.0,0.0,0.0065358668,0.014653545,-17.350313,-17.505514,-17.761189,-18.037958,-18.929995,99.0,99.0,99.0,99.0,99.0,-17.347086,-17.502935,-17.759144,-18.036486,-18.929579,0.30222178,758
120000060,120000061,120000059,120000049,24000000002423,24000000002423,120000000,120000061,-1,0,24,3.8656828,1.549182,2853,16.570913,20.297285,22.322752,29088,1,2,2,22.09206,112.81341,29.976315,25,1.549182,0.013112987,71.28044,76.45722,0.027659625,0.007290424,0.0,5.131779E-5,0.16951211,0.0,2.1286376E-4,2.2053871E-5,0.0,9.041526E-8,1.486984E-4,0.3816373,0.0,0.0,0.0011369914,0.013112987,-17.926985,-17.98163,-18.179632,-18.419605,-19.268766,99.0,99.0,99.0,99.0,99.0,-17.69129,-17.79881,-18.037836,-18.320646,-19.242064,0.15803298,155
120000061,120000061,120000060,120000050,23000000002598,23000000002598,120000000,-1,-1,0,23,4.1794686,1.4631164,2853,16.54173,20.224764,22.334993,29088,1,2,2,27.299072,115.15752,27.706675,20,1.4631164,0.012103619,72.102745,77.94935,0.044302326,0.004952993,0.0,0.0029176332,0.14696562,0.0,1.8826635E-4,8.622222E-6,0.0,1.7776613E-6,6.201757E-5,0.87176514,0.0,40.301716,7.729256E-4,0.004346656,-18.617691,-18.60927,-18.749142,-18.894276,-19.505215,99.0,99.0,99.0,99.0,99.0,-18.314337,-18.3593,-18.54847,-18.744993,-19.460863,0.045785237,844
120000062,120000092,120000017,120000018,45000000000552,45000000000552,120000000,120000063,-1,2,45,0.6871088,51.983665,2853,16.562624,21.44327,22.21416,29090,1,2,2,35.724846,178.99837,-39.471397,48,4.1311536,0.033624955,72.69002,83.27583,0.04399775,0.19220766,0.009394457,0.0,0.0,1.1284359E-4,0.0010722851,0.0014765084,3.6662823E-5,0.0,0.0,0.0018832062,0.0,43.277935,0.0031732004,0.037581254,-17.566833,-18.325632,-18.96714,-19.496698,-20.88912,-14.245665,-14.964788,-15.587777,-16.084518,-17.34452,-17.268974,-18.077065,-18.764,-19.347162,-20.844303,4.423728,39
120000063,120000092,120000062,120000019,44000000000526,44000000000526,120000000,120000064,-1,2,44,0.75503564,50.95088,2853,16.558458,21.366648,22.245556,29090,1,2,2,-31.544302,142.24089,-88.55282,48,4.1311536,0.033624955,72.69002,83.27583,0.04420576,0.19217855,0.009394457,0.0,0.0,1.1284359E-4,0.0010758179,0.0014757989,3.6662823E-5,0.0,0.0,0.004133906,0.0,43.277935,0.0031732004,0.037581254,-17.675468,-18.423944,-19.059147,-19.583761,-20.975527,-14.30307,-15.013876,-15.630132,-16.119703,-17.371502,-17.375147,-18.173502,-18.854492,-19.43308,-20.93032,4.0526204,717
120000064,120000092,120000063,120000020,43000000000523,43000000000523,120000000,120000065,-1,2,43,0.8276991,49.487762,2853,16.599894,21.311806,22.292603,29090,1,2,2,-145.71553,64.83051,-93.59562,48,4.1311536,0.033624955,72.69002,83.27583,0.044657245,0.19211534,0.009394457,0.0,0.0,1.1284359E-4,0.0010834611,0.0014742628,3.6662823E-5,0.0,0.0,0.008979228,0.0,43.277935,0.0031732004,0.037581254,-17.805737,-18.540295,-19.16716,-19.684967,-21.074072,-14.360491,-15.061903,-15.670838,-16.153955,-17.398655,-17.500452,-18.286144,-18.959505,-19.531998,-21.028038,3.6862915,464
120000065,120000092,120000064,120000021,42000000000485,42000000000485,120000000,120000066,-1,2,42,0.9054624,46.819725,2853,16.699074,21.316729,22.315878,29091,1,2,2,-123.7252,-58.68172,15.416259,48,4.1311536,0.033624955,72.69002,83.27583,0.04562366,0.19198,0.009394457,0.0,0.0,1.1284359E-4,0.001099711,0.0014709902,3.6662823E-5,0.0,0.0,0.019249603,0.0,43.277935,0.0031732004,0.037581254,-17.964111,-18.678757,-19.294342,-19.803135,-21.187475,-14.426635,-15.1214905,-15.725612,-16.205595,-17.451328,-17.6487,-18.417149,-19.080618,-19.645426,-21.139536,3.3264952,561
120000066,120000092,120000065,120000022,41000000000499,41000000000499,120000000,120000067,-1,2,41,0.98870814,44.495953,2853,16.723495,21.320547,22.315002,29091,1,2,2,0.9520406,37.148033,-23.526691,48,4.1311536,0.033624955,72.69002,83.27583,0.04765798,0.19169511,0.009394457,0.0,0.0,1.1284359E-4,0.001133434,0.0014641717,3.6662823E-5,0.0,0.0,0.04063111,0.0,43.277935,0.0031732004,0.037581254,-18.15134,-18.835516,-19.43398,-19.928988,-21.302538,-14.499749,-15.189095,-15.789008,-16.266367,-17.514301,-17.85918,-18.595165,-19.237797,-19.783768,-21.257366,2.9754453,659
120000067,120000092,120000066,120000023,40000000000519,40000000000519,120000000,120000068,-1,2,40,1.0778745,45.012344,2853,16.706823,21.289333,22.333822,29091,1,2,2,48.083363,75.21778,-47.231525,48,4.1311536,0.033624955,72.69002,83.27583,0.051860053,0.19110663,0.009394457,0.0,0.0,1.1284359E-4,0.0012011202,0.0014503709,3.6662823E-5,0.0,0.0,0.084247306,0.0,43.277935,0.0031732004,0.037581254,-18.375973,-19.015043,-19.58976,-20.068161,-21.429344,-14.586124,-15.272198,-15.870162,-16.348429,-17.604168,-18.058514,-18.754,-19.37691,-19.910948,-21.381124,2.6359189,460
120000068,120000092,120000067,120000024,39000000000491,39000000000491,120000000,120000069,-1,2,39,1.173417,49.659893,2853,16.685722,21.238785,22.357864,29091,1,2,2,26.849619,125.41579,-33.176723,48,4.1311536,0.033624955,72.69002,83.27583,0.06035559,0.18991685,0.009394457,0.0,0.0,1.1284359E-4,0.0013305824,0.0014235288,3.6662823E-5,0.0,0.0,0.17123754,0.0,43.277935,0.0031732004,0.037581254,-18.642382,-19.220654,-19.76405,-20.222738,-21.560085,-14.6844635,-15.368537,-15.964272,-16.441587,-17.699507,-18.259062,-18.909164,-19.509857,-20.033339,-21.499369,2.3118405,403
120000069,120000092,120000068,120000025,38000000000500,38000000000500,120000000,120000070,-1,2,38,1.2758462,50.69268,2853,16.680672,21.143637,22.367336,29091,1,2,2,-4.8689823,230.38873,-9.376511,48,4.1311536,0.033624955,72.69002,83.27583,0.07713446,0.18756698,0.009394457,0.0,0.0,1.1284359E-4,0.0015616447,0.0013740344,3.6662823E-5,0.0,0.0,0.34055176,0.0,43.277935,0.0031732004,0.037581254,-18.93261,-19.431875,-19.934443,-20.36903,-21.675247,-14.7844515,-15.462671,-16.05176,-16.521425,-17.773472,-18.513893,-19.09085,-19.656702,-20.16317,-21.611038,2.0087006,796
120000070,120000092,120000069,120000026,37000000000482,37000000000482,120000000,120000071,-1,2,37,1.3857181,48.45497,2853,16.66749,20.984737,22.38559,29091,1,2,2,75.258224,295.82928,-132.22989,48,4.1311536,0.033624955,72.69002,83.27583,0.10944744,0.18304157,0.009394457,0.0,0.0,1.1284359E-4,0.0019353614,0.0012888467,3.6662823E-5,0.0,0.0,0.66160274,0.0,43.277935,0.0031732004,0.037581254,-19.249239,-19.664505,-20.121689,-20.52984,-21.794336,-14.908359,-15.583157,-16.167646,-16.631046,-17.880926,-18.816484,-19.309553,-19.832785,-20.316525,-21.729153,1.7346168,228
120000071,120000092,120000070,120000052,36000000000475,36000000000474,120000000,120000072,-1,1,36,1.5036365,37.95496,2853,16.683622,20.880075,22.458256,29091,1,2,2,-47.48346,199.19293,-158.00194,48,4.1311536,0.033624955,72.69002,83.27583,0.17002714,0.17455742,0.009394457,0.0,0.0,1.1284359E-4,0.0024588911,0.0011541784,3.6662823E-5,0.0,0.0,1.2538573,0.0,43.277935,0.0031732004,0.037581254,-19.547626,-19.887262,-20.30054,-20.679197,-21.885065,-15.024295,-15.6864395,-16.262547,-16.719755,-17.962318,-18.930674,-19.393291,-19.897654,-20.374008,-21.77848,1.5024415,626
120000072,120000092,120000071,120000053,35000000000462,35000000000461,120000000,120000073,-1,1,35,1.6302707,25.905767,2853,16.681034,20.7634,22.53981,29095,1,2,2,-55.89907,172.26254,-111.10828,134,11.532804,0.045403168,104.51878,110.14512,0.28045455,0.15909217,0.009394457,0.0,0.0,1.1284359E-4,0.0030306121,9.625618E-4,3.6662823E-5,0.0,0.0,0.6655183,0.0,43.277935,0.007589789,0.037581254,-19.419586,-19.79535,-20.216347,-20.595984,-21.808647,-15.13952,-15.777885,-16.33911,-16.785603,-18.01084,-19.313814,-19.710423,-20.14829,-20.54636,-21.793835,1.3361665,793
120000073,120000092,120000072,120000054,34000000000439,34000000000438,120000000,120000074,-1,1,34,1.766336,24.356585,2853,16.716974,20.677418,22.595444,29095,1,2,2,-49.300476,152.19958,-83.428474,148,12.737723,0.04492347,110.42801,111.410515,0.33663997,0.15122351,0.009394457,0.0,0.0,1.1284359E-4,0.0031861414,8.8323595E-4,3.6662823E-5,0.0,0.0,1.2979279,0.0,43.277935,0.0065422077,0.037581254,-19.744637,-20.046934,-20.41863,-20.762327,-21.890799,-15.269865,-15.893552,-16.446314,-16.886618,-18.108412,-19.57369,-19.91084,-20.30933,-20.681316,-21.865286,1.1137096,455
120000074,120000092,120000073,120000055,33000000000916,33000000000916,120000000,120000075,-1,0,33,1.9126327,12.049194,2853,16.736618,20.56139,22.629848,29095,1,2,2,-51.25258,140.10706,-69.256676,159,12.049194,0.042135186,110.89871,118.172585,0.44134626,0.13655946,0.009394457,0.44858778,0.8411758,1.1284359E-4,0.0033004228,7.604011E-4,3.6662823E-5,0.0012489947,0.0018767316,1.5126445,0.0,43.277935,0.006352767,0.037581254,-19.925638,-20.18139,-20.517668,-20.831074,-21.880295,-15.461564,-16.06349,-16.604893,-17.037722,-18.25378,-19.779196,-20.062515,-20.42196,-20.760765,-21.859217,0.9461819,486
120000075,120000092,120000074,120000056,32000000001019,32000000001019,120000000,120000076,-1,0,32,2.0700274,11.274603,2853,16.7676,20.483494,22.655972,29093,1,2,2,-42.87042,133.84644,-56.690113,129,11.274603,0.039307635,111.06625,121.6528,0.37391886,0.120280445,0.009394457,0.42982787,0.8246404,1.1283379E-4,0.0028196236,6.4045266E-4,3.6662823E-5,0.0011599512,0.0017097332,1.4581382,0.0,43.30967,0.005357833,0.03639635,-19.941536,-20.159891,-20.469378,-20.766932,-21.782019,-15.662956,-16.227655,-16.749104,-17.17268,-18.393179,-19.777397,-20.02687,-20.362604,-20.688906,-21.75899,0.79880756,369
120000076,120000092,120000075,120000057,31000000000913,31000000000913,120000000,120000077,-1,0,31,2.2394855,10.586078,2853,16.81202,20.42732,22.692842,29093,1,2,2,-42.802193,126.93293,-46.628887,137,10.586078,0.036648802,111.45707,116.727646,0.29163593,0.10537706,0.009394457,0.41689053,0.8304995,1.1282411E-4,0.0023728383,5.273563E-4,3.6662823E-5,0.0010516283,0.0015935499,1.5003288,0.0,43.339672,0.0041011423,0.03484516,-20.022108,-20.199787,-20.483599,-20.771002,-21.76253,-15.9045515,-16.436888,-16.941233,-17.359966,-18.597845,-19.701784,-19.945011,-20.281048,-20.622696,-21.718351,0.64983463,318
120000077,120000092,120000076,120000058,30000000000959,30000000000959,120000000,120000078,-1,0,30,2.422044,9.467224,2853,16.8429,20.35607,22.71625,29093,1,2,2,-48.728127,117.95798,-43.774437,117,9.467224,0.03356377,110.14021,115.39877,0.23732898,0.09085737,0.009394457,0.2877174,0.85158086,1.12815826E-4,0.0020918052,4.063022E-4,3.6662823E-5,7.9876266E-4,0.0014843078,3.8399453,0.005621041,43.16225,0.0043470976,0.030187843,-20.251207,-20.374386,-20.623348,-20.884783,-21.830647,-16.175684,-16.640974,-17.095953,-17.475624,-18.611616,-20.04941,-20.211632,-20.493483,-20.790684,-21.803354,0.5035269,228
120000078,120000086,120000077,120000059,29000000000988,29000000000988,120000000,120000079,120000087,0,29,2.6188614,8.262304,2853,16.876017,20.305683,22.737381,29093,1,2,2,-49.76623,110.02885,-38.545948,106,8.262304,0.030439878,108.04362,109.57394,0.31637222,0.04642648,0.0,0.35892892,0.5231877,0.0,0.0016440597,1.6033344E-4,0.0,4.3746657E-4,4.3316052E-4,2.18523,0.0,43.30903,0.0036208716,0.026491743,-19.749134,-19.823961,-20.041449,-20.278656,-21.177378,99.0,99.0,99.0,99.0,99.0,-19.53594,-19.657297,-19.9117,-20.186659,-21.152052,0.47801724,667
120000079,120000086,120000078,120000060,28000000000956,28000000000956,120000000,120000080,-1,0,28,2.8311827,6.885254,2853,16.91677,20.226273,22.731031,29093,1,2,2,-49.378155,104.81441,-32.724224,98,6.885254,0.02714248,104.44922,102.85509,0.3028647,0.027627006,0.0,0.33395404,0.35917136,0.0,0.001128805,7.7184195E-5,0.0,2.275087E-4,2.4364417E-4,1.3711423,0.0,43.243412,0.0045996597,0.021828033,-19.216719,-19.28429,-19.496075,-19.720303,-20.565895,99.0,99.0,99.0,99.0,99.0,-19.15459,-19.234894,-19.457176,-19.692429,-20.558107,0.5269751,35
120000080,120000086,120000079,120000061,27000000001121,27000000001121,120000000,120000081,-1,0,27,3.060419,5.1639404,2853,16.950727,20.16548,22.757036,29093,1,2,2,-63.394783,92.39134,-40.34969,75,5.1639404,0.023331523,97.56387,97.15709,0.2777589,0.016549863,0.0,0.19202122,0.25706634,0.0,7.4721203E-4,4.1448715E-5,0.0,9.9131175E-5,1.8962528E-4,0.46198452,0.0,42.99018,0.007707025,0.019505728,-18.297823,-18.411255,-18.648972,-18.890524,-19.715584,99.0,99.0,99.0,99.0,99.0,-18.27713,-18.395437,-18.636883,-18.881895,-19.713243,0.62211645,178
120000081,120000086,120000080,120000062,26000000000963,26000000000963,120000000,120000082,-1,0,26,3.3080978,3.9590209,2853,16.999336,20.098454,22.799828,29093,1,2,2,-51.82255,88.22181,-33.10712,77,3.9590209,0.020173347,91.87025,95.968025,0.25606093,0.013054172,0.0,0.031221215,0.24829589,0.0,6.036688E-4,3.251918E-5,0.0,2.6910866E-5,2.003092E-4,0.25896385,0.0,42.02345,0.008064332,0.012800822,-18.008295,-18.132856,-18.373188,-18.611221,-19.408022,99.0,99.0,99.0,99.0,99.0,-18.001364,-18.127205,-18.368654,-18.607925,-19.407068,0.5833312,517
120000082,120000086,120000081,120000063,25000000000860,25000000000860,120000000,120000083,-1,0,25,3.575905,3.442627,2853,17.051308,20.064064,22.83337,29093,1,2,2,-47.07196,86.827354,-27.217928,76,3.442627,0.018164478,90.28248,91.30376,0.18121105,0.011223503,0.0,0.02104394,0.252937,0.0,4.6715108E-4,2.819015E-5,0.0,2.6822283E-5,1.9763292E-4,0.054411504,0.0,41.963226,0.008823748,0.013979574,-17.492128,-17.68228,-17.96075,-18.243916,-19.135382,99.0,99.0,99.0,99.0,99.0,-17.484894,-17.676762,-17.956512,-18.240906,-19.134563,0.49815962,753
120000083,120000086,120000082,120000064,24000000001579,24000000001579,120000000,120000084,-1,0,24,3.8656828,2.065576,2853,17.08,20.01206,22.903189,29093,1,2,2,-35.05795,76.493965,-63.195362,37,2.065576,0.01443271,78.45428,81.05137,0.09061626,0.010865044,0.0,0.0016883638,0.1867398,0.0,4.048399E-4,2.7279255E-5,0.0,1.7832302E-6,1.3783234E-4,0.43776026,0.0,40.135937,0.0025920365,0.004757283,-18.178122,-18.258492,-18.46879,-18.693756,-19.524227,99.0,99.0,99.0,99.0,99.0,-18.065437,-18.171013,-18.401434,-18.645897,-19.511423,0.3547078,617
120000084,120000086,120000083,120000065,23000000001822,23000000001822,120000000,120000085,-1,0,23,4.1794686,1.7213135,2853,17.101744,19.993153,22.935366,29093,1,2,2,-33.760807,72.804665,-64.1711,28,1.7213135,0.012777394,76.1165,87.459885,0.08506631,0.008183874,0.0,0.004584899,0.14492229,0.0,3.2802933E-4,1.5929878E-5,0.0,5.1975558E-6,8.1463775E-5,0.17992108,0.0,41.26862,0.0039591165,0.010409871,-17.62103,-17.748821,-17.985312,-18.242266,-19.073997,99.0,99.0,99.0,99.0,99.0,-17.593536,-17.726757,-17.967796,-18.229567,-19.070314,0.29999167,973
120000085,120000086,120000084,120000066,21000000001764,21000000001764,120000000,120000086,-1,0,21,4.888449,1.7213135,2853,17.134085,19.92103,22.983353,29093,1,2,2,-27.874529,65.749504,-50.992016,22,1.7213135,0.011264379,81.06741,82.74502,0.087233275,0.006215505,0.0,0.0034014247,0.1626481,0.0,2.6384328E-4,9.295008E-6,0.0,2.0886303E-6,5.190487E-5,0.8146301,0.0,40.936527,0.0019107066,0.0053633796,-18.284485,-18.29291,-18.463785,-18.647717,-19.347418,99.0,99.0,99.0,99.0,99.0,-18.207941,-18.230732,-18.413954,-18.611284,-19.33628,0.090708464,441
120000086,120000086,120000085,120000067,20000000001471,20000000001471,120000000,-1,-1,0,20,5.2888336,1.2909851,2853,17.151186,19.889751,23.00323,29093,1,2,2,-26.517702,60.354107,-47.19219,22,1.2909851,0.009591085,76.08459,82.16864,0.096127465,0.0022600465,0.0,0.020158112,0.07621673,0.0,1.09682056E-4,1.2530778E-6,0.0,2.4614105E-6,5.553284E-6,0.5050572,0.0,42.027374,0.0017257697,0.008559967,-17.691002,-17.54961,-17.599089,-17.628756,-17.910395,99.0,99.0,99.0,99.0,99.0,-17.669863,-17.532457,-17.58532,-17.618702,-17.90731,0.029981224,741
120000087,120000092,120000077,120000059,29000000000988,29000000000988,120000000,120000088,-1,2,29,2.6188614,8.262304,2853,16.846476,20.256817,22.79202,29093,1,2,2,-42.94416,96.85795,-94.921684,21,1.2909851,0.011609033,69.15643,69.81983,0.021941919,0.009343095,0.0,0.0,0.0,0.0,2.2397484E-4,3.6135578E-5,0.0,0.0,0.0,0.015875643,0.0,40.911583,0.001612009,0.0053094593,-16.454092,-16.812796,-17.196756,-17.53036,-18.566938,99.0,99.0,99.0,99.0,99.0,-16.348848,-16.72794,-17.128754,-17.481068,-18.552582,0.8870433,297
120000088,120000092,120000087,120000060,28000000000956,28000000000956,120000000,120000089,-1,2,28,2.8311827,6.885254,2853,16.88939,20.211102,22.826088,29093,1,2,2,-93.07877,54.57475,-29.468931,21,1.2909851,0.011609033,69.15643,69.81983,0.022917133,0.009206519,0.0,0.0,0.0,0.0,2.265898E-4,3.476463E-5,0.0,0.0,0.0,0.03515081,0.0,40.911583,0.001612009,0.0053094593,-16.738457,-17.018442,-17.354645,-17.6661,-18.666922,99.0,99.0,99.0,99.0,99.0,-16.632242,-16.931772,-17.284819,-17.615374,-18.652105,0.6917082,205
120000089,120000092,120000088,120000061,27000000001121,27000000001121,120000000,120000090,-1,2,27,3.060419,5.1639404,2853,16.94795,20.190708,22.816414,29093,1,2,2,-109.29824,22.39493,61.313286,21,1.2909851,0.011609033,69.15643,69.81983,0.024944816,0.008922543,0.0,0.0,0.0,0.0,2.3107433E-4,3.2051346E-5,0.0,0.0,0.0,0.07401172,0.0,40.911583,0.001612009,0.0053094593,-17.068024,-17.271648,-17.561436,-17.851168,-18.810984,99.0,99.0,99.0,99.0,99.0,-16.918903,-17.159142,-17.47485,-17.790325,-18.794056,0.5160852,778
120000090,120000092,120000089,120000062,26000000000963,26000000000963,120000000,120000091,-1,2,26,3.3080978,3.9590209,2853,17.013475,20.169373,22.773005,29093,1,2,2,-115.46369,46.9792,82.9468,21,1.2909851,0.011609033,69.15643,69.81983,0.028943578,0.00836252,0.0,0.0,0.0,0.0,2.3648325E-4,2.7193108E-5,0.0,0.0,0.0,0.14840503,0.0,40.911583,0.001612009,0.0053094593,-17.402912,-17.542248,-17.792133,-18.061323,-18.975454,99.0,99.0,99.0,99.0,99.0,-17.290657,-17.452906,-17.721298,-18.01056,-18.960947,0.36198324,616
120000091,120000092,120000090,120000063,25000000000860,25000000000860,120000000,120000092,-1,2,25,3.575905,3.442627,2853,17.065529,20.14604,22.737988,29093,1,2,2,-78.29616,38.78811,43.77409,21,1.2909851,0.011609033,69.15643,69.81983,0.036434557,0.007313416,0.0,0.0,0.0,0.0,2.3613391E-4,1.9587162E-5,0.0,0.0,0.0,0.40781868,0.0,40.911583,0.001612009,0.0053094593,-17.727442,-17.852758,-18.095205,-18.358982,-19.220476,99.0,99.0,99.0,99.0,99.0,-17.624079,-17.767414,-18.025394,-18.306911,-19.20338,0.23047405,646
120000092,120000092,120000091,120000068,23000000002510,23000000002510,120000000,-1,-1,0,23,4.1794686,1.2909851,2853,17.132704,20.063206,22.70921,29093,1,2,2,-69.3128,90.36939,31.146353,21,1.2909851,0.011609033,69.15643,69.81983,0.07345348,0.0021289443,0.0,0.0057881316,0.08941291,0.0,1.0131742E-4,1.448787E-6,0.0,9.289608E-7,8.3545365E-6,0.3747108,0.0,40.911583,0.001612009,0.0053094593,-17.913486,-17.843504,-17.921537,-17.996065,-18.291908,99.0,99.0,99.0,99.0,99.0,-17.893755,-17.827106,-17.908207,-17.985945,-18.288496,0.039895542,936
120000093,120000110,-1,120000000,63000000000585,63000000000585,120000000,120000094,-1,2,63,0.0,73.41402,2854,16.864569,22.601612,21.949862,29107,1,2,2,66.21734,137.02666,-68.09977,20,1.1188537,0.029790876,40.18972,40.94311,0.042424534,0.0,0.0,0.0,0.0,0.0,0.0,0.0,0.0,0.0,0.0,0.0,0.0,39.794647,0.008338932,0.010661492,99.0,99.0,99.0,99.0,99.0,99.0,99.0,99.0,99.0,99.0,99.0,99.0,99.0,99.0,99.0,0.0,135
120000094,120000110,120000093,120000001,62000000000587,62000000000587,120000000,120000095,-1,2,62,0.019932542,72.725494,2854,16.851591,22.57432,21.964073,29107,1,2,2,65.014015,138.1956,-73.66283,20,1.1188537,0.029790876,40.18972,40.94311,0.042424534,0.0,0.0,0.0,0.0,0.0,0.0,0.0,0.0,0.0,0.0,0.0,0.0,39.794647,0.008338932,0.010661492,99.0,99.0,99.0,99.0,99.0,99.0,99.0,99.0,99.0,99.0,99.0,99.0,99.0,99.0,99.0,0.0,665
120000095,120000110,120000094,120000002,61000000000598,61000000000598,120000000,120000096,-1,2,61,0.041403063,73.069756,2854,16.837921,22.545164,21.980577,29107,1,2,2,64.14068,137.42134,-81.28362,20,1.1188537,0.029790876,40.18972,40.94311,0.042424534,0.0,0.0,0.0,0.0,0.0,0.0,0.0,0.0,0.0,0.0,0.0,0.0,39.794647,0.008338932,0.010661492,99.0,99.0,99.0,99.0,99.0,99.0,99.0,99.0,99.0,99.0,99.0,99.0,99.0,99.0,99.0,0.0,811
120000096,120000110,120000095,120000003,60000000000607,60000000000607,120000000,120000097,-1,2,60,0.064493395,73.32795,2854,16.823824,22.514246,21.99986,29107,1,2,2,59.590893,135.53685,-88.5087,20,1.1188537,0.029790876,40.18972,40.94311,0.042424534,0.0,0.0,0.0,0.0,0.0,0.0,0.0,0.0,0.0,0.0,0.0,0.0,39.794647,0.008338932,0.010661492,99.0,99.0,99.0,99.0,99.0,99.0,99.0,99.0,99.0,99.0,99.0,99.0,99.0,99.0,99.0,0.0,455
120000097,120000110,120000096,120000004,59000000000565,59000000000565,120000000,120000098,-1,2,59,0.08928783,72.295166,2854,16.809977,22.482597,22.021967,29107,1,2,2,56.250755,131.11609,-92.37703,20,1.1188537,0.029790876,40.18972,40.94311,0.042424534,0.0,0.0,0.0,0.0,0.0,0.0,0.0,0.0,0.0,0.0,0.0,0.0,39.794647,0.008338932,0.010661492,99.0,99.0,99.0,99.0,99.0,99.0,99.0,99.0,99.0,99.0,99.0,99.0,99.0,99.0,99.0,0.0,83
120000098,120000110,120000097,120000005,58000000000541,58000000000541,120000000,120000099,-1,2,58,0.11588337,69.97139,2854,16.795149,22.4473,22.045008,29105,1,2,2,60.004368,147.04544,-88.00843,20,1.1188537,0.029790876,40.18972,40.94311,0.042424534,0.0,0.0,0.0,0.0,0.0,0.0,0.0,0.0,0.0,0.0,0.0,0.0,39.794647,0.008338932,0.010661492,99.0,99.0,99.0,99.0,99.0,99.0,99.0,99.0,99.0,99.0,99.0,99.0,99.0,99.0,99.0,0.0,45
120000099,120000110,120000098,120000006,57000000000555,57000000000555,120000000,120000100,-1,2,57,0.14438343,66.442696,2854,16.777487,22.40482,22.068762,29105,1,2,2,73.499664,167.17992,-91.005615,20,1.1188537,0.029790876,40.18972,40.94311,0.042424534,0.0,0.0,0.0,0.0,0.0,0.0,0.0,0.0,0.0,0.0,0.0,0.0,39.794647,0.008338932,0.010661492,99.0,99.0,99.0,99.0,99.0,99.0,99.0,99.0,99.0,99.0,99.0,99.0,99.0,99.0,99.0,0.0,599
120000100,120000110,120000099,120000007,56000000000531,56000000000531,120000000,120000101,-1,2,56,0.17489761,62.483677,2854,16.75409,22.354969,22.096535,29105,1,2,2,89.30839,180.815,-103.42634,20,1.1188537,0.029790876,40.18972,40.94311,0.042424534,0.0,0.0,0.0,0.0,0.0,0.0,0.0,0.0,0.0,0.0,0.0,0.0,39.794647,0.008338932,0.010661492,99.0,99.0,99.0,99.0,99.0,99.0,99.0,99.0,99.0,99.0,99.0,99.0,99.0,99.0,99.0,0.0,433
120000101,120000110,120000100,120000008,55000000000522,55000000000522,120000000,120000102,-1,2,55,0.20754863,61.62302,2854,16.724524,22.298435,22.130707,29105,1,2,2,104.88275,195.80402,-123.80305,20,1.1188537,0.029790876,40.18972,40.94311,0.042424534,0.0,0.0,0.0,0.0,0.0,0.0,0.0,0.0,0.0,0.0,0.0,0.0,39.794647,0.008338932,0.010661492,99.0,99.0,99.0,99.0,99.0,99.0,99.0,99.0,99.0,99.0,99.0,99.0,99.0,99.0,99.0,0.0,430
120000102,120000110,120000101,120000009,54000000000493,54000000000493,120000000,120000103,-1,2,54,0.24246909,63.946793,2854,16.689451,22.230272,22.173927,29105,1,2,2,110.57252,230.26039,-142.76741,20,1.1188537,0.029790876,40.18972,40.94311,0.042424534,0.0,0.0,0.0,0.0,0.0,0.0,0.0,0.0,0.0,0.0,0.0,0.0,39.794647,0.008338932,0.010661492,99.0,99.0,99.0,99.0,99.0,99.0,99.0,99.0,99.0,99.0,99.0,99.0,99.0,99.0,99.0,0.0,759
120000103,120000110,120000102,120000010,53000000000503,53000000000503,120000000,120000104,-1,2,53,0.2798018,64.29105,2854,16.656181,22.149729,22.219,29105,1,2,2,95.17147,261.8919,-129.29747,20,1.1188537,0.029790876,40.18972,40.94311,0.042424534,0.0,0.0,0.0,0.0,0.0,0.0,0.0,0.0,0.0,0.0,0.0,0.0,39.794647,0.008338932,0.010661492,99.0,99.0,99.0,99.0,99.0,99.0,99.0,99.0,99.0,99.0,99.0,99.0,99.0,99.0,99.0,0.0,266
120000104,120000110,120000103,120000011,52000000000483,52000000000483,120000000,120000105,-1,2,52,0.31970343,65.40991,2854,16.62492,22.049103,22.263157,29105,1,2,2,80.63539,316.87744,-121.04692,20,1.1188537,0.029790876,40.18972,40.94311,0.042424534,0.0,0.0,0.0,0.0,0.0,0.0,0.0,0.0,0.0,0.0,0.0,0.0,39.794647,0.008338932,0.010661492,99.0,99.0,99.0,99.0,99.0,99.0,99.0,99.0,99.0,99.0,99.0,99.0,99.0,99.0,99.0,0.0,153
120000105,120000110,120000104,120000012,51000000000504,51000000000504,120000000,120000106,-1,2,51,0.36234027,64.549255,2854,16.599707,21.921097,22.304173,29104,1,2,2,52.960716,379.58618,-104.15533,20,1.1188537,0.029790876,40.18972,40.94311,0.042424534,0.0,0.0,0.0,0.0,0.0,0.0,0.0,0.0,0.0,0.0,0.0,0.0,39.794647,0.008338932,0.010661492,99.0,99.0,99.0,99.0,99.0,99.0,99.0,99.0,99.0,99.0,99.0,99.0,99.0,99.0,99.0,0.0,749
120000106,120000110,120000105,120000013,50000000000582,50000000000582,120000000,120000107,-1,2,50,0.40789944,62.397614,2854,16.591703,21.765303,22.334972,29104,1,2,2,-14.856116,424.08234,-51.92871,20,1.1188537,0.029790876,40.18972,40.94311,0.042424534,0.0,0.0,0.0,0.0,0.0,0.0,0.0,0.0,0.0,0.0,0.0,0.0,39.794647,0.008338932,0.010661492,99.0,99.0,99.0,99.0,99.0,99.0,99.0,99.0,99.0,99.0,99.0,99.0,99.0,99.0,99.0,0.0,275
120000107,120000110,120000106,120000014,49000000000543,49000000000543,120000000,120000108,-1,2,49,0.45657724,60.6763,2854,16.608305,21.600054,22.342033,29105,1,2,2,-57.68133,396.7602,9.659681,20,1.1188537,0.029790876,40.18972,40.94311,0.042424534,0.0,0.0,0.0,0.0,0.0,0.0,0.0,0.0,0.0,0.0,0.0,0.0,39.794647,0.008338932,0.010661492,99.0,99.0,99.0,99.0,99.0,99.0,99.0,99.0,99.0,99.0,99.0,99.0,99.0,99.0,99.0,0.0,998
120000108,120000110,120000107,120000015,48000000000516,48000000000516,120000000,120000109,-1,2,48,0.5085914,57.491867,2853,16.639904,21.44198,22.330782,29091,1,2,2,-87.54986,356.7544,44.524693,20,1.1188537,0.029790876,40.18972,40.94311,0.042424534,0.0,0.0,0.0,0.0,0.0,0.0,0.0,0.0,0.0,0.0,0.0,0.0,39.794647,0.008338932,0.010661492,99.0,99.0,99.0,99.0,99.0,99.0,99.0,99.0,99.0,99.0,99.0,99.0,99.0,99.0,99.0,0.0,48
120000109,120000110,120000108,120000069,46000000004382,46000000004382,120000000,120000110,-1,0,46,0.6235901,1.1188537,2853,16.700418,21.156546,22.285465,29091,1,2,2,-55.867706,287.52222,52.70227,20,1.1188537,0.029790876,40.18972,40.94311,0.042424534,0.0,0.0,0.0049623493,0.0,0.0,0.0,0.0,0.0,0.0,0.0,0.0,0.0,39.794647,0.008338932,0.010661492,99.0,99.0,99.0,99.0,99.0,99.0,99.0,99.0,99.0,99.0,99.0,99.0,99.0,99.0,99.0,0.0,814
120000110,120000110,120000109,120000070,45000000004415,45000000004415,120000000,-1,-1,0,45,0.6871088,1.1188537,2853,16.727524,21.029207,22.274187,29091,1,2,2,-52.963703,275.19067,56.428234,20,1.1188537,0.029110799,40.65646,43.052948,0.041509904,0.0,0.0,0.007270269,0.0,0.0,0.0,0.0,0.0,0.0,0.0,0.0,0.0,39.811977,0.0069212965,0.010655574,99.0,99.0,99.0,99.0,99.0,99.0,99.0,99.0,99.0,99.0,99.0,99.0,99.0,99.0,99.0,0.0,837
120000111,120000114,-1,120000000,63000000000585,63000000000585,120000000,120000112,-1,2,63,0.0,73.41402,2854,16.53874,22.27034,22.203257,29104,1,2,2,38.985245,132.79323,-111.503075,20,1.8073791,0.041968036,43.036335,54.54881,0.043165274,0.0036785037,0.0,0.0,0.0,0.0,1.5081905E-4,5.8134824E-6,0.0,0.0,0.0,0.06402489,0.0,0.0,0.003506017,0.041968036,-16.401163,-16.556562,-16.810755,-17.06778,-17.885923,99.0,99.0,99.0,99.0,99.0,-16.378695,-16.53904,-16.797096,-17.057922,-17.88308,0.5361562,665
120000112,120000114,120000111,120000001,62000000000587,62000000000587,120000000,120000113,-1,2,62,0.019932542,72.725494,2854,16.53035,22.243334,22.22635,29104,1,2,2,44.834023,142.17024,-119.19617,20,1.8073791,0.041968036,43.036335,54.54881,0.048176393,0.0029767014,0.0,0.0,0.0,0.0,1.2940254E-4,3.664346E-6,0.0,0.0,0.0,0.08682775,0.0,0.0,0.003506017,0.041968036,-16.487654,-16.591024,-16.809633,-17.043077,-17.798876,99.0,99.0,99.0,99.0,99.0,-16.475128,-16.58096,-16.80162,-17.037273,-17.797174,0.36654678,782
120000113,120000114,120000112,120000002,61000000000598,61000000000598,120000000,120000114,-1,2,61,0.041403063,73.069756,2854,16.521835,22.212091,22.252155,29104,1,2,2,35.04571,151.34937,-128.49219,20,1.8073791,0.041968036,43.036335,54.54881,0.05529275,0.0019800602,0.0,0.0,0.0,0.0,9.250554E-5,1.5290984E-6,0.0,0.0,0.0,0.119396105,0.0,0.0,0.003506017,0.041968036,-16.460762,-16.498129,-16.67726,-16.87621,-17.525642,99.0,99.0,99.0,99.0,99.0,-16.445728,-16.486576,-16.668327,-16.869837,-17.523727,0.20217973,305
120000114,120000114,120000113,120000071,60000000003166,60000000003166,120000000,-1,-1,0,60,0.064493395,1.8073791,2854,16.515032,22.177887,22.301228,29104,1,2,2,11.034274,137.5654,-149.55644,20,1.8073791,0.041968036,43.036335,54.54881,0.06550397,5.499859E-4,0.0,0.0,0.033133272,0.0,2.8014027E-5,9.688578E-8,0.0,2.646978E-23,8.357115E-7,0.044159524,0.0,0.0,0.003506017,0.041968036,-15.79681,-15.633935,-15.650626,-15.648893,-15.742018,99.0,99.0,99.0,99.0,99.0,-15.795658,-15.633015,-15.649891,-15.648359,-15.741849,0.04563419,56
120000115,120000166,-1,120000000,63000000000585,63000000000585,120000000,120000116,-1,2,63,0.0,73.41402,2854,16.729765,22.4026,22.184801,29105,1,2,2,45.559948,355.82114,146.28311,25,2.1516426,0.0444794,45.611626,72.036026,0.013563813,0.13372734,0.017211579,0.0,0.0,1.14654526E-4,4.0268758E-4,8.905965E-4,7.3030555E-5,0.0,0.0,0.0,0.0,0.0,0.0034828032,0.039279025,-16.694246,-17.48976,-18.161243,-18.714497,-20.100687,-14.333964,-15.11694,-15.784532,-16.323105,-17.634811,-16.462229,-17.29619,-18.003138,-18.598108,-20.065723,8.300401,211
120000116,120000166,120000115,120000001,62000000000587,62000000000587,120000000,120000117,-1,2,62,0.019932542,72.725494,2854,16.721926,22.341711,22.145601,29105,1,2,2,6.3467617,228.00452,198.63144,25,2.1516426,0.0444794,45.611626,72.036026,0.013563813,0.13372734,0.017211579,0.0,0.0,1.14654526E-4,4.0268758E-4,8.905965E-4,7.3030555E-5,0.0,0.0,0.0,0.0,0.0,0.0034828032,0.039279025,-16.746403,-17.5348,-18.20154,-18.750982,-20.136637,-14.360198,-15.141307,-15.807445,-16.344797,-17.655304,-16.513601,-17.340725,-18.043095,-18.634388,-20.101616,8.03696,203
120000117,120000166,120000116,120000002,61000000000598,61000000000598,120000000,120000118,-1,2,61,0.041403063,73.069756,2854,16.728453,22.30603,22.114267,29105,1,2,2,-64.966774,130.02611,105.33069,25,2.1516426,0.0444794,45.611626,72.036026,0.013563813,0.13372734,0.017211579,0.0,0.0,1.14654526E-4,4.0268758E-4,8.905965E-4,7.3030555E-5,0.0,0.0,0.0,0.0,0.0,0.0034828032,0.039279025,-16.814463,-17.589247,-18.248362,-18.792856,-20.177534,-14.388287,-15.167306,-15.831783,-16.367779,-17.676659,-16.580488,-17.394491,-18.089483,-18.676,-20.142443,7.761108,549
120000118,120000166,120000117,120000072,60000000000608,60000000000607,120000000,120000119,-1,1,60,0.064493395,73.32795,2854,16.740786,22.28142,22.093218,29105,1,2,2,-38.437782,98.58953,96.030945,25,2.1516426,0.0444794,45.611626,72.036026,0.013563813,0.13372734,0.017211579,0.0,0.0,1.14654526E-4,4.0268758E-4,8.905965E-4,7.3030555E-5,0.0,0.0,0.0,0.0,0.0,0.0034828032,0.039279025,-16.915022,-17.66007,-18.304777,-18.841717,-20.220545,-14.418323,-15.194977,-15.857596,-16.39206,-17.699152,-16.679077,-17.464315,-18.145323,-18.724531,-20.185379,7.4732604,642
120000119,120000166,120000118,120000073,59000000000567,59000000000565,120000000,120000120,-1,1,59,0.08928783,72.295166,2854,16.749594,22.262249,22.074934,29105,1,2,2,-22.533726,99.27301,57.293785,34,2.9262338,0.048947774,50.70584,69.107796,0.013563813,0.13372734,0.017211579,0.0,0.0,1.14654526E-4,4.0268758E-4,8.905965E-4,7.3030555E-5,0.0,0.0,0.08121589,0.0,0.0,0.0011239211,0.039279025,-17.180136,-17.815454,-18.421034,-18.943964,-20.310316,-14.450982,-15.225024,-15.885641,-16.4185,-17.723982,-15.720942,-16.53993,-17.309134,-18.047628,-19.985954,7.1739388,199
120000120,120000166,120000119,120000074,58000000000543,58000000000541,120000000,120000121,-1,1,58,0.11588337,69.97139,2854,16.751966,22.24107,22.058643,29105,1,2,2,-14.847986,105.58877,22.511354,45,3.8729565,0.053342808,55.87961,66.738235,0.021050258,0.13267888,0.017211579,0.0,0.0,1.14654526E-4,5.5732386E-4,8.6136954E-4,7.3030555E-5,0.0,0.0,0.102159254,0.0,0.0,0.0015253795,0.039279025,-17.220823,-17.84044,-18.442692,-18.963617,-20.322535,-14.4876585,-15.259181,-15.9179735,-16.449461,-17.754137,-15.988087,-16.787563,-17.543629,-18.257303,-20.078974,6.9188867,873
120000121,120000166,120000120,120000075,57000000000557,57000000000555,120000000,120000122,-1,1,57,0.14438343,66.442696,2854,16.756935,22.209385,22.05738,29105,1,2,2,-12.856244,109.17139,0.59346783,55,4.7336135,0.05656768,59.99046,72.56738,0.030780919,0.1313161,0.017211579,0.0,0.0,1.14654526E-4,7.2935136E-4,8.2740554E-4,7.3030555E-5,0.0,0.0,0.04905611,0.0,0.0,0.0023461932,0.039279025,-17.061306,-17.75417,-18.384598,-18.913944,-20.273745,-14.528698,-15.2976885,-15.954801,-16.484802,-17.789389,-16.361078,-17.174566,-17.90388,-18.549337,-20.153578,6.6681433,445
120000122,120000166,120000121,120000076,56000000000533,56000000000531,120000000,120000123,-1,1,56,0.17489761,62.483677,2854,16.762682,22.175444,22.059683,29105,1,2,2,-6.620109,115.092445,-17.718315,47,4.045088,0.053199194,57.184906,81.65665,0.035594024,0.130642,0.017211579,0.0,0.0,1.14654526E-4,8.0538355E-4,8.11821E-4,7.3030555E-5,0.0,0.0,0.0,0.0,0.0,0.0032894074,0.039279025,-16.92666,-17.698088,-18.351524,-18.885881,-20.24761,-14.570653,-15.336475,-15.991457,-16.519642,-17.824026,-16.51281,-17.349756,-18.06475,-18.672905,-20.182571,6.3713574,850
120000123,120000166,120000122,120000077,55000000000524,55000000000522,120000000,120000124,-1,1,55,0.20754863,61.62302,2854,16.766886,22.144209,22.069702,29105,1,2,2,-2.8941824,115.39714,-26.41021,35,3.0122995,0.04774619,52.08944,79.19679,0.035594024,0.130642,0.017211579,0.0,0.0,1.14654526E-4,8.0538355E-4,8.11821E-4,7.3030555E-5,0.0,0.0,0.0,0.0,0.0,0.0039038982,0.039279025,-16.99517,-17.756382,-18.40242,-18.929876,-20.284986,-14.616263,-15.378835,-16.031616,-16.558033,-17.862963,-16.690525,-17.501766,-18.194063,-18.776184,-20.238615,6.032202,418
120000124,120000166,120000123,120000078,54000000000495,54000000000493,120000000,120000125,-1,1,54,0.24246909,63.946793,2854,16.768038,22.103365,22.072758,29105,1,2,2,-4.9475408,106.57677,-32.953487,39,3.3565624,0.048966695,54.295887,79.23991,0.035594024,0.130642,0.017211579,0.0,0.0,1.14654526E-4,8.0538355E-4,8.11821E-4,7.3030555E-5,0.0,0.0,0.0,0.0,0.0,0.004647223,0.039279025,-17.076967,-17.82009,-18.455206,-18.974825,-20.324118,-14.66437,-15.423402,-16.073746,-16.59817,-17.903574,-16.855955,-17.636494,-18.305687,-18.86509,-20.291296,5.6849103,904
120000125,120000166,120000124,120000079,53000000000505,53000000000503,120000000,120000126,-1,1,53,0.2798018,64.29105,2854,16.767836,22.075642,22.080252,29105,1,2,2,6.3339915,94.45128,-52.47152,53,4.561482,0.053598616,60.49872,72.716385,0.035594024,0.130642,0.017211579,0.0,0.0,1.14654526E-4,8.0538355E-4,8.11821E-4,7.3030555E-5,0.0,0.0,0.03668297,0.0,0.0,0.0027779227,0.039279025,-17.2487,-17.93837,-18.553696,-19.06422,-20.407747,-14.713554,-15.46797,-16.114735,-16.635727,-17.938622,-16.677998,-17.45971,-18.158484,-18.768784,-20.316076,5.3303423,932
120000126,120000166,120000125,120000080,52000000000485,52000000000483,120000000,120000127,-1,1,52,0.31970343,65.40991,2854,16.767294,22.042608,22.101805,29105,1,2,2,25.453655,99.15474,-73.29671,71,6.110665,0.058323987,67.12598,73.52481,0.039527714,0.13009104,0.017211579,0.0,0.0,1.14654526E-4,8.6390885E-4,7.995828E-4,7.3030555E-5,0.0,0.0,0.022546658,0.0,0.0,0.0029358699,0.039279025,-17.286148,-17.985598,-18.60077,-19.108198,-20.450163,-14.765018,-15.51387,-16.155874,-16.671791,-17.96908,-16.780577,-17.564373,-18.254028,-18.849396,-20.369287,4.991135,679
120000127,120000166,120000126,120000081,51000000000506,51000000000504,120000000,120000128,-1,1,51,0.36234027,64.549255,2854,16.747055,22.006031,22.134008,29105,1,2,2,36.99351,109.318886,-95.5239,60,5.163942,0.054365754,63.914288,83.03169,0.041981313,0.1297474,0.017211579,0.0,0.0,1.14654526E-4,8.9891977E-4,7.921536E-4,7.3030555E-5,0.0,0.0,0.0530102,0.0,0.0,0.0030102106,0.039279025,-17.431883,-18.099857,-18.702776,-19.203943,-20.54608,-14.817486,-15.559501,-16.195505,-16.704887,-17.993792,-16.910353,-17.668154,-18.347742,-18.938576,-20.462524,4.6375356,340
120000128,120000166,120000127,120000082,50000000000583,50000000000582,120000000,120000129,-1,1,50,0.40789944,62.397614,2854,16.73758,21.955786,22.190758,29105,1,2,2,50.675934,125.978165,-116.79948,60,5.163942,0.053532343,64.40988,78.21034,0.047818206,0.12892994,0.017211579,0.0,0.0,1.14654526E-4,9.781271E-4,7.7507005E-4,7.3030555E-5,0.0,0.0,0.0,0.0,0.0,0.004894645,0.039279025,-17.444925,-18.148268,-18.756155,-19.253391,-20.590374,-14.871113,-15.604946,-16.234236,-16.736555,-18.017118,-17.210537,-17.953787,-18.597818,-19.137163,-20.555584,4.2950225,868
120000129,120000166,120000128,120000083,49000000000544,49000000000543,120000000,120000130,-1,1,49,0.45657724,60.6763,2854,16.711174,21.898745,22.245956,29105,1,2,2,59.20936,157.21605,-138.43076,59,5.077876,0.052345693,64.59078,75.59688,0.047818206,0.12892994,0.017211579,0.0,0.0,1.14654526E-4,9.781271E-4,7.7507005E-4,7.3030555E-5,0.0,0.0,0.06308231,0.0,0.0,0.0033074764,0.039279025,-17.728403,-18.350924,-18.923643,-19.40141,-20.720303,-14.928884,-15.654455,-16.277283,-16.773653,-18.048893,-17.213158,-17.927423,-18.575565,-19.140175,-20.634796,3.921228,98
120000130,120000166,120000129,120000084,48000000000517,48000000000516,120000000,120000131,-1,1,48,0.5085914,57.491867,2854,16.683884,21.829964,22.304283,29105,1,2,2,66.06856,203.4596,-150.2896,63,5.422139,0.052534528,66.62434,85.048225,0.05486231,0.12794343,0.017211579,0.0,0.0,1.14654526E-4,0.0010667845,7.5542607E-4,7.3030555E-5,0.0,0.0,0.2308406,0.0,0.0,0.002782118,0.039279025,-18.03506,-18.567219,-19.103569,-19.562683,-20.859951,-14.99505,-15.71423,-16.332384,-16.825462,-18.101965,-17.33932,-17.993021,-18.630234,-19.20668,-20.745846,3.5740118,21
120000131,120000166,120000130,120000085,47000000000543,47000000000542,120000000,120000132,-1,1,47,0.5641766,62.569744,2854,16.649544,21.73297,22.35045,29105,1,2,2,62.70956,249.38716,-136.29254,67,5.766402,0.052572463,68.68205,83.14995,0.08069662,0.12432537,0.017211579,0.0,0.0,1.14654526E-4,0.0013412213,6.9077546E-4,7.3030555E-5,0.0,0.0,0.1563226,0.0,0.0,0.0043517454,0.039279025,-17.99277,-18.550953,-19.092808,-19.548445,-20.83462,-15.071062,-15.78498,-16.399239,-16.889742,-18.16971,-17.652142,-18.274683,-18.868534,-19.38275,-20.783276,3.2951078,523
120000132,120000166,120000131,120000086,46000000000540,46000000000539,120000000,120000133,-1,1,46,0.6235901,57.664,2854,16.621536,21.613684,22.415035,29105,1,2,2,53.12529,291.38776,-94.598495,66,5.680336,0.0512016,69.0741,83.241196,0.09817343,0.12187775,0.017211579,0.0,0.0,1.14654526E-4,0.0014903398,6.520043E-4,7.3030555E-5,0.0,0.0,0.11035181,0.0,0.0,0.005683681,0.039279025,-18.037281,-18.608307,-19.149231,-19.599632,-20.878284,-15.162388,-15.872518,-16.484024,-16.973501,-18.259747,-17.794998,-18.411123,-18.989656,-19.4826,-20.842913,2.9808712,62
120000133,120000166,120000132,120000087,45000000000553,45000000000552,120000000,120000134,-1,1,45,0.6871088,51.983665,2853,16.610102,21.467758,22.442436,29091,1,2,2,30.966578,309.49454,-42.185066,71,6.110665,0.051265575,71.59806,84.78368,0.11045675,0.12015749,0.017211579,0.0,0.0,1.14654526E-4,0.0015810316,6.266877E-4,7.3030555E-5,0.0,0.0,0.14139529,0.0,0.0,0.005893542,0.039279025,-18.235065,-18.76856,-19.287083,-19.721975,-20.97958,-15.269981,-15.976173,-16.58392,-17.070736,-18.357248,-18.013847,-18.588928,-19.142012,-19.61578,-20.947582,2.646033,595
120000134,120000166,120000133,120000088,44000000000527,44000000000526,120000000,120000135,-1,1,44,0.75503564,50.95088,2853,16.587908,21.316628,22.434404,29090,1,2,2,20.83174,308.38654,3.5443962,73,6.282796,0.050472897,73.16735,86.42333,0.1260737,0.11797036,0.017211579,0.0,0.0,1.14654526E-4,0.0016819686,5.965224E-4,7.3030555E-5,0.0,0.0,0.22972327,0.0,0.0,0.005731616,0.039279025,-18.53586,-19.022512,-19.514513,-19.934948,-21.178806,-15.386825,-16.085283,-16.685106,-17.1634,-18.444065,-18.295605,-18.829102,-19.358477,-19.820293,-21.143562,2.3196628,880
120000135,120000166,120000134,120000089,43000000000524,43000000000523,120000000,120000136,-1,1,43,0.8276991,49.487762,2853,16.560692,21.162268,22.420685,29090,1,2,2,6.6390257,289.0239,34.081882,79,6.7991905,0.05045674,76.127045,81.059456,0.15116322,0.1144566,0.017211579,0.0,0.0,1.14654526E-4,0.00181513,5.5217644E-4,7.3030555E-5,0.0,0.0,0.24555683,0.0,0.0,0.006572961,0.039279025,-18.710238,-19.13562,-19.582836,-19.97346,-21.151266,-15.5328,-16.222454,-16.814394,-17.28472,-18.562304,-18.523264,-18.984715,-19.461527,-19.884853,-21.12458,2.0172343,340
120000136,120000166,120000135,120000090,42000000000486,42000000000485,120000000,120000137,-1,1,42,0.9054624,46.819725,2853,16.57007,21.019516,22.404203,29090,1,2,2,1.8939949,273.42688,51.51178,74,6.3688617,0.047981545,75.5551,87.04976,0.17759205,0.110755265,0.017211579,0.0,0.0,1.14654526E-4,0.0019221712,5.1009265E-4,7.3030555E-5,0.0,0.0,0.2626198,0.0,0.0,0.007451186,0.039279025,-19.030193,-19.371643,-19.764761,-20.128523,-21.259428,-15.6922,-16.360027,-16.937828,-17.39787,-18.664463,-18.879313,-19.250027,-19.667212,-20.057362,-21.237982,1.7159566,94
120000137,120000166,120000136,120000091,41000000000500,41000000000499,120000000,120000138,-1,1,41,0.98870814,44.495953,2853,16.56843,20.884043,22.385166,29090,1,2,2,-0.8123778,247.73708,66.70019,82,7.0573874,0.048165314,79.3825,80.1438,0.20534605,0.10686835,0.017211579,0.0,0.0,1.14654526E-4,0.0020033563,4.7025172E-4,7.3030555E-5,0.0,0.0,2.5811267,0.003263998,0.0,0.010963446,0.039279025,-19.854681,-20.029037,-20.309933,-20.587555,-21.53358,-15.884617,-16.513172,-17.068718,-17.514507,-18.76584,-19.784508,-19.971945,-20.26412,-20.5543,-21.523752,1.415847,773
120000138,120000154,120000137,120000092,40000000001665,40000000001665,120000000,120000139,120000155,0,40,1.0778745,4.217218,2853,16.556786,20.73412,22.350595,29090,1,2,2,-3.3600917,232.37054,72.60922,83,4.217218,0.039279025,67.952065,77.79061,0.43531987,0.0523193,0.0,0.0,0.5267718,0.0,0.0018847306,1.9313105E-4,0.0,0.0,9.752407E-4,0.35916284,0.0,0.0,0.015059034,0.039279025,-18.4992,-18.781015,-19.138351,-19.47226,-20.50075,99.0,99.0,99.0,99.0,99.0,-18.465439,-18.754992,-19.117966,-19.457363,-20.496027,1.6891614,394
120000139,120000154,120000138,120000093,39000000001554,39000000001554,120000000,120000140,-1,0,39,1.173417,4.4754148,2853,16.550596,20.604094,22.304712,29090,1,2,2,-5.4581866,218.06598,79.138626,86,4.4754148,0.03871599,70.50849,71.97945,0.4715381,0.047246978,0.0,0.0,0.49489343,0.0,0.0017641631,1.727566E-4,0.0,0.0,8.4149017E-4,0.4745497,0.0,0.0,0.014017751,0.03871599,-18.663877,-18.889217,-19.206846,-19.518047,-20.4964,99.0,99.0,99.0,99.0,99.0,-18.639416,-18.869661,-19.19127,-19.506702,-20.492973,1.5124588,455
120000140,120000154,120000139,120000094,38000000001564,38000000001564,120000000,120000141,-1,0,38,1.2758462,7.2295165,2853,16.578215,20.501686,22.263897,29088,1,2,2,-6.8065786,206.01595,79.0577,88,7.2295165,0.043812975,84.240944,88.292534,0.51803744,0.0407348,0.0,0.0,0.45343423,0.0,0.001579622,1.5079402E-4,0.0,0.0,6.9007115E-4,1.0442721,0.0,0.0,0.010068302,0.043812975,-18.99475,-19.138412,-19.40387,-19.67731,-20.581944,99.0,99.0,99.0,99.0,99.0,-18.96082,-19.110733,-19.381609,-19.661108,-20.577152,1.3974274,748
120000141,120000154,120000140,120000095,37000000001580,37000000001580,120000000,120000142,-1,0,37,1.3857181,7.573779,2853,16.600513,20.413797,22.215622,29088,1,2,2,-6.30776,193.12743,81.213844,90,7.573779,0.042833876,87.20323,98.011475,0.38167843,0.026858052,0.0,0.23544367,0.36866865,0.0,9.429948E-4,1.1810984E-4,0.0,1.4041562E-4,4.6020013E-4,0.44297162,0.0,42.7269,0.011117609,0.040904615,-18.200338,-18.37065,-18.662834,-18.955309,-19.92694,99.0,99.0,99.0,99.0,99.0,-18.181534,-18.355814,-18.651173,-18.946918,-19.924517,1.714221,104
120000142,120000154,120000141,120000096,36000000001590,36000000001590,120000000,120000143,-1,0,36,1.5036365,5.7664,2853,16.612822,20.340733,22.174412,29089,1,2,2,-3.3968356,183.85175,82.556175,87,5.7664,0.037578505,81.23676,91.01559,0.36492202,0.021177555,0.0,0.06029478,0.2701436,0.0,7.015522E-4,1.0555026E-4,0.0,4.3809756E-5,4.6210983E-4,0.18312624,0.0,41.93614,0.013279142,0.027290698,-17.599638,-17.804667,-18.125566,-18.431416,-19.450008,99.0,99.0,99.0,99.0,99.0,-17.592836,-17.79922,-18.12124,-18.428299,-19.449112,1.8252295,259
120000143,120000154,120000142,120000097,35000000001669,35000000001669,120000000,120000144,-1,0,35,1.6302707,3.9590209,2853,16.600903,20.251371,22.116522,29088,1,2,2,-7.1388445,175.48189,83.12415,80,3.9590209,0.03179097,73.1833,75.458565,0.2566812,0.01891885,0.0,0.0,0.2023509,0.0,5.286923E-4,1.0124723E-4,0.0,8.4703295E-22,4.8535338E-4,0.10701514,0.0,0.0,0.013995395,0.03179097,-17.060362,-17.37204,-17.754864,-18.106693,-19.222034,99.0,99.0,99.0,99.0,99.0,-17.055653,-17.368248,-17.751833,-18.104506,-19.221403,1.7338903,955
120000144,120000154,120000143,120000098,34000000003367,34000000003367,120000000,120000145,-1,0,34,1.766336,2.2377074,2853,16.617743,20.177193,22.06405,29089,1,2,2,13.368345,151.00267,102.45336,30,2.2377074,0.025159989,61.84668,77.0772,0.03548676,0.017653566,0.0,0.0,0.17846368,0.0,3.2545597E-4,9.881131E-5,0.0,0.0,3.6769517E-4,0.079523355,0.0,0.0,0.0020196848,0.025159989,-17.113884,-17.435074,-17.82625,-18.180723,-19.312408,99.0,99.0,99.0,99.0,99.0,-16.764666,-17.149868,-17.595297,-18.010614,-19.260746,1.5636015,966
120000145,120000154,120000144,120000099,33000000003612,33000000003612,120000000,120000146,-1,0,33,1.9126327,2.1516418,2853,16.613644,20.088236,22.002457,29089,1,2,2,6.3311954,144.27536,99.91227,27,2.1516418,0.023727331,62.449722,78.80036,0.03138134,0.016755108,0.0,0.0,0.17737068,0.0,3.171779E-4,9.0148504E-5,0.0,0.0,3.3734887E-4,0.22502139,0.0,0.0,0.0016589827,0.023727331,-17.351994,-17.623545,-17.987547,-18.325796,-19.419613,99.0,99.0,99.0,99.0,99.0,-16.872784,-17.226658,-17.663858,-18.086826,-19.347271,1.3697456,775
120000146,120000154,120000145,120000100,32000000003633,32000000003633,120000000,120000147,-1,0,32,2.0700274,1.9795104,2853,16.595135,20.00989,21.929106,29088,1,2,2,4.86798,139.90523,101.463844,27,1.9795104,0.022010459,62.19197,71.901764,0.048569825,0.014333439,0.0,0.005856913,0.13776085,0.0,3.3561725E-4,7.004393E-5,0.0,7.872761E-6,2.036851E-4,0.07629661,0.0,40.789196,0.003007193,0.01541771,-16.903517,-17.252638,-17.665117,-18.033743,-19.202568,99.0,99.0,99.0,99.0,99.0,-16.763727,-17.14024,-17.575367,-17.968588,-19.183636,1.3174268,153
120000147,120000154,120000146,120000101,31000000003538,31000000003538,120000000,120000148,-1,0,31,2.2394855,1.7213135,2853,16.596748,19.920341,21.881092,29088,1,2,2,4.9373827,137.6599,100.139565,27,1.7213135,0.02000329,60.8344,72.041145,0.03988736,0.013553624,0.0,8.187118E-4,0.12607597,0.0,3.1747748E-4,6.481551E-5,0.0,1.5327463E-6,1.923504E-4,0.031633377,0.0,39.716034,0.0030115505,0.007223451,-16.699614,-17.12854,-17.576815,-17.961914,-19.149672,99.0,99.0,99.0,99.0,99.0,-16.569616,-17.024763,-17.494062,-17.901924,-19.132233,1.1416508,648
120000148,120000154,120000147,120000102,30000000003887,30000000003887,120000000,120000149,-1,0,30,2.422044,1.8073791,2853,16.599623,19.851757,21.837896,29088,1,2,2,8.832817,132.82631,97.807526,23,1.8073791,0.019326191,63.4193,83.18202,0.037064385,0.013247488,0.0,0.0031017303,0.14325723,0.0,3.0150195E-4,6.242139E-5,0.0,8.348509E-6,2.0611718E-4,0.0,0.0,40.558876,0.003612903,0.013060535,-16.682945,-17.093575,-17.50557,-17.857565,-18.943035,99.0,99.0,99.0,99.0,99.0,-16.59643,-17.022089,-17.447622,-17.81533,-18.930641,0.93303174,122
120000149,120000154,120000148,120000103,29000000003603,29000000003603,120000000,120000150,-1,0,29,2.6188614,1.8073791,2853,16.59666,19.770641,21.779512,29088,1,2,2,7.0660677,133.26814,96.87373,24,1.8073791,0.01834111,65.10012,70.12648,0.020006293,0.013247488,0.0,0.0015343756,0.18780476,0.0,2.502333E-4,6.242139E-5,0.0,3.069345E-6,2.7021178E-4,0.081004955,0.0,40.271126,0.0013454227,0.009549284,-17.158348,-17.43371,-17.773088,-18.089573,-19.125175,99.0,99.0,99.0,99.0,99.0,-16.58101,-16.953426,-17.380135,-17.799355,-19.037838,0.71343154,260
120000150,120000154,120000149,120000104,28000000003525,28000000003525,120000000,120000151,-1,0,28,2.8311827,1.2909851,2853,16.603365,19.68808,21.726774,29089,1,2,2,10.751947,131.47581,92.850395,23,1.2909851,0.015535192,59.782253,71.66293,0.024697702,0.012550603,0.0,0.0015091434,0.20614673,0.0,2.717777E-4,5.42635E-5,0.0,2.664883E-6,2.672493E-4,0.0782694,0.0,40.30659,0.0017050068,0.009723455,-17.342487,-17.568584,-17.873583,-18.174372,-19.173946,99.0,99.0,99.0,99.0,99.0,-16.946026,-17.240902,-17.607052,-17.978872,-19.115843,0.5397267,898
120000151,120000154,120000150,120000105,27000000003444,27000000003444,120000000,120000152,-1,0,27,3.060419,1.8073791,2853,16.60434,19.608932,21.685394,29089,1,2,2,8.48813,129.24255,90.387596,22,1.8073791,0.01644242,68.75618,74.9858,0.028819218,0.011918284,0.0,0.0013095132,0.22730121,0.0,2.8528698E-4,4.7675978E-5,0.0,2.507961E-6,2.7140186E-4,0.18403189,0.0,40.286175,0.0015297487,0.008125033,-17.72994,-17.884306,-18.146196,-18.425985,-19.376684,99.0,99.0,99.0,99.0,99.0,-17.205784,-17.456211,-17.80027,-18.173372,-19.302055,0.3685678,906
120000152,120000154,120000151,120000106,26000000002907,26000000002907,120000000,120000153,-1,0,26,3.3080978,2.065576,2876,16.59432,19.528934,21.62758,28978,1,2,2,9.8848715,118.43305,86.60363,24,2.065576,0.016240364,73.95928,84.79393,0.03863811,0.010525774,0.0,0.0,0.23062417,0.0,2.9959017E-4,3.552271E-5,0.0,0.0,2.1887533E-4,0.5389279,0.0,0.0,0.0013484394,0.016240364,-18.186499,-18.262918,-18.475254,-18.721058,-19.60494,99.0,99.0,99.0,99.0,99.0,-17.550608,-17.74771,-18.061617,-18.421053,-19.517399,0.22196655,777
120000153,120000154,120000152,120000107,25000000002814,25000000002814,120000000,120000154,-1,0,25,3.575905,2.065576,2876,16.597223,19.486748,21.565004,28978,1,2,2,7.1690817,114.800896,84.17928,24,2.065576,0.015320514,76.147194,87.50773,0.06583359,0.006715986,0.0,0.0010057644,0.20671143,0.0,2.5432988E-4,1.4431032E-5,0.0,7.3601365E-7,8.397604E-5,0.688277,0.0,39.392925,0.0014570026,0.0026811818,-18.439953,-18.459911,-18.624125,-18.808313,-19.508608,99.0,99.0,99.0,99.0,99.0,-18.126022,-18.200872,-18.41458,-18.65477,-19.463669,0.12293661,921
120000154,120000154,120000153,120000108,24000000002750,24000000002750,120000000,-1,-1,0,24,3.8656828,1.3770508,2876,16.5864,19.425043,21.504093,28978,1,2,2,12.383156,111.24768,83.62947,22,1.3770508,0.012608133,68.536125,67.30388,0.07844009,0.0021816567,0.0,0.0021845095,0.09358203,0.0,1.04123246E-4,1.492755E-6,0.0,3.637355E-7,8.84429E-6,0.3562037,0.0,39.979332,0.001683554,0.0028053941,-17.9159,-17.854548,-17.942047,-18.023554,-18.33535,99.0,99.0,99.0,99.0,99.0,-17.857824,-17.806316,-17.902794,-17.99407,-18.325693,0.042888023,470
120000155,120000166,120000137,120000092,40000000001665,40000000001665,120000000,120000156,-1,2,40,1.0778745,4.217218,2853,16.632631,20.817585,22.369965,29091,1,2,2,-36.864933,219.12892,80.89513,33,2.840167,0.027241059,66.962234,79.36122,0.037080932,0.017164305,0.0,0.0,0.0,0.0,3.942315E-4,7.2526454E-5,0.0,0.0,0.0,0.008445113,0.0,0.0,0.002853374,0.027241059,-16.147095,-16.721575,-17.250834,-17.6824,-18.919207,99.0,99.0,99.0,99.0,99.0,-16.075623,-16.664408,-17.20488,-17.64881,-18.909058,2.0055609,280
120000156,120000166,120000155,120000093,39000000001554,39000000001554,120000000,120000157,-1,2,39,1.173417,4.4754148,2853,16.638086,20.698614,22.32446,29091,1,2,2,16.404266,226.52065,92.13828,33,2.840167,0.027241059,66.962234,79.36122,0.037932545,0.01704504,0.0,0.0,0.0,0.0,3.9693946E-4,7.126898E-5,0.0,0.0,0.0,0.017470615,0.0,0.0,0.002853374,0.027241059,-16.434774,-16.946932,-17.442837,-17.85737,-19.077557,99.0,99.0,99.0,99.0,99.0,-16.374702,-16.898083,-17.403433,-17.828636,-19.069029,1.6788576,315
120000157,120000166,120000156,120000094,38000000001564,38000000001564,120000000,120000158,-1,2,38,1.2758462,7.2295165,2853,16.611609,20.569809,22.265747,29091,1,2,2,79.73145,248.18594,124.79037,33,2.840167,0.027241059,66.962234,79.36122,0.039644416,0.016805291,0.0,0.0,0.0,0.0,4.0196496E-4,6.880148E-5,0.0,0.0,0.0,0.035343654,0.0,0.0,0.002853374,0.027241059,-16.764341,-17.210606,-17.669363,-18.063457,-19.259592,99.0,99.0,99.0,99.0,99.0,-16.692924,-17.154076,-17.62412,-18.030312,-19.249422,1.3703791,103
120000158,120000166,120000157,120000095,37000000001580,37000000001580,120000000,120000159,-1,2,37,1.3857181,7.573779,2853,16.55973,20.415306,22.194729,29088,1,2,2,74.27967,306.88763,122.24635,33,2.840167,0.027241059,66.962234,79.36122,0.042997975,0.016335633,0.0,0.0,0.0,0.0,4.102699E-4,6.418898E-5,0.0,0.0,0.0,0.06980501,0.0,0.0,0.002853374,0.027241059,-17.096067,-17.449106,-17.844362,-18.194073,-19.281996,99.0,99.0,99.0,99.0,99.0,-17.031946,-17.39741,-17.802744,-18.163567,-19.272676,1.085305,806
120000159,120000166,120000158,120000096,36000000001590,36000000001590,120000000,120000160,-1,2,36,1.5036365,5.7664,2853,16.561071,20.252386,22.134003,29088,1,2,2,-54.712738,256.3746,86.517845,33,2.840167,0.027241059,66.962234,79.36122,0.04938968,0.015440482,0.0,0.0,0.0,0.0,4.2093228E-4,5.6137895E-5,0.0,0.0,0.0,0.13440825,0.0,0.0,0.002853374,0.027241059,-17.429941,-17.698729,-18.040064,-18.359327,-19.375805,99.0,99.0,99.0,99.0,99.0,-17.32536,-17.6152,-17.972095,-18.307764,-19.357597,0.83011746,483
120000160,120000166,120000159,120000097,35000000001669,35000000001669,120000000,120000161,-1,2,35,1.6302707,3.9590209,2853,16.59755,20.135223,22.09964,29088,1,2,2,-44.160522,164.04378,35.490917,33,2.840167,0.027241059,66.962234,79.36122,0.06122703,0.013782672,0.0,0.0,0.0,0.0,4.252366E-4,4.343033E-5,0.0,0.0,0.0,0.252014,0.0,0.0,0.002853374,0.027241059,-17.770586,-17.973156,-18.271162,-18.565992,-19.513054,99.0,99.0,99.0,99.0,99.0,-17.708761,-17.922537,-18.230173,-18.535835,-19.503798,0.6138197,164
120000161,120000166,120000160,120000109,34000000003192,34000000003192,120000000,120000162,-1,0,34,1.766336,2.840167,2853,16.62312,20.038568,22.077013,29089,1,2,2,-26.216915,199.21942,59.048824,33,2.840167,0.027241059,66.962234,79.36122,0.082502924,0.010803003,0.0,0.0,0.23112017,0.0,3.9261105E-4,2.6321E-5,0.0,-8.4703295E-22,1.49647E-4,0.45972618,0.0,0.0,0.002853374,0.027241059,-18.034397,-18.163252,-18.40787,-18.664726,-19.518618,99.0,99.0,99.0,99.0,99.0,-17.920277,-18.072691,-18.336283,-18.611479,-19.501871,0.45579207,237
120000162,120000166,120000161,120000110,33000000003156,33000000003156,120000000,120000163,-1,0,33,1.9126327,2.4959044,2853,16.644487,19.931196,22.04792,29089,1,2,2,-22.577366,189.89185,65.287415,32,2.4959044,0.024930725,65.61702,77.41721,0.119589925,0.0056090034,0.0,0.0,0.15319215,0.0,2.440458E-4,9.455807E-6,0.0,0.0,4.170898E-5,0.20395918,0.0,0.0,0.0034639128,0.024930725,-17.62552,-17.659904,-17.839525,-18.019617,-18.702635,99.0,99.0,99.0,99.0,99.0,-17.606655,-17.645107,-17.828,-18.011301,-18.70027,0.46837625,628
120000163,120000166,120000162,120000111,32000000003093,32000000003093,120000000,120000164,-1,0,32,2.0700274,1.8934448,2853,16.656025,19.820677,22.002008,29089,1,2,2,-19.116623,179.02397,64.05905,33,1.8934448,0.021686729,61.27725,67.077034,0.057643186,0.0034140048,0.0,0.034654982,0.09783844,0.0,1.4605589E-4,4.9144483E-6,0.0,7.688678E-6,2.1025393E-5,0.02249279,0.0,41.755417,0.0040189736,0.021236211,-16.305563,-16.450588,-16.696182,-16.947657,-17.74416,99.0,99.0,99.0,99.0,99.0,-16.299074,-16.445513,-16.69221,-16.944817,-17.743359,0.45760804,550
120000164,120000166,120000163,120000112,31000000003427,31000000003427,120000000,120000165,-1,0,31,2.2394855,1.7213135,2853,16.650278,19.730783,21.966848,29089,1,2,2,-16.500998,166.28557,62.16658,27,1.7213135,0.02000329,60.8344,63.15209,0.046384927,0.0031841097,0.0,0.014784887,0.110355236,0.0,1.3571481E-4,4.3150194E-6,0.0,3.6816105E-6,2.3873265E-5,0.17976078,0.0,41.200912,0.0024355052,0.013738082,-16.954382,-17.009329,-17.20003,-17.412228,-18.14728,99.0,99.0,99.0,99.0,99.0,-16.924255,-16.986244,-17.182331,-17.399736,-18.143894,0.2398498,765
120000165,120000166,120000164,120000113,30000000003417,30000000003417,120000000,120000166,-1,0,30,2.422044,1.032788,2853,16.627752,19.646246,21.918564,29089,1,2,2,-15.693262,163.54451,61.342583,27,1.032788,0.016037386,52.627018,58.67905,0.057881333,0.0014444437,0.0,0.0,0.028230406,0.0,6.9878886E-5,8.243866E-7,0.0,0.0,5.320067E-6,0.12676638,0.0,0.0,0.0034737855,0.016037386,-16.34059,-16.326115,-16.474638,-16.642454,-17.211674,99.0,99.0,99.0,99.0,99.0,-16.337837,-16.32394,-16.47293,-16.641241,-17.21133,0.14437899,168
120000166,120000166,120000165,120000114,29000000003604,29000000003604,120000000,-1,-1,0,29,2.6188614,1.032788,2853,16.62286,19.54584,21.89102,29089,1,2,2,-16.40781,160.90341,60.199677,24,1.032788,0.015219939,54.02181,57.964127,0.05152581,2.8610622E-4,0.0,0.014626471,0.021383738,0.0,1.4744059E-5,3.6001506E-8,0.0,1.483247E-7,1.2983755E-7,0.03325668,0.0,41.29304,0.003409542,0.0142396465,-15.288029,-15.154891,-15.194324,-15.206834,-15.277082,99.0,99.0,99.0,99.0,99.0,-15.287546,-15.154484,-15.193978,-15.206559,-15.276961,0.042231042,721