galaxyID,lastProgenitorId,descendantId,haloID,subHaloID,fofID,treeId,firstProgenitorId,nextProgenitorId,type,snapnum,redshift,centralMvir,phkey,x,y,z,zIndex,ix,iy,iz,velX,velY,velZ,np,mvir,rvir,vvir,vmax,coldGas,stellarMass,bulgeMass,hotGas,ejectedMass,blackHoleMass,metalsColdGas,metalsStellarMass,metalsBulgeMass,metalsHotGas,metalsEjectedMass,sfr,sfrBulge,xrayLum,diskRadius,coolingRadius,mag_b,mag_v,mag_r,mag_i,mag_k,mag_bBulge,mag_vBulge,mag_rBulge,mag_iBulge,mag_kBulge,mag_bDust,mag_vDust,mag_rDust,mag_iDust,mag_kDust,massWeightedAge,random
6000100000000,6000100000077,-1,6000100000000,63000600000401,63000600000401,6000100000000,6000100000001,-1,0,63,0.0,74.44681,25859,18.509895,53.062855,37.37532,209336,2,5,4,77.16984,115.6922,-168.6566,1127,74.44681,0.14738789,147.38799,167.50583,0.8418289,3.0652962,0.351553,6.532978,1.6200386,0.001627036,0.016187206,0.040008564,0.0032623666,0.08279109,0.01839601,3.3530831,0.0,43.58902,0.008543904,0.10230569,-20.904942,-21.402699,-21.949688,-22.46179,-23.89547,-17.2461,-18.11384,-18.832602,-19.43937,-20.929785,-20.19906,-20.830488,-21.485538,-22.11865,-23.790483,7.4753437,272
6000100000001,6000100000077,6000100000000,6000100000001,62000600000401,62000600000401,6000100000000,6000100000002,-1,0,62,0.019932542,74.10255,25859,18.492046,53.040077,37.408546,209336,2,5,4,76.36702,117.75878,-168.99138,1087,74.10255,0.14641984,147.53212,166.94646,0.883424,3.028541,0.351553,6.507508,1.5854762,0.0016262288,0.016434427,0.039316095,0.0032623666,0.081953324,0.017744573,2.760483,0.0,43.59453,0.010002452,0.10161921,-20.829147,-21.35747,-21.918724,-22.43885,-23.881863,-17.271646,-18.137306,-18.854586,-19.459787,-20.948065,-20.196522,-20.86726,-21.528692,-22.15309,-23.793736,7.3010135,720
6000100000002,6000100000077,6000100000001,6000100000002,61000600000393,61000600000393,6000100000000,6000100000003,-1,0,61,0.041403063,73.93041,25859,18.474752,53.014175,37.450382,209336,2,5,4,76.772865,115.284,-170.22757,1083,73.93041,0.14549376,147.8289,167.25014,0.8739418,2.9968553,0.351553,6.523503,1.5849103,0.0016253779,0.015983406,0.03873424,0.0032623666,0.08156164,0.01750142,2.2496002,0.0,43.60573,0.01102695,0.10090627,-20.789085,-21.33927,-21.909014,-22.433575,-23.882023,-17.299038,-18.162344,-18.877995,-19.481514,-20.967587,-20.30161,-20.954678,-21.60106,-22.20797,-23.813343,7.1008954,101
6000100000003,6000100000077,6000100000002,6000100000003,60000600000337,60000600000337,6000100000000,6000100000004,-1,0,60,0.064493395,73.93041,25859,18.452763,52.99192,37.485855,209336,2,5,4,74.37423,116.8695,-168.16022,1051,73.93041,0.14460276,148.28363,166.38571,0.8130956,2.9699109,0.351553,6.5792313,1.6207138,0.0016244779,0.014934263,0.038243316,0.0032623666,0.08149552,0.01768935,3.2710884,0.0,43.62236,0.008338453,0.10011879,-20.911518,-21.42282,-21.976528,-22.491879,-23.928228,-17.328188,-18.188921,-18.902773,-19.504507,-20.98835,-20.149813,-20.817125,-21.486757,-22.128157,-23.813496,6.8761888,14
6000100000004,6000100000077,6000100000003,6000100000004,59000600000396,59000600000396,6000100000000,6000100000005,-1,0,59,0.08928783,75.2214,25859,18.439842,52.96562,37.519337,209336,2,5,4,75.48616,117.35912,-169.16455,1059,75.2214,0.14445871,149.64726,165.26561,0.82581073,2.9291716,0.351553,6.8536687,1.5975977,0.0016235097,0.014680837,0.037512008,0.0032623666,0.080851674,0.017173802,2.5523365,0.0,43.64935,0.009622706,0.098416515,-20.846548,-21.386183,-21.951366,-22.472683,-23.915287,-17.359064,-18.217012,-18.92893,-19.528767,-21.010254,-20.275316,-20.944456,-21.597145,-22.209625,-23.828869,6.6704135,947
6000100000005,6000100000077,6000100000004,6000100000005,58000600000411,58000600000411,6000100000000,6000100000006,-1,0,58,0.11588337,77.37304,25859,18.423126,52.937336,37.561417,209336,2,5,4,74.17966,115.239044,-167.84438,1024,77.37304,0.144741,151.62437,168.66264,0.753848,2.8962214,0.351553,7.2960296,1.6299381,0.0016224419,0.0136330435,0.036927782,0.0032623666,0.08052165,0.01740172,3.2250636,0.0,43.688488,0.0077890963,0.096518025,-20.932396,-21.446154,-22.000475,-22.515804,-23.949442,-17.391756,-18.246647,-18.956429,-19.554203,-21.033094,-20.218977,-20.879591,-21.54056,-22.172098,-23.837778,6.4343204,289
6000100000006,6000100000077,6000100000005,6000100000006,57000600000408,57000600000408,6000100000000,6000100000007,-1,0,57,0.14438343,76.426315,25859,18.399944,52.908306,37.60671,209336,2,5,4,74.24906,115.770164,-169.59319,1036,76.426315,0.14297225,151.62317,169.87314,0.7454907,2.8532002,0.351553,7.184391,1.6366132,0.0016213025,0.013433975,0.036157098,0.0032623666,0.0792312,0.017397685,3.9442532,0.0,43.695248,0.006928812,0.09575478,-20.984074,-21.483355,-22.033766,-22.547165,-23.976748,-17.426283,-18.277811,-18.985216,-19.580706,-21.05669,-20.091982,-20.768587,-21.442183,-22.090979,-23.800598,6.208341,889
6000100000007,6000100000077,6000100000006,6000100000007,56000600000415,56000600000415,6000100000000,6000100000008,-1,0,56,0.17489761,75.90992,25859,18.380283,52.876064,37.653538,209336,2,5,4,72.35686,116.23367,-172.52643,1013,75.90992,0.14137152,151.96315,172.89934,0.8011302,2.799003,0.351553,7.137814,1.598777,0.0016201277,0.013795251,0.0352083,0.0032623666,0.07745259,0.016911313,3.3024607,0.0,43.703667,0.008120509,0.09450315,-20.904228,-21.433792,-21.998392,-22.518587,-23.955418,-17.46311,-18.310968,-19.015787,-19.608852,-21.08187,-20.17376,-20.85425,-21.5211,-22.153032,-23.820337,5.9950786,489
6000100000008,6000100000077,6000100000007,6000100000008,55000600000366,55000600000366,6000100000000,6000100000009,-1,0,55,0.20754863,75.99599,25859,18.35917,52.837044,37.710968,209336,2,5,4,71.78172,116.03182,-173.87967,1024,75.99599,0.14003488,152.77321,171.15157,0.7822356,2.752398,0.351553,7.2174187,1.6043297,0.0016189027,0.013254724,0.03441931,0.0032623666,0.07630343,0.016937071,2.489811,0.0,43.72369,0.009089742,0.093112215,-20.82989,-21.392311,-21.969015,-22.49385,-23.934908,-17.50265,-18.346546,-19.048658,-19.639217,-21.109568,-20.307642,-20.972105,-21.627155,-22.23986,-23.854977,5.754578,341
6000100000009,6000100000077,6000100000008,6000100000009,54000600000406,54000600000406,6000100000000,6000100000010,-1,0,54,0.24246909,74.87714,25859,18.340353,52.798183,37.77371,209336,2,5,4,72.0557,115.794304,-177.0227,993,74.87714,0.13784328,152.84518,164.0947,0.6723974,2.7164176,0.351553,7.10666,1.6761364,0.001617634,0.011892145,0.033804797,0.0032623666,0.07563632,0.01768758,2.8255758,0.0,43.73878,0.007309021,0.092449315,-20.896496,-21.444504,-22.013887,-22.534117,-23.972076,-17.544594,-18.384243,-19.083462,-19.671442,-21.139284,-20.23801,-20.908876,-21.575502,-22.20659,-23.868368,5.481298,661
6000100000010,6000100000077,6000100000009,6000100000010,53000600000368,53000600000368,6000100000000,6000100000011,-1,0,53,0.2798018,71.77877,25859,18.318787,52.762314,37.832664,209336,2,5,4,71.53929,115.668785,-177.91275,965,71.77877,0.13431266,151.60359,172.40982,0.5991443,2.6747303,0.351553,6.635086,1.7418615,0.0016163733,0.011006983,0.033062078,0.0032623666,0.074443854,0.018313691,3.6666129,0.0,43.73416,0.0057443622,0.09253185,-20.982813,-21.507286,-22.06582,-22.578655,-24.00628,-17.590221,-18.425692,-19.122095,-19.707806,-21.174055,-19.926126,-20.64085,-21.339075,-22.012665,-23.78695,5.2094755,247
6000100000011,6000100000077,6000100000010,6000100000011,52000600000351,52000600000351,6000100000000,6000100000012,-1,0,52,0.31970343,70.143524,25860,18.283758,52.72951,37.892242,209322,2,5,4,72.53054,114.48306,-177.54391,924,70.143524,0.13156697,151.42247,169.638,0.6045484,2.6196644,0.351553,6.400651,1.7540321,0.0016151337,0.010914322,0.032068565,0.0032623666,0.07271486,0.018230515,2.4393582,0.0,43.738518,0.0068757017,0.091508694,-20.921644,-21.474049,-22.039473,-22.553968,-23.98456,-17.640352,-18.47188,-19.165709,-19.749603,-21.215622,-20.204298,-20.897976,-21.563316,-22.188778,-23.848928,4.9542537,638
6000100000012,6000100000077,6000100000011,6000100000012,51000600000366,51000600000366,6000100000000,6000100000013,-1,0,51,0.36234027,68.680405,25860,18.26219,52.688026,37.957813,209322,2,5,4,73.6293,116.79178,-175.35487,905,68.680405,0.12880792,151.4311,166.9128,0.46621913,2.582487,0.351553,6.221916,1.8658826,0.0016138931,0.009277536,0.031381935,0.0032623666,0.07211834,0.01919361,5.3221254,0.0,43.757774,0.0038210584,0.090812646,-21.151855,-21.634148,-22.171177,-22.670967,-24.083397,-17.693789,-18.521091,-19.211992,-19.793562,-21.258612,-19.673298,-20.384535,-21.10641,-21.832575,-23.787481,4.656834,551
6000100000013,6000100000077,6000100000012,6000100000013,50000600000362,50000600000362,6000100000000,6000100000014,-1,0,50,0.40789944,68.42221,25860,18.235476,52.642742,38.028187,209322,2,5,4,73.76088,113.95717,-177.04263,892,68.42221,0.1266742,152.41385,166.33784,0.60730916,2.5004165,0.351553,6.296376,1.7508956,0.0016125917,0.011514481,0.029807363,0.0032623666,0.067286514,0.017698945,3.8301215,0.0,43.761826,0.0057013966,0.087630615,-21.040197,-21.558336,-22.109446,-22.61389,-24.030607,-17.749723,-18.572155,-19.259308,-19.837154,-21.298788,-19.97371,-20.683437,-21.376165,-22.043224,-23.814268,4.432676,38
6000100000014,6000100000077,6000100000013,6000100000014,49000600000380,49000600000380,6000100000000,6000100000015,-1,0,49,0.45657724,64.46319,25860,18.212234,52.60391,38.100124,209326,2,5,4,72.28043,114.358475,-177.25473,871,64.46319,0.12211176,150.67705,174.88898,0.6340959,2.4408445,0.351553,5.634469,1.779773,0.0016113435,0.012145978,0.02867853,0.0032623666,0.06462645,0.017720668,3.3249726,0.0,43.73526,0.006335485,0.08700088,-21.03144,-21.561008,-22.113853,-22.616762,-24.031134,-17.806496,-18.622847,-19.304966,-19.8773,-21.332293,-20.125721,-20.82064,-21.501226,-22.15084,-23.875593,4.1624684,881
6000100000015,6000100000077,6000100000014,6000100000015,48000600000380,48000600000380,6000100000000,6000100000016,-1,0,48,0.5085914,61.881218,25860,18.174847,52.56108,38.16866,209326,2,5,4,72.80013,114.557915,-175.10606,863,61.881218,0.11827898,150.0015,167.14607,0.6079427,2.3888466,0.351553,5.213816,1.8470094,0.0016101734,0.01196367,0.02767889,0.0032623666,0.062880136,0.017911768,4.373091,0.0,43.72967,0.0053423475,0.085898936,-21.14144,-21.643892,-22.183264,-22.676607,-24.077879,-17.86484,-18.673883,-19.349915,-19.915642,-21.362556,-20.062702,-20.74063,-21.428698,-22.100077,-23.889702,3.8731887,151
6000100000016,6000100000077,6000100000015,6000100000016,47000600000392,47000600000392,6000100000000,6000100000017,-1,0,47,0.5641766,61.536957,25860,18.13552,52.508663,38.237766,209326,2,5,4,69.631836,113.2057,-174.78052,827,61.536957,0.11574494,151.21225,166.66246,0.68260276,2.3203053,0.351553,5.1583962,1.8451598,0.0016090205,0.012911917,0.026367312,0.0032623666,0.060456846,0.017090369,4.3514247,0.0,43.74694,0.005951767,0.08321165,-21.165173,-21.668966,-22.206215,-22.694265,-24.088018,-17.925694,-18.72679,-19.396664,-19.956675,-21.397936,-20.08339,-20.779406,-21.459919,-22.113008,-23.870031,3.6052275,577
6000100000017,6000100000077,6000100000016,6000100000017,46000600000408,46000600000408,6000100000000,6000100000018,-1,0,46,0.6235901,61.536957,25860,18.114208,52.454388,38.315746,209326,2,5,4,69.02212,110.726265,-172.21957,816,61.536957,0.11329329,152.8396,168.98619,0.74181396,2.252173,0.351553,5.1515527,1.868542,0.0016078425,0.013450935,0.025116486,0.0032623666,0.058156118,0.016516276,3.5965557,0.0,43.7699,0.0070409738,0.08026129,-21.167427,-21.690695,-22.23315,-22.720722,-24.122816,-17.992083,-18.785595,-19.449856,-20.005333,-21.443724,-20.427898,-21.084068,-21.734608,-22.34679,-24.004051,3.3322072,489
6000100000018,6000100000077,6000100000017,6000100000018,45000600000414,45000600000414,6000100000000,6000100000019,-1,0,45,0.6871088,61.364822,25860,18.0847,52.40498,38.40055,209326,2,5,4,72.562805,112.649086,-169.18677,761,61.364822,0.11060366,154.47029,173.5788,0.70368594,2.1961067,0.351553,5.110076,1.9828389,0.0016066376,0.012880349,0.024108248,0.0032623666,0.05641651,0.016882878,3.8765423,0.0,43.795258,0.006441416,0.0774971,-21.272581,-21.780365,-22.308077,-22.780548,-24.158865,-18.068052,-18.854797,-19.514177,-20.065836,-21.503056,-20.35906,-21.022669,-21.680365,-22.305725,-24.006075,3.0379105,524
6000100000019,6000100000077,6000100000018,6000100000019,44000600000396,44000600000396,6000100000000,6000100000020,-1,0,44,0.75503564,60.934494,25860,18.046093,52.355583,38.469505,209326,2,5,4,71.21769,110.91981,-167.10507,785,60.934494,0.10763701,156.03455,170.45761,0.6889323,2.1361432,0.351553,4.9742527,2.1283522,0.0016054222,0.012754045,0.023018051,0.0032623666,0.0539201,0.017438598,3.750625,0.0,43.808273,0.0064008804,0.074324876,-21.409578,-21.893572,-22.401436,-22.860487,-24.225925,-18.159819,-18.940048,-19.594984,-20.142925,-21.579475,-20.451838,-21.105045,-21.743168,-22.352222,-24.040691,2.7462542,51
6000100000020,6000100000077,6000100000019,6000100000020,43000600000420,43000600000420,6000100000000,6000100000021,-1,0,43,0.8276991,61.709087,25860,18.019386,52.28804,38.546986,209326,2,5,4,71.015884,106.507225,-167.5693,809,61.709087,0.10524864,158.7948,168.35788,0.6491218,2.078775,0.351553,4.9969344,2.3427424,0.001604189,0.012760664,0.02194417,0.0032623666,0.050812315,0.018592719,13.405329,0.0034870768,43.82431,0.006383332,0.0701459,-21.727337,-22.11994,-22.573599,-23.000244,-24.32156,-18.272814,-19.043398,-19.691446,-20.232288,-21.66199,-20.842505,-21.38769,-21.968924,-22.543318,-24.17298,2.4494452,422
6000100000021,6000100000054,6000100000020,6000100000021,42000600000398,42000600000398,6000100000000,6000100000022,6000100000055,0,42,0.9054624,58.180393,25860,17.978231,52.223907,38.62729,209326,2,5,4,71.667564,106.627396,-167.41954,789,58.180393,0.100302674,157.9436,167.88342,1.4162226,1.5291072,0.0038943957,4.0890527,2.063605,3.0832717E-4,0.021866832,0.0153445555,5.107867E-6,0.03739337,0.0146479355,8.53931,0.0,44.12848,0.0071087903,0.061909292,-21.682327,-22.036541,-22.4775,-22.892462,-24.185085,-13.8846655,-14.51023,-15.068756,-15.502544,-16.6198,-20.433636,-20.981972,-21.587078,-22.203661,-23.94653,2.006651,57
6000100000022,6000100000054,6000100000021,6000100000022,41000600000362,41000600000362,6000100000000,6000100000023,-1,0,41,0.98870814,56.373016,25860,17.938171,52.160282,38.709694,209326,2,5,4,71.89642,105.9763,-164.85912,746,56.373016,0.09628164,158.68427,167.24214,1.4403489,1.4027208,0.0038943957,3.9421995,2.012932,3.0812676E-4,0.020926036,0.0134695135,5.107867E-6,0.034895267,0.013272079,10.455287,0.0,44.140545,0.006379483,0.059582554,-21.782751,-22.103882,-22.524385,-22.92384,-24.1856,-13.989244,-14.60489,-15.156217,-15.585663,-16.699766,-20.472067,-20.989344,-21.582026,-22.195902,-23.938347,1.8156866,551
6000100000023,6000100000054,6000100000022,6000100000023,40000600000363,40000600000363,6000100000000,6000100000024,-1,0,40,1.0778745,57.147606,25860,17.909708,52.095577,38.809143,209326,2,5,4,72.04728,105.27377,-165.55186,819,57.147606,0.09364502,162.00433,168.05092,1.6002401,1.2512877,0.0038943957,4.2124786,1.871764,3.079183E-4,0.020176167,0.011441401,5.107867E-6,0.0315711,0.011327186,10.102745,0.0,44.192204,0.007146184,0.055768896,-21.786352,-22.093979,-22.500008,-22.88693,-24.12857,-14.112165,-14.715209,-15.258208,-15.682535,-16.794643,-20.74335,-21.226046,-21.77151,-22.323017,-23.92509,1.6658585,232
6000100000024,6000100000054,6000100000023,6000100000024,39000600000319,39000600000319,6000100000000,6000100000025,-1,0,39,1.173417,58.180393,25860,17.877525,52.03689,38.90422,209326,2,5,4,70.51566,104.93996,-161.03383,768,58.180393,0.09103425,165.78906,171.204,1.6420945,1.1086104,0.0038943957,4.5595613,1.804185,3.07689E-4,0.018002013,0.009784462,5.107867E-6,0.028611727,0.010455947,8.896602,0.0,44.251724,0.007817197,0.051995188,-21.73247,-22.025509,-22.410566,-22.775827,-23.968845,-14.253913,-14.837385,-15.368424,-15.785607,-16.889454,-21.034115,-21.441843,-21.929905,-22.417421,-23.857897,1.5188975,583
6000100000025,6000100000054,6000100000024,6000100000025,38000600000315,38000600000315,6000100000000,6000100000026,-1,0,38,1.2758462,59.815643,25860,17.842506,51.971027,38.965782,209326,1,5,4,65.78266,105.34461,-158.31628,777,59.815643,0.08861446,170.38252,173.06853,1.4504927,0.9865233,0.0038943957,5.092431,1.8606184,3.0743133E-4,0.014659744,0.00852872,5.107867E-6,0.026150463,0.010799631,5.656894,0.0,44.329834,0.008837227,0.048865654,-21.638842,-21.936216,-22.313757,-22.672804,-23.86775,-14.420921,-14.973098,-15.48641,-15.8941765,-16.984795,-21.139618,-21.528946,-21.981562,-22.425154,-23.789106,1.3571322,546
6000100000026,6000100000054,6000100000025,6000100000026,37000600000313,37000600000313,6000100000000,6000100000027,-1,0,37,1.3857181,56.373016,25860,17.825552,51.903904,39.03772,209326,1,5,4,60.139847,101.38571,-156.16765,707,56.373016,0.083632216,170.26242,176.16173,0.9199669,0.91135186,0.0038943957,4.8320165,2.1290305,3.071611E-4,0.010957799,0.0077463496,5.107867E-6,0.024446566,0.012509305,18.760115,0.0033169256,44.343033,0.003698063,0.04725838,-22.09763,-22.306799,-22.637445,-22.96807,-24.093748,-14.658535,-15.155042,-15.6390505,-16.03314,-17.10382,-20.35313,-20.780994,-21.314611,-21.910828,-23.67423,1.1377776,833
6000100000027,6000100000044,6000100000026,6000100000027,36000600000315,36000600000315,6000100000000,6000100000028,6000100000045,0,36,1.5036365,52.413994,25851,17.812435,51.854027,39.147053,211082,1,5,4,56.96282,94.547195,-157.00919,586,52.413994,0.07842484,169.53789,180.52802,1.5443422,0.66692746,0.0,3.889097,2.026301,0.0,0.010627805,0.0055287005,0.0,0.012731628,0.013062557,7.7403836,0.0,44.260517,0.0063457335,0.03733464,-21.647177,-21.88206,-22.213228,-22.527317,-23.607649,99.0,99.0,99.0,99.0,99.0,-20.965792,-21.323427,-21.757113,-22.184269,-23.496977,1.1780913,647
6000100000028,6000100000044,6000100000027,6000100000028,35000600000318,35000600000318,6000100000000,6000100000029,-1,0,35,1.6302707,44.668083,25851,17.781963,51.82054,39.225365,211082,1,5,4,57.23632,94.12652,-145.42398,573,44.668083,0.07130286,164.14027,183.16142,0.5810096,0.57145655,0.0,4.015257,2.211691,0.0,0.0064759646,0.0048516495,0.0,0.006262757,0.015666746,2.0032468,0.0,44.220665,0.006152338,0.031543896,-21.097979,-21.406822,-21.77823,-22.128822,-23.303318,99.0,99.0,99.0,99.0,99.0,-20.637493,-21.02972,-21.471113,-21.90138,-23.233227,1.0582,769
6000100000029,6000100000044,6000100000028,6000100000029,34000600000327,34000600000327,6000100000000,6000100000030,-1,0,34,1.766336,25.561504,25851,17.7301,51.784874,39.24274,211082,1,5,4,72.51826,77.2037,-90.0812,302,25.561504,0.056663685,139.28706,139.168,0.39089975,0.5477714,0.0,0.031907562,2.7442229,0.0,0.0072502233,0.0044922703,0.0,3.8222907E-4,0.019885803,15.6954775,0.0,41.54807,0.002273884,0.008378064,-21.682442,-21.864525,-22.170855,-22.489212,-23.594406,99.0,99.0,99.0,99.0,99.0,-19.051613,-19.479223,-20.031162,-20.703018,-22.873331,0.81455284,228
6000100000030,6000100000044,6000100000029,6000100000030,33000600000373,33000600000373,6000100000000,6000100000031,-1,0,33,1.9126327,17.213135,25851,17.673384,51.750668,39.284744,211080,1,5,4,70.9638,76.46192,-85.88268,210,17.213135,0.047454663,124.899445,142.91824,1.655401,0.37044343,0.0,4.7212644E-4,2.026471,0.0,0.013551581,0.0023814794,0.0,3.8516746E-6,0.010333217,13.170707,0.0,0.0,0.0058336803,0.047454663,-21.613512,-21.78937,-22.077759,-22.361929,-23.3383,99.0,99.0,99.0,99.0,99.0,-20.546438,-20.850002,-21.262255,-21.713554,-23.0904,0.8516234,647
6000100000031,6000100000044,6000100000030,6000100000031,32000600000596,32000600000596,6000100000000,6000100000032,-1,0,32,2.0700274,15.491821,25851,17.628464,51.702904,39.330296,211080,1,5,4,63.936855,79.61683,-82.09485,188,15.491821,0.043699585,123.476,132.18451,0.56773925,0.22870097,0.0,0.72404605,0.94246,0.0,0.005321752,0.0015001415,0.0,0.0022946277,0.0029203722,2.9425948,0.0,43.652493,0.0053680483,0.04045084,-20.51451,-20.74564,-21.075603,-21.391369,-22.473232,99.0,99.0,99.0,99.0,99.0,-19.920235,-20.259624,-20.678963,-21.093298,-22.378021,1.0338671,844
6000100000032,6000100000044,6000100000031,6000100000032,31000600000679,31000600000679,6000100000000,6000100000033,-1,0,31,2.2394855,12.909851,25851,17.57864,51.644814,39.359516,211080,1,5,4,70.13284,77.729935,-85.77137,159,12.909851,0.03915512,119.079315,130.3636,0.51883185,0.19862516,0.0,0.44617364,0.8742759,0.0,0.00494971,0.0012159885,0.0,0.001653115,0.0026351449,2.9228494,0.0,43.43171,0.00521366,0.03524346,-20.450563,-20.657803,-20.971405,-21.27764,-22.344221,99.0,99.0,99.0,99.0,99.0,-19.97355,-20.272554,-20.662086,-21.050867,-22.276943,0.92660177,250
6000100000033,6000100000044,6000100000032,6000100000033,30000600000665,30000600000665,6000100000000,6000100000034,-1,0,30,2.422044,11.5328,25848,17.534986,51.602036,39.4067,211073,1,5,4,69.73437,75.22339,-88.47274,140,11.5328,0.035846062,117.6296,124.63929,0.5483344,0.1703388,0.0,0.32543737,0.7730978,0.0,0.0046921084,9.604245E-4,0.0,0.0012353411,0.0020773278,2.9315486,0.0,43.305115,0.0055546607,0.031052303,-20.38815,-20.565691,-20.856167,-21.1455,-22.177206,99.0,99.0,99.0,99.0,99.0,-19.980747,-20.242643,-20.60055,-20.960424,-22.123802,0.8283746,344
6000100000034,6000100000044,6000100000033,6000100000034,29000600000614,29000600000614,6000100000000,6000100000035,-1,0,29,2.6188614,10.93034,25848,17.493568,51.586895,39.459282,211073,1,5,4,72.087326,66.920715,-93.92702,134,10.93034,0.033415943,118.606895,120.07309,0.58723044,0.14355159,0.0,0.34544396,0.65156555,0.0,0.0042937337,7.5009133E-4,0.0,0.0010457874,0.0014657347,2.027622,0.0,43.388664,0.007292853,0.029927177,-20.16551,-20.346022,-20.63651,-20.92687,-21.95891,99.0,99.0,99.0,99.0,99.0,-19.978935,-20.195692,-20.516445,-20.840055,-21.933805,0.7425618,702
6000100000035,6000100000044,6000100000034,6000100000035,28000600000606,28000600000606,6000100000000,6000100000036,-1,0,28,2.8311827,10.500011,25848,17.466557,51.53456,39.537502,211073,1,5,4,72.35427,66.10402,-94.02805,133,10.500011,0.031242047,120.22509,130.5275,0.5335542,0.12610804,0.0,0.38100654,0.626889,0.0,0.0037859718,6.263311E-4,0.0,9.403377E-4,0.0012846229,2.2031035,0.0,43.48748,0.0062842695,0.029018385,-20.204613,-20.360918,-20.63686,-20.920633,-21.936378,99.0,99.0,99.0,99.0,99.0,-19.975937,-20.182247,-20.496984,-20.820942,-21.90824,0.62453556,705
6000100000036,6000100000044,6000100000035,6000100000036,27000600000596,27000600000596,6000100000000,6000100000037,-1,0,27,3.060419,9.295093,25848,17.430353,51.496075,39.59462,211073,1,5,4,63.65599,68.755714,-98.62764,114,9.295093,0.028381407,118.68064,135.86235,0.5019066,0.10830966,0.0,0.26262617,0.6031041,0.0,0.0033412704,5.0416106E-4,0.0,7.2909903E-4,0.0011259769,2.9152622,0.0,43.338726,0.0050875572,0.025440542,-20.298897,-20.418856,-20.666939,-20.930048,-21.883423,99.0,99.0,99.0,99.0,99.0,-20.01426,-20.189032,-20.483267,-20.797184,-21.845015,0.5173048,614
6000100000037,6000100000044,6000100000036,6000100000037,26000600000508,26000600000508,6000100000000,6000100000038,-1,0,26,3.3080978,8.692633,25848,17.415173,51.46246,39.659466,211073,1,5,4,61.457153,65.05046,-88.401306,118,8.692633,0.026219988,119.40689,125.150276,0.53132117,0.086250775,0.0,0.25855836,0.51012814,0.0,0.0028088866,3.7361638E-4,0.0,6.135497E-4,7.434612E-4,2.8025656,0.0,43.404396,0.0052477024,0.024312787,-20.280996,-20.382626,-20.611858,-20.858915,-21.763033,99.0,99.0,99.0,99.0,99.0,-20.058086,-20.205898,-20.473083,-20.759394,-21.735403,0.44422328,386
6000100000038,6000100000044,6000100000037,6000100000038,25000600000473,25000600000473,6000100000000,6000100000039,-1,0,25,3.575905,9.036896,25848,17.381844,51.39844,39.71398,211073,1,5,4,60.570885,74.15231,-95.594215,110,9.036896,0.02505721,124.54126,132.45518,0.4649484,0.06643886,0.0,0.50310427,0.4224066,0.0,0.0021144573,2.7977536E-4,0.0,5.6962314E-4,5.32927E-4,2.841577,0.0,43.748196,0.0043698987,0.02323056,-20.227886,-20.307142,-20.519163,-20.748053,-21.615017,99.0,99.0,99.0,99.0,99.0,-19.973085,-20.106627,-20.363132,-20.636341,-21.58497,0.38211167,71
6000100000039,6000100000044,6000100000038,6000100000039,24000600000448,24000600000448,6000100000000,6000100000040,-1,0,24,3.8656828,6.885254,25848,17.341017,51.339478,39.761784,211073,1,5,4,54.403313,75.107315,-95.07264,98,6.885254,0.021559605,117.19513,126.50521,0.3939209,0.04771871,0.0,0.31013268,0.35189363,0.0,0.001482203,2.0194335E-4,0.0,3.4802646E-4,4.7933913E-4,1.9646804,0.0,43.53939,0.004667764,0.020337427,-19.839582,-19.925076,-20.138927,-20.368929,-21.22881,99.0,99.0,99.0,99.0,99.0,-19.687243,-19.805698,-20.046432,-20.302696,-21.210955,0.3438543,922
6000100000040,6000100000044,6000100000039,6000100000040,23000600000481,23000600000481,6000100000000,6000100000041,-1,0,23,4.1794686,6.1106625,25848,17.330894,51.31294,39.802944,211073,1,5,4,50.70997,64.37706,-82.90396,78,6.1106625,0.01949179,116.11498,119.28845,0.30898878,0.035685558,0.0,0.332281,0.3064988,0.0,9.9304E-4,1.6096677E-4,0.0,2.3778039E-4,4.8640018E-4,1.788585,0.0,43.5644,0.0039857426,0.017434616,-19.649294,-19.719118,-19.917473,-20.133486,-20.952518,99.0,99.0,99.0,99.0,99.0,-19.451904,-19.56395,-19.797636,-20.04627,-20.928799,0.28919142,228
6000100000041,6000100000044,6000100000040,6000100000041,22000600000440,22000600000440,6000100000000,6000100000042,-1,0,22,4.5195556,4.131152,25848,17.313782,51.2947,39.87133,211073,1,5,4,51.132694,67.1239,-81.736916,74,4.131152,0.016072847,105.13787,119.50274,0.28474355,0.025523594,0.0,0.07808526,0.26974612,0.0,5.966464E-4,1.3337894E-4,0.0,5.3650885E-5,5.596709E-4,0.4425639,0.0,42.65054,0.004448447,0.009608634,-19.21199,-19.279058,-19.477068,-19.699036,-20.544441,99.0,99.0,99.0,99.0,99.0,-19.159157,-19.237528,-19.4446,-19.675568,-20.537725,0.24126881,57
6000100000042,6000100000044,6000100000041,6000100000042,21000600000626,21000600000626,6000100000000,6000100000043,-1,0,21,4.888449,2.4959044,25848,17.31586,51.22887,39.924946,211073,1,5,4,57.73373,85.946236,-92.00971,45,2.4959044,0.0127496,91.75625,95.26016,0.046032034,0.02319632,0.0,0.0025090326,0.3186287,0.0,3.5498853E-4,1.2905367E-4,0.0,7.5554426E-6,7.292612E-4,2.0020213,0.0,43.695335,4.5121083E-4,0.015055507,-19.538055,-19.550333,-19.732971,-19.945665,-20.822582,99.0,99.0,99.0,99.0,99.0,-17.118608,-17.40714,-17.85365,-18.427668,-20.22482,0.13717471,845
6000100000043,6000100000044,6000100000042,6000100000043,20000600001211,20000600001211,6000100000000,6000100000044,-1,0,20,5.2888336,1.3770508,25848,17.244555,51.22651,39.96698,211073,1,5,4,70.90693,71.67184,-93.468414,20,1.3770508,0.009799652,77.73912,79.51523,0.03502811,0.013475449,0.0,0.0,0.16731742,0.0,3.3479882E-4,4.851173E-5,0.0,0.0,3.2592355E-4,2.38592,0.0,0.0,5.809464E-4,0.009799652,-19.082964,-19.110998,-19.30727,-19.5199,-20.369509,99.0,99.0,99.0,99.0,99.0,-17.301256,-17.553362,-17.96407,-18.458693,-19.967064,0.07979823,398
6000100000044,6000100000044,6000100000043,6000100000044,19000600000965,19000600000965,6000100000000,-1,-1,0,19,5.7238646,1.3770508,25848,17.173637,51.22221,40.003414,211073,1,5,4,64.816895,70.95819,-90.48711,22,1.3770508,0.009172249,80.35391,80.536804,0.11064698,0.0027988532,0.0,0.01960041,0.08311934,0.0,1.3513993E-4,1.6719792E-6,0.0,2.965202E-6,7.530935E-6,0.6802531,0.0,42.069504,0.0015844248,0.007856489,-17.925243,-17.784937,-17.834461,-17.864202,-18.152039,99.0,99.0,99.0,99.0,99.0,-17.860584,-17.732967,-17.792961,-17.83377,-18.142418,0.026645351,241
6000100000045,6000100000054,6000100000026,6000100000053,36000600000316,36000600000315,6000100000000,6000100000046,-1,2,36,1.5036365,52.413994,25860,17.805933,51.888798,39.045574,209326,1,5,4,116.44607,215.80101,-161.48895,21,1.3770508,0.015017558,62.797924,65.48312,0.05982508,0.0038518608,0.0,0.0,0.0,0.0,1.6660108E-4,4.988668E-6,0.0,0.0,0.0,0.006926556,0.0,39.89121,0.004912831,0.003622062,-14.889989,-15.332625,-15.788829,-16.167078,-17.215618,99.0,99.0,99.0,99.0,99.0,-14.88515,-15.328636,-15.785602,-16.164732,-17.214931,1.9243177,502
6000100000046,6000100000054,6000100000045,6000100000054,34000600000328,34000600000327,6000100000000,6000100000047,-1,2,34,1.766336,25.561504,25851,17.81733,51.80613,39.415962,211082,1,5,4,-10.72511,57.358,-229.8771,21,1.3770508,0.015017558,62.797924,65.48312,0.061019868,0.0036845317,0.0,0.0,0.0,0.0,1.6103749E-4,4.535553E-6,0.0,0.0,0.0,0.011180665,0.0,39.89121,0.004912831,0.003622062,-15.29007,-15.645654,-16.048649,-16.393797,-17.379385,99.0,99.0,99.0,99.0,99.0,-15.284175,-15.641035,-16.045013,-16.391184,-17.378633,1.416457,38
6000100000047,6000100000054,6000100000046,6000100000055,33000600000374,33000600000373,6000100000000,6000100000048,-1,2,33,1.9126327,17.213135,25851,17.793642,51.75247,39.534725,211080,1,5,4,94.17229,135.0693,-187.38232,21,1.3770508,0.015017558,62.797924,65.48312,0.061921835,0.003558212,0.0,0.0,0.0,0.0,1.5672237E-4,4.2093734E-6,0.0,0.0,0.0,0.015250705,0.0,39.89121,0.004912831,0.003622062,-15.463723,-15.773175,-16.144077,-16.468527,-17.409586,99.0,99.0,99.0,99.0,99.0,-15.4586315,-15.76916,-16.140911,-16.46625,-17.408934,1.1901463,403
6000100000048,6000100000054,6000100000047,6000100000056,32000600000553,32000600000553,6000100000000,6000100000049,-1,2,32,2.0700274,16.352478,25851,17.71444,51.629406,39.657104,211080,1,5,4,82.79038,271.43857,-262.47958,21,1.3770508,0.015017558,62.797924,65.48312,0.06309378,0.0033940847,0.0,0.0,0.0,0.0,1.5097193E-4,3.8059165E-6,0.0,0.0,0.0,0.020486483,0.0,39.89121,0.004912831,0.003622062,-15.635941,-15.901198,-16.238398,-16.538164,-17.414207,99.0,99.0,99.0,99.0,99.0,-15.631746,-15.897833,-16.235716,-16.536228,-17.413649,0.98249024,104
6000100000049,6000100000054,6000100000048,6000100000057,31000600000592,31000600000592,6000100000000,6000100000050,-1,2,31,2.2394855,15.663952,25851,17.719017,51.515503,39.805782,211080,1,5,4,-47.91932,94.56461,-234.97963,21,1.3770508,0.015017558,62.797924,65.48312,0.06458888,0.0031846962,0.0,0.0,0.0,0.0,1.4340413E-4,3.3239328E-6,0.0,0.0,0.0,0.027099753,0.0,39.89121,0.004912831,0.003622062,-15.792072,-16.005697,-16.301727,-16.573029,-17.37755,99.0,99.0,99.0,99.0,99.0,-15.7870245,-16.00179,-16.298677,-16.570854,-17.376936,0.7929922,78
6000100000050,6000100000054,6000100000049,6000100000058,30000600000568,30000600000568,6000100000000,6000100000051,-1,2,30,2.422044,13.942638,25851,17.711666,51.51264,39.923725,211080,1,5,4,112.59821,-52.912025,-159.1576,21,1.3770508,0.015017558,62.797924,65.48312,0.06646153,0.002922434,0.0,0.0,0.0,0.0,1.3356766E-4,2.7707733E-6,0.0,0.0,0.0,0.035301868,0.0,39.89121,0.004912831,0.003622062,-15.91089,-16.073586,-16.331497,-16.57992,-17.33588,99.0,99.0,99.0,99.0,99.0,-15.907389,-16.070711,-16.32918,-16.578236,-17.33539,0.62066704,830
6000100000051,6000100000054,6000100000050,6000100000059,29000600000597,29000600000597,6000100000000,6000100000052,-1,2,29,2.6188614,11.360668,25851,17.644833,51.52774,39.957764,211080,1,5,4,82.28953,26.382118,-22.153658,21,1.3770508,0.015017558,62.797924,65.48312,0.06876482,0.0025998608,0.0,0.0,0.0,0.0,1.2093886E-4,2.1652386E-6,0.0,0.0,0.0,0.045292176,0.0,39.89121,0.004912831,0.003622062,-16.050644,-16.165493,-16.38895,-16.619032,-17.33311,99.0,99.0,99.0,99.0,99.0,-16.047049,-16.162697,-16.386766,-16.617481,-17.332672,0.46386924,962
6000100000052,6000100000054,6000100000051,6000100000060,28000600000595,28000600000595,6000100000000,6000100000053,-1,2,28,2.8311827,6.971319,25851,17.604988,51.502354,39.99337,211080,1,5,4,74.40266,70.01826,-111.352196,21,1.3770508,0.015017558,62.797924,65.48312,0.071547054,0.002210213,0.0,0.0,0.0,0.0,1.0492988E-4,1.5401047E-6,0.0,0.0,0.0,0.057246346,0.0,39.89121,0.004912831,0.003622062,-16.167778,-16.24523,-16.44496,-16.66117,-17.332935,99.0,99.0,99.0,99.0,99.0,-16.16485,-16.242933,-16.443153,-16.659876,-17.332563,0.31993604,489
6000100000053,6000100000054,6000100000052,6000100000070,27000600002682,27000600002682,6000100000000,6000100000054,-1,0,27,3.060419,1.3770508,25848,17.568884,51.451515,40.066753,211077,1,5,4,79.60131,96.8433,-103.65509,21,1.3770508,0.015017558,62.797924,65.48312,0.074849315,0.0017477329,0.0,0.0013315767,0.073895305,0.0,8.4898864E-5,9.43118E-7,0.0,2.2564188E-7,5.9183094E-6,0.07094231,0.0,39.89121,0.004912831,0.003622062,-16.295374,-16.333834,-16.516068,-16.723547,-17.334776,99.0,99.0,99.0,99.0,99.0,-16.293678,-16.332457,-16.51496,-16.72274,-17.334536,0.18378317,5
6000100000054,6000100000054,6000100000053,6000100000071,26000600002532,26000600002532,6000100000000,-1,-1,0,26,3.3080978,1.2909851,25848,17.531063,51.39261,40.125805,211077,1,5,4,82.38863,100.95715,-107.67609,24,1.2909851,0.013885316,63.2343,65.34262,0.07841019,0.001210935,0.0,0.0034258182,0.06316168,0.0,6.028748E-5,4.3824548E-7,0.0,2.5848732E-7,2.7491978E-6,0.17129734,0.0,40.292755,0.0024482436,0.004211944,-17.118708,-17.076231,-17.199984,-17.303143,-17.605259,99.0,99.0,99.0,99.0,99.0,-17.11444,-17.072638,-17.197002,-17.30086,-17.604431,0.04175527,931
6000100000055,6000100000077,6000100000020,6000100000021,42000600000398,42000600000398,6000100000000,6000100000056,-1,2,42,0.9054624,58.180393,25860,17.980284,52.21335,38.62762,209326,2,5,4,149.42345,9.766709,-168.3915,30,2.581971,0.028748931,62.149094,88.07478,0.032142814,0.34760603,0.0,0.0,0.0,0.0,9.860151E-4,0.0032556443,0.0,0.0,0.0,0.012822083,0.0,43.592915,0.0026253643,0.037595723,-18.386223,-19.139845,-19.776781,-20.307297,-21.728975,99.0,99.0,99.0,99.0,99.0,-18.093283,-18.896767,-19.578693,-20.161888,-21.685621,3.7457383,423
6000100000056,6000100000077,6000100000055,6000100000022,41000600000362,41000600000362,6000100000000,6000100000057,-1,2,41,0.98870814,56.373016,25860,17.939548,52.167164,38.70282,209326,2,5,4,85.8986,258.1405,-158.0152,30,2.581971,0.028748931,62.149094,88.07478,0.033497877,0.34741628,0.0,0.0,0.0,0.0,0.001017395,0.0032498536,0.0,0.0,0.0,0.027760657,0.0,43.592915,0.0026253643,0.037595723,-18.538877,-19.270962,-19.894836,-20.41387,-21.82725,99.0,99.0,99.0,99.0,99.0,-18.233957,-19.017939,-19.688581,-20.262388,-21.78203,3.3919773,437
6000100000057,6000100000077,6000100000056,6000100000023,40000600000363,40000600000363,6000100000000,6000100000058,-1,2,40,1.0778745,57.147606,25860,17.91891,52.113014,38.80777,209326,2,5,4,-12.155241,77.0956,-122.0659,30,2.581971,0.028748931,62.149094,88.07478,0.036368895,0.34701422,0.0,0.0,0.0,0.0,0.0010825826,0.0032377713,0.0,0.0,0.0,0.05900512,0.0,43.592915,0.0026253643,0.037595723,-18.715881,-19.414637,-20.020346,-20.52587,-21.928799,99.0,99.0,99.0,99.0,99.0,-18.379517,-19.13748,-19.794271,-20.358805,-21.877298,3.0475924,221
6000100000058,6000100000077,6000100000057,6000100000024,39000600000319,39000600000319,6000100000000,6000100000059,-1,2,39,1.173417,58.180393,25860,17.848736,52.030567,38.886326,209326,1,5,4,90.908134,54.390553,-140.46341,30,2.581971,0.028748931,62.149094,88.07478,0.042319003,0.3461809,0.0,0.0,0.0,0.0,0.0012125655,0.0032134666,0.0,0.0,0.0,0.12285537,0.0,43.592915,0.0026253643,0.037595723,-18.93116,-19.584719,-20.16782,-20.659088,-22.052904,99.0,99.0,99.0,99.0,99.0,-18.588549,-19.30405,-19.93902,-20.4896,-22.000084,2.7150643,759
6000100000059,6000100000077,6000100000058,6000100000025,38000600000315,38000600000315,6000100000000,6000100000060,-1,2,38,1.2758462,59.815643,25860,17.862516,51.95478,38.965866,209326,2,5,4,88.33783,203.22987,-196.53262,30,2.581971,0.028748931,62.149094,88.07478,0.054357115,0.34449497,0.0,0.0,0.0,0.0,0.0014576508,0.0031668528,0.0,0.0,0.0,0.25009823,0.0,43.592915,0.0026253643,0.037595723,-19.201523,-19.797314,-20.35194,-20.826162,-22.202555,99.0,99.0,99.0,99.0,99.0,-18.764925,-19.439436,-20.059727,-20.60922,-22.134878,2.3976517,977
6000100000060,6000100000077,6000100000059,6000100000026,37000600000313,37000600000313,6000100000000,6000100000061,-1,2,37,1.3857181,56.373016,25860,17.812473,51.916023,39.015816,209326,1,5,4,-19.11825,52.45612,-7.113521,30,2.581971,0.028748931,62.149094,88.07478,0.07808747,0.34117153,0.0,0.0,0.0,0.0,0.0018868698,0.0030826305,0.0,0.0,0.0,0.4969409,0.0,43.592915,0.0026253643,0.037595723,-19.50911,-20.028986,-20.544294,-20.995605,-22.34365,99.0,99.0,99.0,99.0,99.0,-18.954252,-19.577158,-20.17437,-20.718134,-22.252607,2.099917,397
6000100000061,6000100000077,6000100000060,6000100000053,36000600000316,36000600000315,6000100000000,6000100000062,-1,1,36,1.5036365,52.413994,25851,17.796204,51.875393,39.06542,211082,1,5,4,30.20467,74.09928,-181.54565,30,2.581971,0.028748931,62.149094,88.07478,0.123589896,0.33479893,0.0,0.0,0.0,0.0,0.0025715623,0.0029406976,0.0,0.0,0.0,1.4199655,0.0,43.592915,0.0026253643,0.037595723,-19.795868,-20.243208,-20.713894,-21.137476,-22.442354,99.0,99.0,99.0,99.0,99.0,-19.21092,-19.751947,-20.30987,-20.83809,-22.351782,1.8284402,586
6000100000062,6000100000077,6000100000061,6000100000054,34000600000328,34000600000327,6000100000000,6000100000063,-1,1,34,1.766336,25.561504,25851,17.769724,51.760143,39.40735,211082,1,5,4,41.219208,99.70797,-250.94862,111,9.553292,0.04081568,100.330505,127.55414,0.3685248,0.3004959,0.0,0.0,0.0,0.0,0.00475833,0.0023934706,0.0,0.0,0.0,2.4223835,0.0,43.592915,0.0047304756,0.037595723,-20.33979,-20.629051,-21.000996,-21.35528,-22.52134,99.0,99.0,99.0,99.0,99.0,-19.92811,-20.29922,-20.732624,-21.153051,-22.452414,1.4165231,252
6000100000063,6000100000077,6000100000062,6000100000055,33000600000374,33000600000373,6000100000000,6000100000064,-1,1,33,1.9126327,17.213135,25851,17.753399,51.689983,39.543766,211080,1,5,4,35.049004,91.66404,-217.31856,138,11.877067,0.041933585,110.3681,126.75581,0.5639432,0.27312776,0.0,0.0,0.0,0.0,0.0055265506,0.0020878299,0.0,0.0,0.0,3.4063349,0.0,43.592915,0.005685865,0.037595723,-20.526464,-20.77247,-21.112396,-21.440449,-22.53784,99.0,99.0,99.0,99.0,99.0,-20.303255,-20.589695,-20.96431,-21.331518,-22.504936,1.2721388,472
6000100000064,6000100000077,6000100000063,6000100000056,32000600000553,32000600000553,6000100000000,6000100000065,-1,0,32,2.0700274,16.352478,25851,17.734331,51.645386,39.65759,211080,1,5,4,34.15928,87.34241,-207.34186,207,16.352478,0.044494297,125.721504,129.88187,0.8256999,0.23646897,0.0,0.6532084,0.8269992,0.0,0.0057870685,0.0017855453,0.0,0.0021386256,0.0027443497,3.461083,0.0,43.592915,0.007176677,0.037595723,-20.578924,-20.789066,-21.104206,-21.413029,-22.472355,99.0,99.0,99.0,99.0,99.0,-20.381876,-20.633041,-20.980658,-21.32224,-22.445618,1.18913,357
6000100000065,6000100000077,6000100000064,6000100000057,31000600000592,31000600000592,6000100000000,6000100000066,-1,0,31,2.2394855,15.663952,25851,17.71855,51.59061,39.774616,211080,1,5,4,36.75282,80.73967,-200.84688,187,15.663952,0.041762058,127.0076,137.39078,0.7617262,0.20109382,0.0,0.78974134,0.684425,0.0,0.004694465,0.0015569951,0.0,0.0019053349,0.002433974,3.2697077,0.0,43.73626,0.0065628174,0.03717759,-20.460434,-20.643927,-20.94532,-21.245338,-22.311,99.0,99.0,99.0,99.0,99.0,-20.223253,-20.465601,-20.81006,-21.149069,-22.285133,1.1314179,396
6000100000066,6000100000077,6000100000065,6000100000058,30000600000568,30000600000568,6000100000000,6000100000067,-1,0,30,2.422044,13.942638,25851,17.68625,51.53142,39.88197,211080,1,5,4,38.59995,79.74544,-191.43613,166,13.942638,0.038186647,125.31027,135.57785,0.6180628,0.16945064,0.0,0.81528836,0.5534586,0.0,0.0035817581,0.0013725148,0.0,0.0015383922,0.0024292602,2.0047565,0.0,43.798244,0.006723885,0.036369905,-20.086388,-20.304974,-20.638418,-20.963564,-22.121275,99.0,99.0,99.0,99.0,99.0,-19.901691,-20.17607,-20.546017,-20.900955,-22.10617,1.0893558,85
6000100000067,6000100000077,6000100000066,6000100000059,29000600000597,29000600000597,6000100000000,6000100000068,-1,0,29,2.6188614,11.360668,25851,17.659845,51.463684,40.007004,211080,1,5,4,40.01799,83.24891,-185.88998,143,11.360668,0.03384884,120.143425,118.42404,0.38439474,0.15113205,0.0,0.6780311,0.51578945,0.0,0.0027969994,0.001259903,0.0,0.0010878078,0.0028093334,0.98736024,0.0,43.716175,0.0061815074,0.033240635,-19.720594,-20.007034,-20.378775,-20.727293,-21.921381,99.0,99.0,99.0,99.0,99.0,-19.51013,-19.866821,-20.279963,-20.661243,-21.905098,0.9900073,319
6000100000068,6000100000077,6000100000067,6000100000060,28000600000595,28000600000595,6000100000000,6000100000069,-1,0,28,2.8311827,6.971319,25851,17.633957,51.42052,40.132713,211084,1,5,4,42.82007,82.234955,-171.84239,136,6.971319,0.027255105,104.882614,124.94673,0.27358958,0.1426378,0.0,0.01950363,0.5647555,0.0,0.002573856,0.0011875227,0.0,2.7318997E-4,0.0034685363,0.5146747,0.0,41.793556,0.007983128,0.013185059,-19.526096,-19.856627,-20.23487,-20.583359,-21.74924,99.0,99.0,99.0,99.0,99.0,-19.482592,-19.821636,-20.206898,-20.563145,-21.743391,0.8368117,937
6000100000069,6000100000077,6000100000068,6000100000061,27000600000813,27000600000813,6000100000000,6000100000070,-1,0,27,3.060419,6.6270566,25851,17.604467,51.399513,40.22559,211084,1,5,4,38.95503,66.26735,-190.23657,83,6.6270566,0.02535457,106.02351,115.7772,0.12535691,0.13847989,0.0,0.09974074,0.6606477,0.0,0.0018660392,0.0011502155,0.0,6.779565E-4,0.0035867144,1.5481098,0.0,42.82617,0.002210415,0.023903605,-19.902517,-20.130606,-20.45206,-20.768095,-21.877867,99.0,99.0,99.0,99.0,99.0,-19.284048,-19.641329,-20.06371,-20.487505,-21.797062,0.6647676,465
6000100000070,6000100000077,6000100000069,6000100000062,26000600000745,26000600000745,6000100000000,6000100000071,-1,0,26,3.3080978,6.36886,25848,17.56779,51.370415,40.32787,211077,1,5,4,40.52707,60.719173,-176.89156,82,6.36886,0.023637557,107.6464,111.793304,0.18532436,0.12676583,0.0,0.014604696,0.6659016,0.0,0.0022472139,9.911373E-4,0.0,1.12323985E-4,0.0033137207,1.0296603,0.0,41.54017,0.002677416,0.008341315,-20.022738,-20.206932,-20.498007,-20.794455,-21.870184,99.0,99.0,99.0,99.0,99.0,-19.489618,-19.79066,-20.170181,-20.559505,-21.803549,0.5351598,450
6000100000071,6000100000077,6000100000070,6000100000063,25000600000558,25000600000558,6000100000000,6000100000072,-1,0,25,3.575905,6.4549255,25848,17.54429,51.321377,40.442112,211077,1,5,4,37.868023,58.86796,-171.07225,93,6.4549255,0.022398729,111.32787,122.14866,0.11342364,0.119486935,0.0,0.030324077,0.7573814,0.0,0.0017069113,8.9486176E-4,0.0,2.4445727E-4,0.0034350674,2.5685108,0.0,42.119164,0.0014412964,0.011607229,-20.307224,-20.440756,-20.70309,-20.985186,-22.019663,99.0,99.0,99.0,99.0,99.0,-19.2559,-19.570862,-19.992188,-20.4589,-21.861452,0.39382973,845
6000100000072,6000100000077,6000100000071,6000100000064,24000600000525,24000600000525,6000100000000,6000100000073,-1,0,24,3.8656828,6.540991,25848,17.525263,51.293713,40.521618,211077,1,5,4,36.34906,59.62704,-161.56107,85,6.540991,0.021194117,115.20838,129.41548,0.110567674,0.10256573,0.0,0.0879006,0.74424267,0.0,0.0015799771,6.739249E-4,0.0,6.286494E-4,0.0025156424,3.6047213,0.0,42.94646,0.001317946,0.019229632,-20.407866,-20.514082,-20.759218,-21.033451,-22.03351,99.0,99.0,99.0,99.0,99.0,-19.268478,-19.55959,-19.971996,-20.445833,-21.853506,0.28794065,14
6000100000073,6000100000077,6000100000072,6000100000065,23000600000444,23000600000444,6000100000000,6000100000074,-1,0,23,4.1794686,6.7131224,25848,17.49889,51.26044,40.6139,211077,1,5,4,39.07998,63.69851,-156.05844,84,6.7131224,0.020112395,119.81201,125.169624,0.23208663,0.08048772,0.0,0.08383432,0.6892845,0.0,0.0020093173,4.288896E-4,0.0,2.873417E-4,0.0015106463,5.1154237,0.0,42.825504,0.0014163533,0.013815468,-20.709368,-20.737234,-20.928085,-21.148691,-22.062365,99.0,99.0,99.0,99.0,99.0,-19.6447,-19.866676,-20.223576,-20.634949,-21.912392,0.19646788,727
6000100000074,6000100000077,6000100000073,6000100000066,22000600000428,22000600000428,6000100000000,6000100000075,-1,0,22,4.5195556,5.4221373,25848,17.4869,51.21677,40.674557,211077,1,5,4,34.533924,60.59569,-145.64552,75,5.4221373,0.017597836,115.11333,139.23892,0.22954722,0.05142409,0.0,0.043905113,0.5522376,0.0,0.0015517004,2.0884635E-4,0.0,1.1233077E-4,8.3365367E-4,6.3152184,0.0,42.390373,0.0011731639,0.009405378,-20.627325,-20.627892,-20.797258,-20.98928,-21.832645,99.0,99.0,99.0,99.0,99.0,-19.269413,-19.491032,-19.85409,-20.269165,-21.568829,0.13542219,983
6000100000075,6000100000077,6000100000074,6000100000067,21000600000546,21000600000546,6000100000000,6000100000076,-1,0,21,4.888449,3.7868896,25848,17.471266,51.16913,40.740242,211077,1,5,4,40.65268,63.725056,-126.51812,50,3.7868896,0.014650354,105.435585,114.703026,0.3061019,0.018214745,0.0,0.01987864,0.26500016,0.0,7.4739E-4,4.6114474E-5,0.0,1.486812E-5,1.5029825E-4,1.5629077,0.0,41.68456,0.002074335,0.0043783663,-19.585001,-19.560421,-19.701305,-19.854876,-20.537481,99.0,99.0,99.0,99.0,99.0,-19.352842,-19.376183,-19.555555,-19.747622,-20.503824,0.13736765,456
6000100000076,6000100000077,6000100000075,6000100000068,20000600000416,20000600000416,6000100000000,6000100000077,-1,0,20,5.2888336,2.1516418,25848,17.463192,51.13079,40.80816,211077,1,5,4,41.164562,59.130726,-128.53217,49,2.1516418,0.011371489,90.20826,94.04851,0.10765865,0.010626006,0.0,0.010065291,0.2119428,0.0,4.1951492E-4,2.0673235E-5,0.0,9.306949E-6,1.0976829E-4,1.3221488,0.0,41.750854,0.0017470383,0.007855089,-18.808506,-18.833849,-19.023129,-19.228062,-20.009943,99.0,99.0,99.0,99.0,99.0,-18.658344,-18.714022,-18.928072,-19.158422,-19.987995,0.08930773,275
6000100000077,6000100000077,6000100000076,6000100000069,19000600000817,19000600000817,6000100000000,-1,-1,0,19,5.7238646,1.6352477,25848,17.459545,51.101116,40.88451,211077,1,5,4,23.64571,52.916496,-135.50099,25,1.6352477,0.009713007,85.09125,85.55735,0.12607798,0.004709608,0.0,0.00662174,0.12250157,0.0,2.180147E-4,3.9799515E-6,0.0,2.203329E-6,2.3676092E-5,1.1446564,0.0,41.139954,0.001165898,0.0044081914,-18.5684,-18.444452,-18.508457,-18.55617,-18.920605,99.0,99.0,99.0,99.0,99.0,-18.436968,-18.338594,-18.423796,-18.493486,-18.900324,0.024846254,949
6000100000078,6000100000113,-1,6000100000000,63000600000401,63000600000401,6000100000000,6000100000079,-1,2,63,0.0,74.44681,25859,18.410952,53.02147,37.373734,209336,2,5,4,-60.404636,55.949703,-226.25626,33,1.2909851,0.021881728,50.372066,58.986694,0.020520126,0.014113692,0.0,0.0,0.0,0.0,2.5065817E-4,6.8105626E-5,0.0,0.0,0.0,0.0,0.0,40.044727,0.004897434,0.012941507,-14.020511,-14.817139,-15.493793,-16.042664,-17.377592,99.0,99.0,99.0,99.0,99.0,-14.007599,-14.806492,-15.485178,-16.036398,-17.37576,10.619982,568
6000100000079,6000100000113,6000100000078,6000100000001,62000600000401,62000600000401,6000100000000,6000100000080,-1,2,62,0.019932542,74.10255,25859,18.42804,53.012493,37.419792,209336,2,5,4,-116.685265,32.668083,-237.34174,33,1.2909851,0.021881728,50.372066,58.986694,0.020520126,0.014113692,0.0,0.0,0.0,0.0,2.5065817E-4,6.8105626E-5,0.0,0.0,0.0,0.0,0.0,40.044727,0.004897434,0.012941507,-14.045232,-14.840265,-15.515635,-16.063282,-17.39621,99.0,99.0,99.0,99.0,99.0,-14.03232,-14.829618,-15.50702,-16.057016,-17.394379,10.356548,328
6000100000080,6000100000113,6000100000079,6000100000002,61000600000393,61000600000393,6000100000000,6000100000081,-1,2,61,0.041403063,73.93041,25859,18.462643,53.0092,37.468197,209336,2,5,4,-227.26813,-11.338559,-187.99548,33,1.2909851,0.021881728,50.372066,58.986694,0.020520126,0.014113692,0.0,0.0,0.0,0.0,2.5065817E-4,6.8105626E-5,0.0,0.0,0.0,0.0,0.0,40.044727,0.004897434,0.012941507,-14.071716,-14.8649,-15.538803,-16.085068,-17.416328,99.0,99.0,99.0,99.0,99.0,-14.0588045,-14.854254,-15.530189,-16.078802,-17.414497,10.080691,62
6000100000081,6000100000113,6000100000080,6000100000003,60000600000337,60000600000337,6000100000000,6000100000082,-1,2,60,0.064493395,73.93041,25859,18.509216,53.01115,37.486214,209336,2,5,4,-149.52718,11.186492,-28.997108,33,1.2909851,0.021881728,50.372066,58.986694,0.020520126,0.014113692,0.0,0.0,0.0,0.0,2.5065817E-4,6.8105626E-5,0.0,0.0,0.0,0.0,0.0,40.044727,0.004897434,0.012941507,-14.100295,-14.89138,-15.563672,-16.10859,-17.438519,99.0,99.0,99.0,99.0,99.0,-14.087383,-14.8807335,-15.555058,-16.102324,-17.436686,9.79284,305
6000100000082,6000100000113,6000100000081,6000100000004,59000600000396,59000600000396,6000100000000,6000100000083,-1,2,59,0.08928783,75.2214,25859,18.53574,53.006557,37.492985,209336,2,5,4,-81.13748,22.985085,-33.132256,33,1.2909851,0.021881728,50.372066,58.986694,0.020520126,0.014113692,0.0,0.0,0.0,0.0,2.5065817E-4,6.8105626E-5,0.0,0.0,0.0,0.0,0.0,40.044727,0.004897434,0.012941507,-14.130797,-14.919597,-15.5900955,-16.133509,-17.46191,99.0,99.0,99.0,99.0,99.0,-14.117886,-14.90895,-15.581481,-16.127243,-17.46008,9.4935255,465
6000100000083,6000100000113,6000100000082,6000100000005,58000600000411,58000600000411,6000100000000,6000100000084,-1,2,58,0.11588337,77.37304,25859,18.5501,52.99993,37.50355,209336,2,5,4,-32.377094,28.256876,-53.466953,33,1.2909851,0.021881728,50.372066,58.986694,0.020520126,0.014113692,0.0,0.0,0.0,0.0,2.5065817E-4,6.8105626E-5,0.0,0.0,0.0,0.0,0.0,40.044727,0.004897434,0.012941507,-14.163549,-14.949689,-15.618177,-16.159939,-17.48624,99.0,99.0,99.0,99.0,99.0,-14.150638,-14.939042,-15.609563,-16.153673,-17.484407,9.183269,238
6000100000084,6000100000113,6000100000083,6000100000006,57000600000408,57000600000408,6000100000000,6000100000085,-1,2,57,0.14438343,76.426315,25859,18.554901,52.991802,37.52233,209337,2,5,4,-9.946872,32.18517,-90.5863,33,1.2909851,0.021881728,50.372066,58.986694,0.020520126,0.014113692,0.0,0.0,0.0,0.0,2.5065817E-4,6.8105626E-5,0.0,0.0,0.0,0.0,0.0,40.044727,0.004897434,0.012941507,-14.198083,-14.981241,-15.647459,-16.187355,-17.511465,99.0,99.0,99.0,99.0,99.0,-14.185172,-14.970594,-15.6388445,-16.18109,-17.509634,8.862681,989
6000100000085,6000100000113,6000100000084,6000100000007,56000600000415,56000600000415,6000100000000,6000100000086,-1,2,56,0.17489761,75.90992,25859,18.558014,52.980213,37.55126,209337,2,5,4,-11.456525,50.049423,-107.30106,33,1.2909851,0.021881728,50.372066,58.986694,0.020520126,0.014113692,0.0,0.0,0.0,0.0,2.5065817E-4,6.8105626E-5,0.0,0.0,0.0,0.0,0.0,40.044727,0.004897434,0.012941507,-14.236308,-15.016535,-15.680639,-16.218897,-17.541645,99.0,99.0,99.0,99.0,99.0,-14.223396,-15.005888,-15.672025,-16.212631,-17.539814,8.5324545,707
6000100000086,6000100000113,6000100000085,6000100000008,55000600000366,55000600000366,6000100000000,6000100000087,-1,2,55,0.20754863,75.99599,25859,18.561697,52.962616,37.583782,209337,2,5,4,-11.144444,62.930073,-104.08601,33,1.2909851,0.021881728,50.372066,58.986694,0.020520126,0.014113692,0.0,0.0,0.0,0.0,2.5065817E-4,6.8105626E-5,0.0,0.0,0.0,0.0,0.0,40.044727,0.004897434,0.012941507,-14.27999,-15.057456,-15.719732,-16.256273,-17.578491,99.0,99.0,99.0,99.0,99.0,-14.267078,-15.046809,-15.711118,-16.250008,-17.57666,8.193297,351
6000100000087,6000100000113,6000100000086,6000100000009,54000600000406,54000600000406,6000100000000,6000100000088,-1,2,54,0.24246909,74.87714,25859,18.562967,52.942364,37.615402,209337,2,5,4,5.400614,63.90152,-96.107475,33,1.2909851,0.021881728,50.372066,58.986694,0.020520126,0.014113692,0.0,0.0,0.0,0.0,2.5065817E-4,6.8105626E-5,0.0,0.0,0.0,0.0,0.0,40.044727,0.004897434,0.012941507,-14.323764,-15.097517,-15.75733,-16.291473,-17.612135,99.0,99.0,99.0,99.0,99.0,-14.310853,-15.08687,-15.748715,-16.285208,-17.610304,7.846003,662
6000100000088,6000100000113,6000100000087,6000100000010,53000600000368,53000600000368,6000100000000,6000100000089,-1,2,53,0.2798018,71.77877,25859,18.557259,52.921158,37.6474,209337,2,5,4,31.468393,64.29203,-100.06121,33,1.2909851,0.021881728,50.372066,58.986694,0.020520126,0.014113692,0.0,0.0,0.0,0.0,2.5065817E-4,6.8105626E-5,0.0,0.0,0.0,0.0,0.0,40.044727,0.004897434,0.012941507,-14.368409,-15.13774,-15.794437,-16.325714,-17.644342,99.0,99.0,99.0,99.0,99.0,-14.355497,-15.127093,-15.785823,-16.319448,-17.64251,7.491438,918
6000100000089,6000100000113,6000100000088,6000100000011,52000600000351,52000600000351,6000100000000,6000100000090,-1,2,52,0.31970343,70.143524,25859,18.543386,52.896816,37.68633,209336,2,5,4,42.218338,77.64096,-123.42484,33,1.2909851,0.021881728,50.372066,58.986694,0.020520126,0.014113692,0.0,0.0,0.0,0.0,2.5065817E-4,6.8105626E-5,0.0,0.0,0.0,0.0,0.0,40.044727,0.004897434,0.012941507,-14.418317,-15.1837015,-15.837701,-16.366896,-17.68596,99.0,99.0,99.0,99.0,99.0,-14.405405,-15.173055,-15.829086,-16.36063,-17.68413,7.130511,572
6000100000090,6000100000113,6000100000089,6000100000012,51000600000366,51000600000366,6000100000000,6000100000091,-1,2,51,0.36234027,68.680405,25859,18.529562,52.86521,37.733974,209336,2,5,4,32.15774,93.69153,-132.84178,33,1.2909851,0.021881728,50.372066,58.986694,0.020520126,0.014113692,0.0,0.0,0.0,0.0,2.5065817E-4,6.8105626E-5,0.0,0.0,0.0,0.0,0.0,40.044727,0.004897434,0.012941507,-14.4706,-15.231783,-15.88293,-16.410063,-17.730167,99.0,99.0,99.0,99.0,99.0,-14.457688,-15.221136,-15.874315,-16.403797,-17.728336,6.7642393,289
6000100000091,6000100000113,6000100000090,6000100000013,50000600000362,50000600000362,6000100000000,6000100000092,-1,2,50,0.40789944,68.42221,25859,18.518553,52.82769,37.78322,209336,2,5,4,29.830496,98.44069,-121.041565,33,1.2909851,0.021881728,50.372066,58.986694,0.020520126,0.014113692,0.0,0.0,0.0,0.0,2.5065817E-4,6.8105626E-5,0.0,0.0,0.0,0.0,0.0,40.044727,0.004897434,0.012941507,-14.524294,-15.280074,-15.92683,-16.449839,-17.767237,99.0,99.0,99.0,99.0,99.0,-14.511382,-15.269427,-15.918216,-16.443573,-17.765406,6.393636,544
6000100000092,6000100000113,6000100000091,6000100000014,49000600000380,49000600000380,6000100000000,6000100000093,-1,2,49,0.45657724,64.46319,25859,18.500355,52.789185,37.831524,209336,2,5,4,60.829937,96.74487,-126.985664,33,1.2909851,0.021881728,50.372066,58.986694,0.020520126,0.014113692,0.0,0.0,0.0,0.0,2.5065817E-4,6.8105626E-5,0.0,0.0,0.0,0.0,0.0,40.044727,0.004897434,0.012941507,-14.5797825,-15.329167,-15.970327,-16.487532,-17.799326,99.0,99.0,99.0,99.0,99.0,-14.566871,-15.318521,-15.961713,-16.481266,-17.797495,6.0198436,716
6000100000093,6000100000113,6000100000092,6000100000015,48000600000380,48000600000380,6000100000000,6000100000094,-1,2,48,0.5085914,61.881218,25859,18.470778,52.746605,37.890076,209336,2,5,4,76.28763,111.53781,-157.1012,33,1.2909851,0.021881728,50.372066,58.986694,0.020520126,0.014113692,0.0,0.0,0.0,0.0,2.5065817E-4,6.8105626E-5,0.0,0.0,0.0,0.0,0.0,40.044727,0.004897434,0.012941507,-14.63708,-15.379322,-16.014442,-16.52496,-17.82996,99.0,99.0,99.0,99.0,99.0,-14.624168,-15.368675,-16.005829,-16.518694,-17.828129,5.6440053,445
6000100000094,6000100000113,6000100000093,6000100000016,47000600000392,47000600000392,6000100000000,6000100000095,-1,2,47,0.5641766,61.536957,25860,18.440859,52.694313,37.959805,209322,2,5,4,63.662174,126.6734,-158.51242,33,1.2909851,0.021881728,50.372066,58.986694,0.020520126,0.014113692,0.0,0.0,0.0,0.0,2.5065817E-4,6.8105626E-5,0.0,0.0,0.0,0.0,0.0,40.044727,0.004897434,0.012941507,-14.692434,-15.424597,-16.051256,-16.552498,-17.84377,99.0,99.0,99.0,99.0,99.0,-14.6795225,-15.41395,-16.042643,-16.546232,-17.841936,5.26733,978
6000100000095,6000100000113,6000100000094,6000100000017,46000600000408,46000600000408,6000100000000,6000100000096,-1,2,46,0.6235901,61.536957,25860,18.410078,52.638027,38.026592,209322,2,5,4,80.69282,122.83876,-142.11888,33,1.2909851,0.021881728,50.372066,58.986694,0.020520126,0.014113692,0.0,0.0,0.0,0.0,2.5065817E-4,6.8105626E-5,0.0,0.0,0.0,0.0,0.0,40.044727,0.004897434,0.012941507,-14.755298,-15.479298,-16.099934,-16.596556,-17.88544,99.0,99.0,99.0,99.0,99.0,-14.742386,-15.468652,-16.091318,-16.59029,-17.88361,4.891038,255
6000100000096,6000100000113,6000100000095,6000100000018,45000600000414,45000600000414,6000100000000,6000100000097,-1,2,45,0.6871088,61.364822,25860,18.364817,52.580364,38.09707,209326,2,5,4,107.64682,133.36528,-171.34105,33,1.2909851,0.021881728,50.372066,58.986694,0.020520126,0.014113692,0.0,0.0,0.0,0.0,2.5065817E-4,6.8105626E-5,0.0,0.0,0.0,0.0,0.0,40.044727,0.004897434,0.012941507,-14.826993,-15.544535,-16.160315,-16.65342,-17.942114,99.0,99.0,99.0,99.0,99.0,-14.814081,-15.533888,-16.151701,-16.647154,-17.94028,4.516395,610
6000100000097,6000100000113,6000100000096,6000100000019,44000600000396,44000600000396,6000100000000,6000100000098,-1,2,44,0.75503564,60.934494,25860,18.315626,52.511055,38.18425,209326,2,5,4,94.828354,156.85068,-189.01471,33,1.2909851,0.021881728,50.372066,58.986694,0.020520126,0.014113692,0.0,0.0,0.0,0.0,2.5065817E-4,6.8105626E-5,0.0,0.0,0.0,0.0,0.0,40.044727,0.004897434,0.012941507,-14.908806,-15.621203,-16.233349,-16.724907,-18.01598,99.0,99.0,99.0,99.0,99.0,-14.895894,-15.610557,-16.224735,-16.718641,-18.014149,4.1446505,205
6000100000098,6000100000113,6000100000097,6000100000020,43000600000420,43000600000420,6000100000000,6000100000099,-1,2,43,0.8276991,61.709087,25860,18.268976,52.43291,38.272972,209326,2,5,4,110.25781,156.05943,-175.11874,33,1.2909851,0.021881728,50.372066,58.986694,0.020520126,0.014113692,0.0,0.0,0.0,0.0,2.5065817E-4,6.8105626E-5,0.0,0.0,0.0,0.0,0.0,40.044727,0.004897434,0.012941507,-15.01373,-15.726126,-16.33847,-16.832726,-18.135178,99.0,99.0,99.0,99.0,99.0,-15.000818,-15.715479,-16.329857,-16.82646,-18.133347,3.7770555,620
6000100000099,6000100000113,6000100000098,6000100000021,42000600000398,42000600000398,6000100000000,6000100000100,-1,2,42,0.9054624,58.180393,25860,18.202385,52.352688,38.36869,209326,2,5,4,151.0712,166.43826,-211.87276,33,1.2909851,0.021881728,50.372066,58.986694,0.020520126,0.014113692,0.0,0.0,0.0,0.0,2.5065817E-4,6.8105626E-5,0.0,0.0,0.0,0.0,0.0,40.044727,0.004897434,0.012941507,-15.125469,-15.833975,-16.441055,-16.929045,-18.227371,99.0,99.0,99.0,99.0,99.0,-15.112557,-15.823328,-16.43244,-16.922781,-18.22554,3.4148037,587
6000100000100,6000100000113,6000100000099,6000100000022,41000600000362,41000600000362,6000100000000,6000100000101,-1,2,41,0.98870814,56.373016,25860,18.124388,52.257942,38.489746,209326,2,5,4,147.46078,196.45515,-243.4138,33,1.2909851,0.021881728,50.372066,58.986694,0.020520126,0.014113692,0.0,0.0,0.0,0.0,2.5065817E-4,6.8105626E-5,0.0,0.0,0.0,0.0,0.0,40.044727,0.004897434,0.012941507,-15.262909,-15.96697,-16.567493,-17.045849,-18.336006,99.0,99.0,99.0,99.0,99.0,-15.249998,-15.956324,-16.55888,-17.039583,-18.334175,3.0591068,94
6000100000101,6000100000113,6000100000100,6000100000023,40000600000363,40000600000363,6000100000000,6000100000102,-1,2,40,1.0778745,57.147606,25860,18.03845,52.15203,38.62036,209326,2,5,4,189.66925,197.33296,-260.95456,33,1.2909851,0.021881728,50.372066,58.986694,0.020520126,0.014113692,0.0,0.0,0.0,0.0,2.5065817E-4,6.8105626E-5,0.0,0.0,0.0,0.0,0.0,40.044727,0.004897434,0.012941507,-15.39498,-16.084387,-16.67496,-17.14551,-18.42602,99.0,99.0,99.0,99.0,99.0,-15.382069,-16.07374,-16.666344,-17.139244,-18.424189,2.7110212,163
6000100000102,6000100000113,6000100000101,6000100000024,39000600000319,39000600000319,6000100000000,6000100000103,-1,2,39,1.173417,58.180393,25860,17.915092,52.051273,38.79832,209326,2,5,4,239.6026,196.42899,-413.96466,33,1.2909851,0.021881728,50.372066,58.986694,0.020520126,0.014113692,0.0,0.0,0.0,0.0,2.5065817E-4,6.8105626E-5,0.0,0.0,0.0,0.0,0.0,40.044727,0.004897434,0.012941507,-15.519706,-16.182713,-16.75706,-17.215979,-18.478235,99.0,99.0,99.0,99.0,99.0,-15.506794,-16.172066,-16.748446,-17.209713,-18.476404,2.371616,603
6000100000103,6000100000113,6000100000102,6000100000025,38000600000315,38000600000315,6000100000000,6000100000104,-1,2,38,1.2758462,59.815643,25860,17.799217,51.95857,39.044544,209326,1,5,4,173.1178,84.638794,-399.99884,33,1.2909851,0.021881728,50.372066,58.986694,0.020520126,0.014113692,0.0,0.0,0.0,0.0,2.5065817E-4,6.8105626E-5,0.0,0.0,0.0,0.0,0.0,40.044727,0.004897434,0.012941507,-15.694579,-16.337772,-16.90109,-17.351454,-18.608257,99.0,99.0,99.0,99.0,99.0,-15.681667,-16.327126,-16.892475,-17.345188,-18.606426,2.0418186,842
6000100000104,6000100000113,6000100000103,6000100000026,37000600000313,37000600000313,6000100000000,6000100000105,-1,2,37,1.3857181,56.373016,25851,17.710583,51.916317,39.247658,211082,1,5,4,133.91138,72.06689,-324.41666,33,1.2909851,0.021881728,50.372066,58.986694,0.020520126,0.014113692,0.0,0.0,0.0,0.0,2.5065817E-4,6.8105626E-5,0.0,0.0,0.0,0.0,0.0,40.044727,0.004897434,0.012941507,-15.916842,-16.52346,-17.06674,-17.50422,-18.752335,99.0,99.0,99.0,99.0,99.0,-15.903931,-16.512815,-17.058125,-17.497955,-18.750504,1.7224619,240
6000100000105,6000100000113,6000100000104,6000100000027,36000600000315,36000600000315,6000100000000,6000100000106,-1,2,36,1.5036365,52.413994,25851,17.641909,51.891018,39.401062,211082,1,5,4,127.580284,17.009104,-246.66945,33,1.2909851,0.021881728,50.372066,58.986694,0.020520126,0.014113692,0.0,0.0,0.0,0.0,2.5065817E-4,6.8105626E-5,0.0,0.0,0.0,0.0,0.0,40.044727,0.004897434,0.012941507,-16.262138,-16.84962,-17.389778,-17.837084,-19.156807,99.0,99.0,99.0,99.0,99.0,-16.249228,-16.838974,-17.381165,-17.830818,-19.154974,1.4142759,268
6000100000106,6000100000113,6000100000105,6000100000045,35000600002554,35000600002554,6000100000000,6000100000107,-1,0,35,1.6302707,1.2909851,25848,17.575335,51.86686,39.557224,211075,1,5,4,94.4501,69.099846,-259.63956,33,1.2909851,0.021881728,50.372066,58.986694,0.020520126,0.014113692,0.0,0.0020094311,0.16499694,0.0,2.5065817E-4,6.8105626E-5,0.0,2.659465E-6,2.1837205E-4,0.0,0.0,40.044727,0.004897434,0.012941507,-16.50637,-16.988714,-17.448105,-17.831133,-18.985897,99.0,99.0,99.0,99.0,99.0,-16.49346,-16.978067,-17.43949,-17.824867,-18.984066,1.1178529,326
6000100000107,6000100000113,6000100000106,6000100000046,34000600002587,34000600002587,6000100000000,6000100000108,-1,0,34,1.766336,1.7213135,25848,17.537678,51.766777,39.69039,211075,1,5,4,86.468864,64.87517,-245.13116,33,1.7213135,0.0230531,56.66766,68.53699,0.019816019,0.014113692,0.0,0.0026248097,0.21093374,0.0,2.4972635E-4,6.8105626E-5,0.0,3.4739137E-6,2.7916906E-4,0.0,0.0,40.24755,0.003390962,0.012317671,-16.856394,-17.246296,-17.648209,-18.002924,-19.10829,99.0,99.0,99.0,99.0,99.0,-16.830437,-17.224886,-17.630878,-17.990316,-19.1046,0.83370465,452
6000100000108,6000100000113,6000100000107,6000100000047,33000600002723,33000600002723,6000100000000,6000100000109,-1,0,33,1.9126327,2.4098387,25848,17.488596,51.744816,39.8254,211073,1,5,4,81.36217,60.240936,-234.35324,30,2.4098387,0.024640806,64.85396,68.51703,0.018984767,0.014113692,0.0,0.0022705481,0.27102092,0.0,2.4862622E-4,6.8105626E-5,0.0,4.1519597E-6,3.586939E-4,0.08364154,0.0,40.250355,0.0013052882,0.011234598,-17.431845,-17.682198,-18.003357,-18.317343,-19.343216,99.0,99.0,99.0,99.0,99.0,-17.189722,-17.484177,-17.841028,-18.195704,-19.302618,0.5621825,100
6000100000109,6000100000113,6000100000108,6000100000048,32000600002604,32000600002604,6000100000000,6000100000110,-1,0,32,2.0700274,2.840167,25848,17.425112,51.72712,39.973045,211073,1,5,4,72.31181,54.609756,-227.40144,30,2.840167,0.024825107,70.14494,87.46302,0.024989592,0.013213547,0.0,0.0055680424,0.2969831,0.0,2.7856434E-4,5.727497E-5,0.0,9.479503E-6,3.5013093E-4,0.6635304,0.0,40.584404,9.969409E-4,0.012634042,-18.195536,-18.334843,-18.59266,-18.86872,-19.792505,99.0,99.0,99.0,99.0,99.0,-17.79127,-18.0002,-18.318228,-18.664165,-19.727303,0.33139768,510
6000100000110,6000100000113,6000100000109,6000100000049,31000600002475,31000600002475,6000100000000,6000100000111,-1,0,31,2.2394855,2.3237731,25848,17.390932,51.707474,40.090294,211077,1,5,4,65.648964,57.37366,-222.84093,30,2.3237731,0.022107825,67.23476,69.41613,0.073348925,0.0064317132,0.0,0.0,0.18759836,0.0,2.4745593E-4,1.4064028E-5,0.0,0.0,7.69913E-5,0.33248797,0.0,0.0,0.0020252212,0.022107825,-17.955017,-17.990492,-18.170347,-18.35863,-19.098747,99.0,99.0,99.0,99.0,99.0,-17.82279,-17.889883,-18.093983,-18.30417,-19.084303,0.2718924,422
6000100000111,6000100000113,6000100000110,6000100000050,30000600002933,30000600002933,6000100000000,6000100000112,-1,0,30,2.422044,1.3770508,25848,17.344929,51.66999,40.229412,211077,1,5,4,58.03627,54.89717,-213.78354,26,1.3770508,0.017651428,57.92353,61.72984,0.038896922,0.0032140035,0.0,0.0,0.0951343,0.0,1.3143766E-4,5.3670915E-6,0.0,0.0,3.2353317E-5,0.16897602,0.0,0.0,0.0021538145,0.017651428,-16.91762,-16.985779,-17.188326,-17.414557,-18.200062,99.0,99.0,99.0,99.0,99.0,-16.894886,-16.967958,-17.174417,-17.404688,-18.197336,0.23228678,763
6000100000112,6000100000113,6000100000111,6000100000051,29000600002531,29000600002531,6000100000000,6000100000113,-1,0,29,2.6188614,1.3770508,25848,17.335318,51.61004,40.31135,211077,1,5,4,60.13912,55.75112,-204.46553,29,1.3770508,0.01675171,59.458694,60.391685,0.049921837,0.0016699729,0.0,0.0,0.08565342,0.0,7.728143E-5,1.6937437E-6,0.0,0.0,8.91815E-6,0.15703395,0.0,0.0,0.0016657005,0.01675171,-16.995737,-16.932917,-17.045061,-17.161634,-17.689959,99.0,99.0,99.0,99.0,99.0,-16.962465,-16.907003,-17.024961,-17.147234,-17.685856,0.11677247,880
6000100000113,6000100000113,6000100000112,6000100000052,28000600002978,28000600002978,6000100000000,-1,-1,0,28,2.8311827,0.774591,25848,17.328133,51.542336,40.427116,211077,1,5,4,50.25905,61.1414,-192.3193,23,0.774591,0.013102888,50.422302,56.515266,0.03181014,3.190145E-4,0.0,7.722966E-7,0.026304651,0.0,1.6188256E-5,7.4643445E-8,0.0,2.7776031E-11,5.273118E-7,0.039488,0.0,0.0,0.0020437054,0.013102888,-15.499999,-15.380377,-15.44128,-15.482805,-15.667515,99.0,99.0,99.0,99.0,99.0,-15.498084,-15.378793,-15.439963,-15.481774,-15.667093,0.04458556,233
6000100000114,6000100000143,-1,6000100000000,63000600000401,63000600000401,6000100000000,6000100000115,-1,2,63,0.0,74.44681,25859,18.570568,53.030476,37.35416,209337,2,5,4,-99.64396,41.350018,-139.9071,27,2.3237739,0.028890017,58.815662,65.43026,0.07681892,0.0035784522,0.0,0.0,0.0,0.0,1.6249366E-4,3.5802384E-6,0.0,0.0,0.0,5.4374905E-5,0.0,42.480583,0.0068725315,0.029762907,-13.168597,-13.830882,-14.419542,-14.871895,-15.960694,99.0,99.0,99.0,99.0,99.0,-13.16686,-13.829453,-14.418388,-14.871056,-15.960449,7.9392447,683
6000100000115,6000100000143,6000100000114,6000100000001,62000600000401,62000600000401,6000100000000,6000100000116,-1,2,62,0.019932542,74.10255,25859,18.58544,53.02498,37.383587,209337,2,5,4,-49.44095,16.237207,-159.7226,27,2.3237739,0.028890017,58.815662,65.43026,0.07682317,0.0035778563,0.0,0.0,0.0,0.0,1.6247125E-4,3.5789776E-6,0.0,0.0,0.0,6.7198445E-5,0.0,42.480583,0.0068725315,0.029762907,-13.206546,-13.86497,-14.4513855,-14.902105,-15.9892235,99.0,99.0,99.0,99.0,99.0,-13.204801,-13.863538,-14.450229,-14.901265,-15.988978,7.6771035,714
6000100000116,6000100000143,6000100000115,6000100000002,61000600000393,61000600000393,6000100000000,6000100000117,-1,2,61,0.041403063,73.93041,25859,18.592108,53.023075,37.419724,209337,2,5,4,-14.737329,4.1107216,-182.12177,27,2.3237739,0.028890017,58.815662,65.43026,0.07682869,0.0035770854,0.0,0.0,0.0,0.0,1.6244227E-4,3.5773462E-6,0.0,0.0,0.0,8.38496E-5,0.0,42.480583,0.0068725315,0.029762907,-13.247913,-13.901803,-14.485565,-14.934357,-16.01942,99.0,99.0,99.0,99.0,99.0,-13.246178,-13.900374,-14.48441,-14.933517,-16.019176,7.402876,84
6000100000117,6000100000143,6000100000116,6000100000003,60000600000337,60000600000337,6000100000000,6000100000118,-1,2,60,0.064493395,73.93041,25859,18.591608,53.022125,37.4636,209337,2,5,4,17.837032,4.48584,-203.05675,27,2.3237739,0.028890017,58.815662,65.43026,0.07683584,0.0035760812,0.0,0.0,0.0,0.0,1.6240461E-4,3.575223E-6,0.0,0.0,0.0,1.055361E-4,0.0,42.480583,0.0068725315,0.029762907,-13.292215,-13.940847,-14.52151,-14.968075,-16.050884,99.0,99.0,99.0,99.0,99.0,-13.290471,-13.939416,-14.520353,-14.967234,-16.05064,7.117063,652
6000100000118,6000100000143,6000100000117,6000100000004,59000600000396,59000600000396,6000100000000,6000100000119,-1,2,59,0.08928783,75.2214,25859,18.582445,53.020596,37.514847,209337,2,5,4,59.00889,10.524518,-222.93425,27,2.3237739,0.028890017,58.815662,65.43026,0.076845214,0.003574767,0.0,0.0,0.0,0.0,1.6235528E-4,3.5724454E-6,0.0,0.0,0.0,1.3408273E-4,0.0,42.480583,0.0068725315,0.029762907,-13.340546,-13.983121,-14.560189,-15.004264,-16.084757,99.0,99.0,99.0,99.0,99.0,-13.338767,-13.981673,-14.559024,-15.003419,-16.084509,6.8203073,290
6000100000119,6000100000143,6000100000118,6000100000005,58000600000411,58000600000411,6000100000000,6000100000120,-1,2,58,0.11588337,77.37304,25859,18.561548,53.016354,37.57261,209337,2,5,4,109.24456,26.020967,-225.2081,27,2.3237739,0.028890017,58.815662,65.43026,0.076857574,0.0035730363,0.0,0.0,0.0,0.0,1.6229022E-4,3.5687897E-6,0.0,0.0,0.0,1.7183168E-4,0.0,42.480583,0.0068725315,0.029762907,-13.393552,-14.029199,-14.602206,-15.043555,-16.121937,99.0,99.0,99.0,99.0,99.0,-13.391676,-14.027708,-14.601017,-15.042696,-16.121685,6.5132775,759
6000100000120,6000100000143,6000100000119,6000100000006,57000600000408,57000600000408,6000100000000,6000100000121,-1,2,57,0.14438343,76.426315,25859,18.526163,53.00721,37.63276,209336,2,5,4,152.54047,41.43347,-218.001,27,2.3237739,0.028890017,58.815662,65.43026,0.07687394,0.0035707438,0.0,0.0,0.0,0.0,1.6220409E-4,3.5639512E-6,0.0,0.0,0.0,2.2192791E-4,0.0,42.480583,0.0068725315,0.029762907,-13.4519825,-14.079827,-14.648287,-15.086747,-16.163494,99.0,99.0,99.0,99.0,99.0,-13.450179,-14.078368,-14.647115,-15.085897,-16.163246,6.1967564,40
6000100000121,6000100000143,6000100000120,6000100000007,56000600000415,56000600000415,6000100000000,6000100000122,-1,2,56,0.17489761,75.90992,25859,18.478415,52.99273,37.693424,209336,2,5,4,178.43793,60.484623,-205.72566,27,2.3237739,0.028890017,58.815662,65.43026,0.07689573,0.0035676947,0.0,0.0,0.0,0.0,1.6208952E-4,3.55752E-6,0.0,0.0,0.0,2.8877307E-4,0.0,42.480583,0.0068725315,0.029762907,-13.51696,-14.136105,-14.699537,-15.135039,-16.211222,99.0,99.0,99.0,99.0,99.0,-13.515181,-14.134656,-14.698371,-15.134192,-16.210976,5.87168,275
6000100000122,6000100000143,6000100000121,6000100000008,55000600000366,55000600000366,6000100000000,6000100000123,-1,2,55,0.20754863,75.99599,25859,18.420012,52.96929,37.752132,209336,2,5,4,204.92085,92.7975,-183.08672,27,2.3237739,0.028890017,58.815662,65.43026,0.07692485,0.00356362,0.0,0.0,0.0,0.0,1.619363E-4,3.5489352E-6,0.0,0.0,0.0,3.782034E-4,0.0,42.480583,0.0068725315,0.029762907,-13.588768,-14.1981,-14.755879,-15.18835,-16.26473,99.0,99.0,99.0,99.0,99.0,-13.586982,-14.196648,-14.75471,-15.187502,-16.264482,5.539035,142
6000100000123,6000100000143,6000100000122,6000100000009,54000600000406,54000600000406,6000100000000,6000100000124,-1,2,54,0.24246909,74.87714,25859,18.35188,52.9321,37.80596,209336,2,5,4,222.75449,145.13019,-156.04332,27,2.3237739,0.028890017,58.815662,65.43026,0.076963864,0.0035581547,0.0,0.0,0.0,0.0,1.6173076E-4,3.5374408E-6,0.0,0.0,0.0,4.983906E-4,0.0,42.480583,0.0068725315,0.029762907,-13.666525,-14.264458,-14.815636,-15.24466,-16.320631,99.0,99.0,99.0,99.0,99.0,-13.664771,-14.26302,-14.814475,-15.243817,-16.320383,5.199972,44
6000100000124,6000100000143,6000100000123,6000100000010,53000600000368,53000600000368,6000100000000,6000100000125,-1,2,53,0.2798018,71.77877,25859,18.277985,52.87306,37.85324,209336,2,5,4,215.50633,216.70657,-130.07318,27,2.3237739,0.028890017,58.815662,65.43026,0.07701639,0.0035508017,0.0,0.0,0.0,0.0,1.6145397E-4,3.5220085E-6,0.0,0.0,0.0,6.6028046E-4,0.0,42.480583,0.0068725315,0.029762907,-13.753321,-14.338309,-14.881825,-15.306763,-16.382002,99.0,99.0,99.0,99.0,99.0,-13.751571,-14.336872,-14.880665,-15.30592,-16.381756,4.8557863,869
6000100000125,6000100000143,6000100000124,6000100000011,52000600000351,52000600000351,6000100000000,6000100000126,-1,2,52,0.31970343,70.143524,25859,18.210073,52.784763,37.89874,209336,2,5,4,165.75809,281.12567,-128.22404,27,2.3237739,0.028890017,58.815662,65.43026,0.07708721,0.0035408859,0.0,0.0,0.0,0.0,1.6108029E-4,3.5012558E-6,0.0,0.0,0.0,8.7879295E-4,0.0,42.480583,0.0068725315,0.029762907,-13.848999,-14.418826,-14.95313,-15.372972,-16.446714,99.0,99.0,99.0,99.0,99.0,-13.847182,-14.4173565,-14.951949,-15.372115,-16.446465,4.50793,324
6000100000126,6000100000143,6000100000125,6000100000012,51000600000366,51000600000366,6000100000000,6000100000127,-1,2,51,0.36234027,68.680405,25860,18.166965,52.673916,37.945232,209322,2,5,4,68.1923,311.71924,-132.59283,27,2.3237739,0.028890017,58.815662,65.43026,0.07718286,0.003527493,0.0,0.0,0.0,0.0,1.6057481E-4,3.473333E-6,0.0,0.0,0.0,0.0011739772,0.0,42.480583,0.0068725315,0.029762907,-13.953866,-14.506573,-15.030425,-15.444465,-16.514973,99.0,99.0,99.0,99.0,99.0,-13.952043,-14.505098,-15.029242,-15.443606,-16.51472,4.1580405,912
6000100000127,6000100000143,6000100000126,6000100000013,50000600000362,50000600000362,6000100000000,6000100000128,-1,2,50,0.40789944,68.42221,25860,18.159433,52.56173,38.001034,209322,2,5,4,-17.11466,267.8033,-157.42201,27,2.3237739,0.028890017,58.815662,65.43026,0.077312104,0.0035093895,0.0,0.0,0.0,0.0,1.5989016E-4,3.4357872E-6,0.0,0.0,0.0,0.0015729184,0.0,42.480583,0.0068725315,0.029762907,-14.068887,-14.602472,-15.114603,-15.522071,-16.58713,99.0,99.0,99.0,99.0,99.0,-14.067079,-14.601003,-15.113421,-15.521214,-16.586878,3.8078914,539
6000100000128,6000100000143,6000100000127,6000100000014,49000600000380,49000600000380,6000100000000,6000100000129,-1,2,49,0.45657724,64.46319,25860,18.176088,52.4675,38.06611,209322,2,5,4,-63.134407,206.72536,-164.56226,27,2.3237739,0.028890017,58.815662,65.43026,0.07748678,0.0034849246,0.0,0.0,0.0,0.0,1.5896242E-4,3.3854053E-6,0.0,0.0,0.0,0.0021117479,0.0,42.480583,0.0068725315,0.029762907,-14.193343,-14.705201,-15.204082,-15.603934,-16.660582,99.0,99.0,99.0,99.0,99.0,-14.19087,-14.703386,-15.202687,-15.602939,-16.660288,3.4594538,503
6000100000129,6000100000143,6000100000128,6000100000015,48000600000380,48000600000380,6000100000000,6000100000130,-1,2,48,0.5085914,61.881218,25860,18.210608,52.390667,38.132294,209326,2,5,4,-99.57959,160.11322,-152.5455,27,2.3237739,0.028890017,58.815662,65.43026,0.07772262,0.0034518996,0.0,0.0,0.0,0.0,1.577055E-4,3.318044E-6,0.0,0.0,0.0,0.0028382414,0.0,42.480583,0.0068725315,0.029762907,-14.328423,-14.816082,-15.300523,-15.692095,-16.737722,99.0,99.0,99.0,99.0,99.0,-14.326602,-14.814602,-15.299333,-15.691232,-16.737469,3.1148245,226
6000100000130,6000100000143,6000100000129,6000100000016,47000600000392,47000600000392,6000100000000,6000100000131,-1,2,47,0.5641766,61.536957,25860,18.249224,52.328438,38.205208,209326,2,5,4,-76.71023,133.18307,-187.07977,27,2.3237739,0.028890017,58.815662,65.43026,0.078040235,0.0034074148,0.0,0.0,0.0,0.0,1.5600408E-4,3.2284831E-6,0.0,0.0,0.0,0.0038151224,0.0,42.480583,0.0068725315,0.029762907,-14.472492,-14.932995,-15.401386,-15.783714,-16.815351,99.0,99.0,99.0,99.0,99.0,-14.470829,-14.931666,-15.400326,-15.782947,-16.815126,2.7762346,544
6000100000131,6000100000143,6000100000130,6000100000017,46000600000408,46000600000408,6000100000000,6000100000132,-1,2,46,0.6235901,61.536957,25860,18.276278,52.275867,38.294113,209326,2,5,4,-40.95432,101.099556,-207.62616,27,2.3237739,0.028890017,58.815662,65.43026,0.078466766,0.00334768,0.0,0.0,0.0,0.0,1.5370455E-4,3.1103323E-6,0.0,0.0,0.0,0.005123876,0.0,42.480583,0.0068725315,0.029762907,-14.623866,-15.053937,-15.504221,-15.875923,-16.889343,99.0,99.0,99.0,99.0,99.0,-14.622275,-15.052645,-15.503182,-15.87517,-16.889122,2.4459603,639
6000100000132,6000100000143,6000100000131,6000100000018,45000600000414,45000600000414,6000100000000,6000100000133,-1,2,45,0.6871088,61.364822,25860,18.286325,52.235237,38.392246,209326,2,5,4,1.9755534,73.41694,-214.8884,27,2.3237739,0.028890017,58.815662,65.43026,0.07903709,0.0032678049,0.0,0.0,0.0,0.0,1.5060307E-4,2.9561088E-6,0.0,0.0,0.0,0.0068689,0.0,42.480583,0.0068725315,0.029762907,-14.781029,-15.177711,-15.607699,-15.9672785,-16.95844,99.0,99.0,99.0,99.0,99.0,-14.779197,-15.176277,-15.606567,-15.966462,-16.9582,2.1263006,878
6000100000133,6000100000143,6000100000132,6000100000019,44000600000396,44000600000396,6000100000000,6000100000134,-1,2,44,0.75503564,60.934494,25860,18.272831,52.207382,38.49072,209326,2,5,4,53.170174,49.89109,-188.0895,27,2.3237739,0.028890017,58.815662,65.43026,0.07979575,0.0031615545,0.0,0.0,0.0,0.0,1.4643074E-4,2.7575863E-6,0.0,0.0,0.0,0.009182156,0.0,42.480583,0.0068725315,0.029762907,-14.946277,-15.308424,-15.716713,-16.062674,-17.02604,99.0,99.0,99.0,99.0,99.0,-14.943838,-15.306629,-15.715341,-16.061697,-17.025747,1.819465,758
6000100000134,6000100000143,6000100000133,6000100000020,43000600000420,43000600000420,6000100000000,6000100000135,-1,2,43,0.8276991,61.709087,25860,18.240377,52.178524,38.57643,209326,2,5,4,78.29924,65.911255,-159.38014,27,2.3237739,0.028890017,58.815662,65.43026,0.080798596,0.0030211078,0.0,0.0,0.0,0.0,1.4083457E-4,2.506658E-6,0.0,0.0,0.0,0.012227918,0.0,42.480583,0.0068725315,0.029762907,-15.115086,-15.440123,-15.824001,-16.153889,-17.082188,99.0,99.0,99.0,99.0,99.0,-15.11327,-15.438732,-15.822917,-16.15311,-17.081957,1.5275006,26
6000100000135,6000100000143,6000100000134,6000100000021,42000600000398,42000600000398,6000100000000,6000100000136,-1,2,42,0.9054624,58.180393,25860,18.202215,52.152668,38.651516,209326,2,5,4,80.07961,28.92625,-147.61166,27,2.3237739,0.028890017,58.815662,65.43026,0.082114674,0.0028367937,0.0,0.0,0.0,0.0,1.3335209E-4,2.1969458E-6,0.0,0.0,0.0,0.016206736,0.0,42.480583,0.0068725315,0.029762907,-15.271706,-15.551466,-15.902749,-16.210129,-17.08541,99.0,99.0,99.0,99.0,99.0,-15.270097,-15.55023,-15.901785,-16.209436,-17.085203,1.2521718,668
6000100000136,6000100000143,6000100000135,6000100000022,41000600000362,41000600000362,6000100000000,6000100000137,-1,2,41,0.98870814,56.373016,25860,18.149033,52.151096,38.7267,209326,2,5,4,131.81337,-18.522596,-141.72263,27,2.3237739,0.028890017,58.815662,65.43026,0.0838274,0.0025969243,0.0,0.0,0.0,0.0,1.233829E-4,1.8266285E-6,0.0,0.0,0.0,0.021359464,0.0,42.480583,0.0068725315,0.029762907,-15.418607,-15.650741,-15.965486,-16.24724,-17.055506,99.0,99.0,99.0,99.0,99.0,-15.417226,-15.649668,-15.964644,-16.246635,-17.055328,0.9949445,81
6000100000137,6000100000143,6000100000136,6000100000023,40000600000363,40000600000363,6000100000000,6000100000138,-1,2,40,1.0778745,57.147606,25860,18.060497,52.16633,38.79954,209326,2,5,4,207.51782,-29.205328,-143.46986,27,2.3237739,0.028890017,58.815662,65.43026,0.08603641,0.0022875562,0.0,0.0,0.0,0.0,1.1014682E-4,1.4025413E-6,0.0,0.0,0.0,0.02796869,0.0,42.480583,0.0068725315,0.029762907,-15.552556,-15.727728,-15.997305,-16.24882,-16.979418,99.0,99.0,99.0,99.0,99.0,-15.551414,-15.726825,-15.996591,-16.248304,-16.979265,0.75680757,416
6000100000138,6000100000143,6000100000137,6000100000024,39000600000319,39000600000319,6000100000000,6000100000139,-1,2,39,1.173417,58.180393,25860,17.930592,52.168865,38.882214,209326,2,5,4,273.1321,31.766369,-161.97429,27,2.3237739,0.028890017,58.815662,65.43026,0.08885678,0.0018925653,0.0,0.0,0.0,0.0,9.2643786E-5,9.4639864E-7,0.0,0.0,0.0,0.036358133,0.0,42.480583,0.0068725315,0.029762907,-15.646679,-15.752682,-15.968363,-16.185776,-16.831553,99.0,99.0,99.0,99.0,99.0,-15.645823,-15.752014,-15.967838,-16.1854,-16.831442,0.5383682,758
6000100000139,6000100000143,6000100000138,6000100000025,38000600000315,38000600000315,6000100000000,6000100000140,-1,2,38,1.2758462,59.815643,25860,17.784513,52.13182,38.966007,209326,1,5,4,246.6415,100.08435,-142.47119,27,2.3237739,0.028890017,58.815662,65.43026,0.09241936,0.0013936275,0.0,0.0,0.0,0.0,6.9597816E-5,5.02534E-7,0.0,0.0,0.0,0.04689003,0.0,42.480583,0.0068725315,0.029762907,-15.658937,-15.705918,-15.884355,-16.078142,-16.662205,99.0,99.0,99.0,99.0,99.0,-15.658305,-15.70543,-15.883974,-16.077873,-16.662127,0.33974007,863
6000100000140,6000100000143,6000100000139,6000100000072,37000600000314,37000600000313,6000100000000,6000100000141,-1,1,37,1.3857181,56.373016,25860,17.652388,52.054924,39.037968,209326,1,5,4,242.56761,174.27103,-126.23869,27,2.3237739,0.028890017,58.815662,65.43026,0.0968685,7.7053165E-4,0.0,0.0,0.0,0.0,3.9405284E-5,1.4744624E-7,0.0,0.0,0.0,0.059957705,0.0,42.480583,0.0068725315,0.029762907,-15.444887,-15.406052,-15.536073,-15.689229,-16.17739,99.0,99.0,99.0,99.0,99.0,-15.444607,-15.405838,-15.53591,-15.6891165,-16.177359,0.16061598,516
6000100000141,6000100000143,6000100000140,6000100000073,36000600001912,36000600001912,6000100000000,6000100000142,-1,0,36,1.5036365,2.9262328,25848,17.516687,51.965485,39.096794,211075,1,5,4,212.82672,204.33649,-114.94815,31,2.9262328,0.029973736,64.79686,58.037457,0.10235854,1.6574763E-6,0.0,0.2206184,8.731874E-5,0.0,8.722692E-8,0.0,0.0,8.669522E-12,3.4313173E-15,1.3438112E-4,0.0,42.480583,0.00822475,0.029762907,-10.174274,-9.859363,-9.764706,-9.556485,-9.13462,99.0,99.0,99.0,99.0,99.0,-10.174272,-9.85936,-9.764703,-9.556483,-9.134619,0.0074105663,972
6000100000142,6000100000143,6000100000141,6000100000074,35000600002613,35000600002613,6000100000000,6000100000143,-1,0,35,1.6302707,1.032788,25848,17.410591,51.841522,39.196434,211075,1,5,4,184.57378,207.7614,-107.73959,30,1.032788,0.020313196,46.761284,51.165123,0.056349184,0.0,0.0,0.0056999647,0.0,0.0,0.0,0.0,0.0,0.0,0.0,0.0,0.0,40.45028,0.013080794,0.01320302,99.0,99.0,99.0,99.0,99.0,99.0,99.0,99.0,99.0,99.0,99.0,99.0,99.0,99.0,99.0,0.0,327
6000100000143,6000100000143,6000100000142,6000100000075,34000600002900,34000600002900,6000100000000,-1,-1,0,34,1.766336,0.9467224,25848,17.3108,51.744892,39.256004,211073,1,5,4,163.9381,202.00288,-109.36872,31,0.9467224,0.018887896,46.42902,48.52713,0.04227273,0.0,0.0,0.013328596,0.0,0.0,0.0,0.0,0.0,0.0,0.0,0.0,0.0,40.949142,0.010630469,0.018586671,99.0,99.0,99.0,99.0,99.0,99.0,99.0,99.0,99.0,99.0,99.0,99.0,99.0,99.0,99.0,0.0,48