galaxyID,lastProgenitorId,descendantId,haloID,subHaloID,fofID,treeId,firstProgenitorId,nextProgenitorId,type,snapnum,redshift,centralMvir,phkey,x,y,z,zIndex,ix,iy,iz,velX,velY,velZ,np,mvir,rvir,vvir,vmax,coldGas,stellarMass,bulgeMass,hotGas,ejectedMass,blackHoleMass,metalsColdGas,metalsStellarMass,metalsBulgeMass,metalsHotGas,metalsEjectedMass,sfr,sfrBulge,xrayLum,diskRadius,coolingRadius,mag_b,mag_v,mag_r,mag_i,mag_k,mag_bBulge,mag_vBulge,mag_rBulge,mag_iBulge,mag_kBulge,mag_bDust,mag_vDust,mag_rDust,mag_iDust,mag_kDust,massWeightedAge,random
1000107000000,1000107000089,-1,1000107000000,63000100000569,63000100000569,1000107000000,1000107000001,-1,0,63,0.0,73.844345,6707,27.526857,51.764168,26.145138,96994,3,5,2,369.7769,293.27975,83.369896,966,73.844345,0.14698924,146.98933,152.85542,1.9026656,2.3969243,0.1828587,5.077439,2.2610805,8.0518844E-4,0.030743698,0.030028835,0.0014955697,0.050210584,0.020935725,2.7017174,0.0,43.73466,0.0212714,0.08427201,-20.834877,-21.328985,-21.862726,-22.359276,-23.773684,-16.608757,-17.459267,-18.168194,-18.76348,-20.227032,-20.65286,-21.185968,-21.749384,-22.277409,-23.749641,6.835853,73
1000107000001,1000107000089,1000107000000,1000107000001,62000100000559,62000100000559,1000107000000,1000107000002,-1,0,62,0.019932542,72.38123,6707,27.449549,51.710396,26.118986,96992,3,5,2,368.842,289.19705,80.731926,947,72.38123,0.14527723,146.38083,152.95041,1.8092152,2.3673093,0.1828587,4.885639,2.3246174,8.048834E-4,0.029568195,0.029548977,0.0014955697,0.049701326,0.021395085,3.1240149,0.0,43.72607,0.018410606,0.08447362,-20.896343,-21.374353,-21.90056,-22.391869,-23.799673,-16.634722,-17.483103,-18.190554,-18.784344,-20.245907,-20.649881,-21.184118,-21.75071,-22.28356,-23.767405,6.656302,160
1000107000002,1000107000089,1000107000001,1000107000002,61000100000564,61000100000564,1000107000000,1000107000003,-1,0,61,0.041403063,71.17631,6707,27.373497,51.65351,26.100975,96992,3,5,2,365.69202,287.2016,75.99213,968,71.17631,0.14366418,145.96994,158.00882,1.74885,2.331451,0.1828587,4.7291746,2.3647158,8.045728E-4,0.028628329,0.028964281,0.0014955697,0.04894168,0.021539493,2.8803308,0.0,43.71902,0.018697906,0.08430794,-20.88624,-21.373829,-21.903177,-22.394787,-23.802053,-16.66245,-17.508461,-18.214262,-18.806389,-20.265772,-20.659681,-21.198109,-21.76418,-22.293964,-23.771757,6.480725,298
1000107000003,1000107000089,1000107000002,1000107000003,60000100000535,60000100000535,1000107000000,1000107000004,-1,0,60,0.064493395,70.65992,6700,27.286476,51.593838,26.089184,96937,3,5,2,364.73428,287.16052,72.92082,917,70.65992,0.14243825,146.06401,155.05342,1.6629814,2.2969518,0.1828587,4.6912622,2.4359381,8.042525E-4,0.027426595,0.028399635,0.0014955697,0.04843345,0.02194001,3.4363503,0.0,43.723022,0.015858477,0.083757214,-20.967485,-21.435137,-21.955397,-22.44155,-23.845089,-16.691916,-17.535332,-18.239313,-18.829626,-20.286589,-20.707804,-21.225054,-21.786251,-22.318079,-23.808237,6.288067,866
1000107000004,1000107000089,1000107000003,1000107000004,59000100000508,59000100000508,1000107000000,1000107000005,-1,0,59,0.08928783,71.17631,6700,27.19956,51.52838,26.078587,96937,3,5,2,363.24756,289.62573,70.4507,893,71.17631,0.1418214,146.91522,154.46274,1.613093,2.2541535,0.1828587,4.826134,2.4805398,8.039129E-4,0.026627058,0.02769714,0.0014955697,0.047463804,0.022066697,3.258922,0.0,43.739223,0.015863981,0.08223066,-20.979813,-21.450588,-21.969345,-22.452375,-23.848186,-16.723251,-17.563786,-18.265736,-18.854076,-20.30848,-20.69403,-21.22721,-21.791063,-22.321709,-23.807701,6.1053176,105
1000107000005,1000107000089,1000107000004,1000107000005,58000100000507,58000100000507,1000107000000,1000107000006,-1,0,58,0.11588337,71.52058,6700,27.114025,51.447178,26.068268,96937,3,5,2,355.17566,286.36954,65.590485,823,71.52058,0.14099552,147.70079,152.85547,1.5219756,2.2120817,0.1828587,5.036884,2.5559835,8.03536E-4,0.02576787,0.026999634,0.0014955697,0.045043156,0.022628164,4.232949,0.0,43.753014,0.0127517795,0.080108225,-21.091421,-21.52705,-22.028696,-22.501863,-23.883385,-16.756796,-17.5942,-18.29398,-18.880281,-20.332336,-20.545994,-21.103159,-21.683258,-22.237652,-23.783796,5.90827,194
1000107000006,1000107000089,1000107000005,1000107000006,57000100000493,57000100000493,1000107000000,1000107000007,-1,0,57,0.14438343,70.91811,6700,27.024157,51.367588,26.048807,96937,3,5,2,359.23123,288.3527,66.65009,851,70.91811,0.13945149,147.88937,150.16397,1.5423158,2.1556153,0.1828587,4.9450884,2.5832822,8.031468E-4,0.026300572,0.02604564,0.0014955697,0.042159896,0.02290054,3.4517097,0.0,43.73827,0.014786959,0.07787074,-21.091372,-21.524101,-22.018806,-22.488758,-23.866093,-16.79295,-17.627104,-18.324606,-18.90891,-20.358927,-20.78171,-21.270802,-21.81361,-22.338308,-23.820843,5.73824,451
1000107000007,1000107000089,1000107000006,1000107000007,56000100000508,56000100000508,1000107000000,1000107000008,-1,0,56,0.17489761,69.713196,6700,26.93066,51.27993,26.034206,96937,3,5,2,359.9594,293.8377,65.48231,833,69.713196,0.13741498,147.71017,152.51118,1.508186,2.108186,0.1828587,4.7251515,2.6690001,8.02754E-4,0.026537452,0.025228648,0.0014955697,0.03902566,0.023786679,10.404793,4.222857E-5,43.71041,0.014104473,0.075627014,-21.459145,-21.783964,-22.22304,-22.655523,-23.962526,-16.8321,-17.66287,-18.358044,-18.940428,-20.388935,-21.079737,-21.476862,-21.97052,-22.464138,-23.89572,5.5334134,517
1000107000008,1000107000056,1000107000007,1000107000008,55000100000491,55000100000491,1000107000000,1000107000009,1000107000057,0,55,0.20754863,68.16401,6700,26.829517,51.18532,26.015224,96937,3,5,2,361.3443,289.3334,62.67744,878,68.16401,0.1350489,147.33368,149.27348,1.9980934,1.8135643,0.035071462,4.5253115,2.2250004,1.6123134E-4,0.031844612,0.02162666,2.1476694E-4,0.03034621,0.020800037,3.3329463,0.0,43.888836,0.019058818,0.069835775,-20.814678,-21.281471,-21.806602,-22.29476,-23.692102,-15.017906,-15.822408,-16.505768,-17.068838,-18.448515,-20.559402,-21.079868,-21.643019,-22.17272,-23.652254,5.4090543,911
1000107000009,1000107000056,1000107000008,1000107000009,54000100000508,54000100000508,1000107000000,1000107000010,-1,0,54,0.24246909,58.180393,6700,26.725794,51.084435,25.998016,96937,2,5,2,365.30966,291.94165,61.12549,820,58.180393,0.12672475,140.51659,149.93886,1.8768846,1.7654003,0.035071462,2.9363074,2.2812345,1.6116578E-4,0.031407133,0.02083872,2.1476694E-4,0.027827153,0.021782143,3.0790346,0.0,43.717625,0.018845351,0.07282895,-20.787397,-21.264334,-21.791697,-22.28,-23.678602,-15.053793,-15.855167,-16.536285,-17.097439,-18.4753,-20.453468,-21.006868,-21.57972,-22.115873,-23.615658,5.2046695,724
1000107000010,1000107000056,1000107000009,1000107000010,53000100000544,53000100000544,1000107000000,1000107000011,-1,0,53,0.2798018,55.25416,6700,26.614407,50.98783,25.981363,96937,2,5,2,367.5391,291.961,57.495415,792,55.25416,0.123094864,138.94167,155.12349,1.7954714,1.7199736,0.035071462,2.5233605,2.3255868,1.6111585E-4,0.030468736,0.020074947,2.1476694E-4,0.02676232,0.022081345,3.5467978,0.0,43.663338,0.016493937,0.072758235,-20.85612,-21.313255,-21.82945,-22.310036,-23.69761,-15.091171,-15.889234,-16.56794,-17.12702,-18.502562,-20.509958,-21.038208,-21.605066,-22.14139,-23.641144,4.982928,740
1000107000011,1000107000056,1000107000010,1000107000011,52000100000531,52000100000531,1000107000000,1000107000012,-1,0,52,0.31970343,53.61891,6700,26.486975,50.88303,25.958717,96937,2,5,2,369.95755,281.93817,55.005898,813,53.61891,0.12029762,138.4524,154.59398,1.7896065,1.6667072,0.035071462,2.3127584,2.3164365,1.6107001E-4,0.029902028,0.019180313,2.1476694E-4,0.025917698,0.021461101,4.071314,0.0,43.63692,0.015014165,0.071768485,-20.912985,-21.353437,-21.860819,-22.334642,-23.713562,-15.130035,-15.924469,-16.600534,-17.157341,-18.530401,-20.463276,-20.99922,-21.569372,-22.110813,-23.631098,4.7754908,771
1000107000012,1000107000056,1000107000011,1000107000012,51000100000531,51000100000531,1000107000000,1000107000013,-1,0,51,0.36234027,53.360718,6675,26.347307,50.770607,25.944054,96826,2,5,2,370.45465,272.82614,53.537388,805,53.360718,0.11841467,139.21243,153.84369,1.839019,1.6046578,0.035071462,2.3468552,2.2540727,1.610243E-4,0.029589415,0.018167041,2.1476694E-4,0.025316846,0.020081436,3.6111443,0.0,43.65295,0.016724734,0.0700525,-20.868883,-21.323217,-21.833694,-22.30564,-23.683256,-15.173827,-15.964662,-16.638235,-17.19296,-18.564152,-20.599504,-21.104748,-21.656338,-22.174715,-23.64273,4.5867496,907
1000107000013,1000107000056,1000107000012,1000107000013,50000100000523,50000100000523,1000107000000,1000107000014,-1,0,50,0.40789944,52.586124,6675,26.205496,50.660492,25.928217,96826,2,5,2,373.76254,264.73508,49.95769,794,52.586124,0.11603247,139.60976,158.88936,1.8370342,1.5489715,0.035071462,2.2840738,2.2298577,1.6097739E-4,0.028653251,0.017287688,2.1476694E-4,0.02490205,0.019053314,2.7149231,0.0,43.652718,0.020108806,0.068583935,-20.82409,-21.29774,-21.809147,-22.27769,-23.652906,-15.220957,-16.00836,-16.679615,-17.232056,-18.601866,-20.615154,-21.1331,-21.67606,-22.178679,-23.620743,4.3743873,899
1000107000014,1000107000056,1000107000013,1000107000014,49000100000518,49000100000518,1000107000000,1000107000015,-1,0,49,0.45657724,51.381207,6675,26.05825,50.561543,25.900236,96826,2,5,2,380.34464,261.46463,48.978336,741,51.381207,0.11321961,139.70479,148.1259,1.7472205,1.5067451,0.035071462,2.115196,2.3055632,1.6093138E-4,0.026674705,0.016637174,2.1476694E-4,0.02515533,0.018779535,4.319681,0.0,43.643658,0.014056124,0.06774166,-21.05856,-21.465034,-21.940195,-22.387049,-23.730265,-15.266965,-16.049839,-16.717964,-17.267424,-18.634674,-20.711658,-21.180521,-21.708559,-22.216125,-23.6779,4.1180143,381
1000107000015,1000107000056,1000107000014,1000107000015,48000100000535,48000100000535,1000107000000,1000107000016,-1,0,48,0.5085914,54.307438,6675,25.886698,50.462242,25.87508,96826,2,5,2,387.335,247.93951,52.194275,721,54.307438,0.11324205,143.61366,152.1987,1.7620038,1.4391913,0.035071462,2.7198524,2.239636,1.608792E-4,0.025305457,0.0156459,2.1476694E-4,0.025498245,0.01696462,5.981095,0.0,43.769173,0.011429883,0.06531625,-21.21591,-21.57135,-22.018253,-22.447927,-23.763641,-15.315467,-16.093555,-16.758247,-17.304674,-18.66984,-20.733126,-21.179136,-21.697954,-22.208733,-23.686417,3.9266274,599
1000107000016,1000107000056,1000107000015,1000107000016,47000100000519,47000100000519,1000107000000,1000107000017,-1,0,47,0.5641766,54.47957,6675,25.725605,50.367443,25.856564,96826,2,5,2,387.88553,239.9394,48.296577,681,54.47957,0.111139365,145.19539,150.4754,1.9133213,1.345447,0.035071462,2.8611825,2.0632818,1.6081726E-4,0.024957037,0.014370124,2.1476694E-4,0.024142763,0.014788749,6.4504385,0.0,43.80624,0.011705106,0.06273211,-21.227306,-21.561161,-21.995352,-22.416513,-23.717356,-15.370592,-16.145014,-16.80725,-17.352097,-18.718718,-20.750107,-21.179163,-21.684044,-22.182415,-23.638138,3.8102028,707
1000107000017,1000107000056,1000107000016,1000107000017,46000100000526,46000100000526,1000107000000,1000107000018,-1,0,46,0.6235901,56.11482,6675,25.543892,50.267986,25.833736,96826,2,5,2,380.68286,225.67152,46.23036,680,56.11482,0.109862976,148.2119,152.10242,2.053491,1.2444497,0.035071462,3.310266,1.8232192,1.6074677E-4,0.024193577,0.013129216,2.1476694E-4,0.022315003,0.012758333,5.3218794,0.0,43.87411,0.01435286,0.05883298,-21.082745,-21.42654,-21.86449,-22.286297,-23.585457,-15.427279,-16.197714,-16.857124,-17.400028,-18.767946,-20.702827,-21.132797,-21.626518,-22.10478,-23.517536,3.7276561,47
1000107000018,1000107000056,1000107000017,1000107000018,45000100000523,45000100000523,1000107000000,1000107000019,-1,0,45,0.6871088,54.221375,6676,25.36063,50.158,25.816708,96819,2,5,2,369.24326,219.98108,41.516373,703,54.221375,0.10613367,148.22745,166.43938,2.065619,1.1614872,0.035071462,3.153191,1.709168,1.6067096E-4,0.022771835,0.012188464,2.1476694E-4,0.020539407,0.012140401,4.152075,0.0,43.86528,0.017127134,0.056756243,-20.920448,-21.284298,-21.731474,-22.157469,-23.460789,-15.483743,-16.248781,-16.903484,-17.44182,-18.806221,-20.757711,-21.152672,-21.625378,-22.079813,-23.437225,3.6058748,544
1000107000019,1000107000056,1000107000018,1000107000019,44000100000531,44000100000531,1000107000000,1000107000020,-1,0,44,0.75503564,50.434483,6676,25.191103,50.049423,25.81164,96819,2,5,2,357.8069,211.90123,34.619286,640,50.434483,0.10106088,146.50154,145.53978,1.994597,1.0972615,0.035071462,2.6453004,1.6591963,1.606012E-4,0.020721478,0.0115020275,2.1476694E-4,0.019413296,0.01189731,4.1643577,0.0,43.82644,0.016087044,0.05637315,-20.892324,-21.249395,-21.693546,-22.11659,-23.414986,-15.540414,-16.29882,-16.947498,-17.47914,-18.836248,-20.695787,-21.097319,-21.572489,-22.027174,-23.385695,3.4343991,273
1000107000020,1000107000056,1000107000019,1000107000020,43000100000552,43000100000552,1000107000000,1000107000021,-1,0,43,0.8276991,46.561527,6676,25.02479,49.95884,25.80056,96819,2,5,2,351.00146,198.10349,33.89127,570,46.561527,0.095816985,144.56473,146.53482,1.7598091,1.0335649,0.035071462,2.921628,1.5989798,1.6051995E-4,0.0178873,0.010861765,2.1476694E-4,0.014336556,0.011917106,3.1864264,0.0,43.877155,0.016697511,0.054872118,-20.718084,-21.114851,-21.582184,-22.017317,-23.335514,-15.600396,-16.351494,-16.993464,-17.516861,-18.864384,-20.560745,-20.993538,-21.485964,-21.946646,-23.312958,3.2674143,886
1000107000021,1000107000056,1000107000020,1000107000021,42000100000575,42000100000575,1000107000000,1000107000022,-1,0,42,0.9054624,43.1189,6676,24.861282,49.879868,25.793447,96819,2,5,2,349.8669,193.67497,37.304615,526,43.1189,0.09077011,142.93295,157.00392,1.5058848,0.98553526,0.035071462,2.6501927,1.6529328,1.6044713E-4,0.016095849,0.010367999,2.1476694E-4,0.012327531,0.013156923,1.9230266,0.0,43.855812,0.01900392,0.053528246,-20.53528,-20.997189,-21.49649,-21.94847,-23.298182,-15.65304,-16.392813,-17.025135,-17.538063,-18.870506,-20.44207,-20.921486,-21.435476,-21.903988,-23.284967,3.0558898,394
1000107000022,1000107000056,1000107000021,1000107000022,41000100000645,41000100000645,1000107000000,1000107000023,-1,0,41,0.98870814,40.19267,6676,24.689224,49.80254,25.761244,96817,2,5,2,335.5731,180.05632,35.6091,443,40.19267,0.086013906,141.76175,149.07104,1.1550674,0.95707345,0.035071462,2.3974304,1.8486456,1.6038101E-4,0.014406549,0.010046231,2.1476694E-4,0.010566215,0.015366487,2.1186402,0.0,43.827435,0.013819115,0.051432006,-20.637775,-21.083818,-21.572655,-22.017956,-23.35643,-15.712214,-16.442999,-17.06865,-17.576345,-18.904987,-20.437284,-20.928917,-21.448023,-21.92491,-23.325594,2.786157,104
1000107000023,1000107000056,1000107000022,1000107000023,40000100000600,40000100000600,1000107000000,1000107000024,-1,0,40,1.0778745,36.147583,6676,24.48314,49.706825,25.726093,96817,2,5,2,339.055,188.18304,30.934544,423,36.147583,0.08038563,139.06581,144.61824,0.92819715,0.92638725,0.035071462,1.74866,2.065885,1.603257E-4,0.013880783,0.009632537,2.1476694E-4,0.0069181356,0.018092422,2.8129287,0.0,43.649372,0.010447602,0.045222867,-20.790636,-21.193651,-21.655159,-22.08486,-23.396431,-15.781477,-16.506353,-17.12773,-17.632551,-18.96174,-20.452337,-20.924612,-21.435545,-21.91935,-23.340477,2.5249317,556
1000107000024,1000107000056,1000107000023,1000107000024,39000100000618,39000100000618,1000107000000,1000107000025,-1,0,39,1.173417,27.196753,6676,24.29368,49.588963,25.70597,96816,2,5,2,334.97852,192.36034,19.366762,368,27.196753,0.070650995,128.66765,144.52011,1.0554404,0.88666135,0.035071462,0.017732374,2.2472544,1.6030183E-4,0.015489206,0.009031654,2.1476694E-4,2.9583616E-4,0.02114446,6.3219423,0.0,40.607224,0.007329172,0.008441834,-21.133488,-21.443966,-21.856583,-22.256916,-23.517662,-15.859814,-16.580614,-17.199581,-17.70402,-19.03758,-20.440376,-20.876738,-21.389206,-21.903444,-23.39948,2.2908273,271
1000107000025,1000107000056,1000107000024,1000107000025,38000100000564,38000100000564,1000107000000,1000107000026,-1,0,38,1.2758462,23.409863,6676,24.108383,49.48698,25.697662,96816,2,5,2,317.55704,181.06737,9.756637,345,23.409863,0.064818546,124.62919,142.70212,1.6747785,0.79990613,0.035071462,0.0061345138,1.8880504,1.6030154E-4,0.018924695,0.007923466,2.1476694E-4,6.390898E-5,0.015726876,7.087386,0.0,38.61708,0.009597335,0.0047527,-21.167131,-21.452555,-21.8469,-22.22939,-23.454668,-15.957069,-16.678125,-17.297916,-17.80499,-19.148832,-20.604628,-21.00119,-21.476404,-21.945368,-23.350977,2.1900194,810
1000107000026,1000107000056,1000107000025,1000107000026,37000100000717,37000100000717,1000107000000,1000107000027,-1,0,37,1.3857181,22.291008,6676,23.94623,49.379513,25.690142,96816,2,5,2,312.98987,182.02011,0.73275673,283,22.291008,0.061384644,124.969765,152.89047,0.82048345,0.7057256,0.035071462,0.72161317,1.3082759,1.602993E-4,0.010825907,0.006988066,2.1476694E-4,0.0063642585,0.009810599,3.4110215,0.0,43.450924,0.0074899206,0.051689267,-20.692345,-21.061548,-21.509775,-21.925537,-23.211,-16.066715,-16.786627,-17.404,-17.907393,-19.250492,-20.233015,-20.692379,-21.211657,-21.705206,-23.14242,2.1402676,365
1000107000027,1000107000056,1000107000026,1000107000027,36000100000631,36000100000631,1000107000000,1000107000028,-1,0,36,1.5036365,22.635271,6676,23.76276,49.265575,25.70135,96816,2,5,2,308.40765,172.7681,-7.8273416,313,22.635271,0.059278857,128.14832,138.77266,0.81625617,0.6619841,0.035071462,0.9717663,1.1758218,1.602749E-4,0.010025306,0.006439987,2.1476694E-4,0.0066045723,0.008616782,1.3539267,0.0,43.643105,0.01218987,0.05223162,-20.420202,-20.865322,-21.340643,-21.765556,-23.06632,-16.18344,-16.897999,-17.508705,-18.002563,-19.337679,-20.259848,-20.739332,-21.240341,-21.692385,-23.04421,1.9633172,69
1000107000028,1000107000056,1000107000027,1000107000028,35000100000738,35000100000738,1000107000000,1000107000029,-1,0,35,1.6302707,20.913958,6676,23.577131,49.160915,25.68327,96816,2,5,2,295.65308,168.80695,-15.266333,258,20.913958,0.05536729,127.45634,146.78622,0.5992822,0.6452846,0.035071462,0.7761703,1.3248364,1.6024872E-4,0.008178436,0.0062263515,2.1476694E-4,0.0067058597,0.00969708,2.320818,0.0,43.59085,0.0065413956,0.05061808,-20.706911,-21.082987,-21.52033,-21.920994,-23.188808,-16.302536,-17.007578,-17.610334,-18.095514,-19.421082,-20.166735,-20.658037,-21.177021,-21.662436,-23.099377,1.714205,73
1000107000029,1000107000056,1000107000028,1000107000029,34000100000729,34000100000729,1000107000000,1000107000030,-1,0,34,1.766336,20.913958,6891,23.393772,49.06722,25.686962,96377,2,5,2,290.04947,164.50922,-15.739305,250,20.913958,0.052997425,130.27489,150.5064,0.4432654,0.6178447,0.035071462,0.8887096,1.4077713,1.6022346E-4,0.0065818997,0.0058487863,2.1476694E-4,0.0069012432,0.01003159,4.8771496,0.0,43.701756,0.003253317,0.049407832,-21.020222,-21.323114,-21.721758,-22.0972,-23.32326,-16.411816,-17.096188,-17.685963,-18.161581,-19.474,-19.682411,-20.207203,-20.788513,-21.376425,-23.065487,1.5002975,71
1000107000030,1000107000056,1000107000029,1000107000030,33000100000730,33000100000730,1000107000000,1000107000031,-1,0,33,1.9126327,19.192644,6891,23.234148,48.96526,25.69423,96377,2,5,2,281.02756,155.04614,-18.307846,238,19.192644,0.049208168,129.51462,138.30753,0.50022167,0.5627425,0.035071462,0.7347645,1.2801726,1.6019835E-4,0.006763483,0.0050690575,2.1476694E-4,0.005882423,0.008748442,4.530573,0.0,43.653027,0.0037377004,0.046210196,-20.995321,-21.309652,-21.712286,-22.087288,-23.316807,-16.524986,-17.18778,-17.764233,-18.23004,-19.52992,-19.932642,-20.438541,-20.997967,-21.549555,-23.143978,1.3620919,700
1000107000031,1000107000056,1000107000030,1000107000031,32000100000745,32000100000745,1000107000000,1000107000032,-1,0,32,2.0700274,19.020514,6891,23.083143,48.883785,25.72685,96377,2,5,2,271.70648,147.90266,-28.827944,220,19.020514,0.046793327,132.21756,139.72029,0.4860029,0.5139847,0.035071462,0.8883032,1.172976,1.6017295E-4,0.006151489,0.004448747,2.1476694E-4,0.005466336,0.007830634,2.7112288,0.0,43.785717,0.004602364,0.044625383,-20.838905,-21.16979,-21.568937,-21.935135,-23.136185,-16.680107,-17.325443,-17.891645,-18.349104,-19.64489,-20.080887,-20.562584,-21.079023,-21.571741,-23.023432,1.220446,889
1000107000032,1000107000056,1000107000031,1000107000032,31000100000717,31000100000717,1000107000000,1000107000033,-1,0,31,2.2394855,17.041002,6890,22.91843,48.80975,25.733438,96363,2,5,2,256.58847,140.17299,-31.889658,204,17.041002,0.042951647,130.6254,146.89577,0.34228668,0.4862737,0.035071462,0.64451945,1.2651051,1.60148E-4,0.005195513,0.0040753246,2.1476694E-4,0.0046702083,0.0084976815,1.808131,0.0,43.663666,0.0042202785,0.040906183,-20.84339,-21.1637,-21.547739,-21.904953,-23.090843,-16.867582,-17.485628,-18.036156,-18.48188,-19.76842,-20.129768,-20.58073,-21.073938,-21.554382,-22.984444,1.0379373,579
1000107000033,1000107000056,1000107000032,1000107000033,30000100000664,30000100000664,1000107000000,1000107000034,-1,0,30,2.422044,15.750018,6890,22.765581,48.74465,25.752338,96363,2,5,2,244.36214,130.24397,-34.482796,193,15.750018,0.03977012,130.50647,147.90373,0.25138193,0.46877524,0.035071462,0.33182716,1.4800674,1.6013156E-4,0.0046923636,0.0037834835,2.1476694E-4,0.0033037828,0.009738122,5.730641,0.0022433214,43.303635,0.0038313933,0.03155204,-21.255615,-21.492655,-21.847294,-22.204727,-23.406948,-17.092508,-17.683004,-18.222406,-18.668137,-19.988993,-20.426939,-20.805777,-21.283922,-21.784399,-23.27649,0.8401403,284
1000107000034,1000107000046,1000107000033,1000107000034,29000100000668,29000100000668,1000107000000,1000107000035,1000107000047,0,29,2.6188614,14.200836,6890,22.62261,48.68004,25.767271,96363,2,5,2,247.96591,116.357834,-30.366272,166,14.200836,0.03646256,129.42058,138.59267,0.53672874,0.3813601,0.0,0.014406754,1.4181839,0.0,0.007134885,0.0027726246,0.0,1.2473566E-4,0.008118325,6.4568534,0.0,41.382374,0.0038637721,0.0065724812,-21.286972,-21.468924,-21.76358,-22.067574,-23.1524,99.0,99.0,99.0,99.0,99.0,-20.251738,-20.613626,-21.064274,-21.548264,-22.994383,0.665668,679
1000107000035,1000107000046,1000107000034,1000107000035,28000100000540,28000100000540,1000107000000,1000107000036,-1,0,28,2.8311827,13.51231,6890,22.487036,48.6065,25.782942,96363,2,5,2,237.21558,109.6493,-33.262184,199,13.51231,0.0339823,130.77008,135.2682,0.932289,0.32581198,0.0,0.009698488,1.3218439,0.0,0.008635039,0.0021619792,0.0,7.100526E-5,0.0062913047,13.492458,0.0,41.138832,0.003595434,0.0048979423,-21.599413,-21.694607,-21.92947,-22.187395,-23.18661,99.0,99.0,99.0,99.0,99.0,-20.427597,-20.726294,-21.138447,-21.601055,-23.008501,0.55292064,501
1000107000036,1000107000046,1000107000035,1000107000036,27000100000486,27000100000486,1000107000000,1000107000037,-1,0,27,3.060419,16.782806,6890,22.34986,48.5413,25.816818,96362,2,5,2,231.57156,106.73847,-36.15966,199,16.782806,0.03455977,144.5163,145.08997,0.70737946,0.21680942,0.0,1.021075,0.74129045,0.0,0.0051578004,0.0014298105,0.0,0.00308491,0.0022062494,6.6236277,0.0,44.06387,0.0038155846,0.028388243,-21.09884,-21.200203,-21.43998,-21.695038,-22.695993,99.0,99.0,99.0,99.0,99.0,-20.316223,-20.577938,-20.946693,-21.339,-22.593706,0.5826755,769
1000107000037,1000107000046,1000107000036,1000107000037,26000100000441,26000100000441,1000107000000,1000107000038,-1,0,26,3.3080978,15.577887,6890,22.2365,48.47358,25.846806,96362,2,5,2,212.70932,94.61942,-36.63486,185,15.577887,0.0318482,145.038,160.06374,0.58800554,0.16669054,0.0,1.0875356,0.6508873,0.0,0.0037338585,0.0010983162,0.0,0.00233121,0.0020500796,5.078817,0.0,44.13197,0.0035175388,0.026245039,-20.885038,-20.974552,-21.201292,-21.43963,-22.400047,99.0,99.0,99.0,99.0,99.0,-20.36161,-20.556229,-20.86988,-21.200535,-22.332478,0.5496431,130
1000107000038,1000107000046,1000107000037,1000107000038,25000100000416,25000100000416,1000107000000,1000107000039,-1,0,25,3.575905,13.770508,6890,22.096056,48.42592,25.838795,96362,2,5,2,202.69841,96.08866,-38.33274,170,13.770508,0.028834313,143.3145,146.19011,0.363007,0.13078739,0.0,1.0728416,0.62852734,0.0,0.0026611723,8.7230734E-4,0.0,0.0014376013,0.0022985311,2.6790214,0.0,44.11522,0.0032801563,0.022597892,-20.40688,-20.522894,-20.768847,-21.02716,-22.031546,99.0,99.0,99.0,99.0,99.0,-19.805538,-20.055307,-20.403954,-20.768082,-21.960354,0.50956005,241
1000107000039,1000107000046,1000107000038,1000107000039,24000100000358,24000100000358,1000107000000,1000107000040,-1,0,24,3.8656828,6.282794,6890,21.946486,48.42339,25.864595,96362,2,5,2,214.5244,79.53414,-47.117725,131,6.282794,0.020911494,113.67209,118.78756,0.27448386,0.11313814,0.0,0.007341794,0.71384776,0.0,0.0025781828,7.173413E-4,0.0,4.054279E-5,0.0029078608,1.5744867,0.0,41.32392,0.0046174373,0.005418625,-20.142206,-20.307573,-20.580124,-20.869587,-21.903645,99.0,99.0,99.0,99.0,99.0,-19.89725,-20.11393,-20.427076,-20.760136,-21.872648,0.41943628,479
1000107000040,1000107000046,1000107000039,1000107000040,23000100000396,23000100000396,1000107000000,1000107000041,-1,0,23,4.1794686,4.991809,6890,21.803738,48.40502,25.910109,96362,2,5,2,220.23782,55.165775,-84.97931,76,4.991809,0.018221114,108.54541,110.0937,0.34229612,0.103494816,0.0,0.0,0.78672516,0.0,0.002657179,6.3530024E-4,0.0,0.0,0.0030357768,5.6633406,0.0,0.0,0.0023696327,0.018221114,-20.634953,-20.700394,-20.913607,-21.151056,-22.111635,99.0,99.0,99.0,99.0,99.0,-19.793629,-20.020367,-20.368113,-20.75579,-21.997934,0.30409372,299
1000107000041,1000107000046,1000107000040,1000107000041,22000100000677,22000100000677,1000107000000,1000107000042,-1,0,22,4.5195556,5.3360715,6890,21.702171,48.354397,25.955236,96362,2,5,2,208.22034,45.378223,-73.00076,62,5.3360715,0.017504228,114.50101,124.73315,0.15688929,0.071318164,0.0,0.086859226,0.54743975,0.0,0.0014594002,4.5401897E-4,0.0,3.19468E-4,0.0015207005,3.2500572,0.0,43.002937,0.0016037094,0.016102547,-20.216127,-20.28704,-20.505733,-20.749989,-21.716146,99.0,99.0,99.0,99.0,99.0,-19.132029,-19.396536,-19.7759,-20.204632,-21.534773,0.27100125,266
1000107000042,1000107000046,1000107000041,1000107000042,21000100000562,21000100000562,1000107000000,1000107000043,-1,0,21,4.888449,4.733612,6890,21.608727,48.33493,25.991285,96362,2,5,2,200.91573,55.427982,-73.68762,61,4.733612,0.015781617,113.57704,124.36185,0.14648163,0.054227337,0.0,0.0788721,0.4903051,0.0,0.0011239197,3.249859E-4,0.0,2.2704252E-4,0.001178123,2.3317013,0.0,42.993587,0.0016249933,0.014595231,-20.040325,-20.11414,-20.332785,-20.58194,-21.543215,99.0,99.0,99.0,99.0,99.0,-19.241632,-19.460552,-19.799124,-20.185123,-21.412457,0.21031858,48
1000107000043,1000107000046,1000107000042,1000107000043,20000100000608,20000100000608,1000107000000,1000107000044,-1,0,20,5.2888336,4.131152,6890,21.50026,48.311634,26.029144,96362,2,5,2,190.75606,58.463127,-68.16597,47,4.131152,0.014133544,112.11921,114.50705,0.10774082,0.042905707,0.0,0.030774435,0.49480122,0.0,8.0423267E-4,2.484151E-4,0.0,8.66156E-5,0.0011189323,4.276625,0.0,42.28145,5.945523E-4,0.008031259,-20.363338,-20.385988,-20.577227,-20.78448,-21.667244,99.0,99.0,99.0,99.0,99.0,-17.825958,-18.115913,-18.570898,-19.144258,-21.00415,0.1355234,623
1000107000044,1000107000046,1000107000043,1000107000044,19000100000568,19000100000568,1000107000000,1000107000045,-1,0,19,5.7238646,2.6680357,6893,21.364885,48.269978,26.078356,96355,2,5,2,186.20512,41.26811,-55.94982,39,2.6680357,0.011434655,100.17383,115.2729,0.03967344,0.023768531,0.0,0.008410659,0.36331978,0.0,3.24422E-4,1.3600291E-4,0.0,2.3390801E-5,7.671595E-4,2.482187,0.0,41.428112,3.666198E-4,0.0050763045,-19.732437,-19.765913,-19.962816,-20.179325,-21.058138,99.0,99.0,99.0,99.0,99.0,-17.141039,-17.427677,-17.882837,-18.470072,-20.384472,0.10402925,684
1000107000045,1000107000046,1000107000044,1000107000045,18000100000607,18000100000607,1000107000000,1000107000046,-1,0,18,6.1968336,1.8934448,6893,21.260212,48.241932,26.112486,96355,2,5,2,178.58499,45.77055,-51.768494,30,1.8934448,0.009534885,92.41417,95.29369,0.013332874,0.013555751,0.0,0.009334193,0.2734815,0.0,1.24921E-4,7.250393E-5,0.0,2.0097299E-5,4.959383E-4,3.363139,0.0,41.395916,1.4190946E-4,0.0062628957,-19.54209,-19.552616,-19.73286,-19.918943,-20.73308,99.0,99.0,99.0,99.0,99.0,-15.82221,-16.074121,-16.516056,-17.092846,-19.329878,0.05145893,151
1000107000046,1000107000046,1000107000045,1000107000046,17000100000641,17000100000641,1000107000000,-1,-1,0,17,6.7115865,0.516394,6893,21.184832,48.24305,26.13292,96355,2,5,2,164.60307,57.994816,-55.153824,22,0.516394,0.0057735,62.021317,85.92426,0.033420123,8.565619E-4,0.0,0.0012505328,0.04509585,0.0,4.1095165E-5,5.4316246E-7,0.0,1.5516302E-7,3.2887126E-6,0.24772608,0.0,40.176662,9.63705E-4,0.0024333918,-16.684244,-16.549002,-16.598312,-16.628805,-16.916647,99.0,99.0,99.0,99.0,99.0,-16.649677,-16.521046,-16.575994,-16.612495,-16.91172,0.026899545,774
1000107000047,1000107000056,1000107000033,1000107000034,29000100000668,29000100000668,1000107000000,1000107000048,-1,2,29,2.6188614,14.200836,6890,22.621843,48.682335,25.764751,96363,2,5,2,301.23257,111.32792,-121.945175,24,2.0655768,0.0144327115,78.454285,93.40699,0.024027122,0.035050966,0.0,0.0,0.0,0.0,3.9929492E-4,2.1442583E-4,0.0,0.0,0.0,0.006317989,0.0,42.20497,0.0015954222,0.011426802,-17.355902,-17.903847,-18.416668,-18.846083,-20.14113,99.0,99.0,99.0,99.0,99.0,-17.035984,-17.638504,-18.200516,-18.687506,-20.094017,1.2578921,249
1000107000048,1000107000056,1000107000047,1000107000035,28000100000540,28000100000540,1000107000000,1000107000049,-1,2,28,2.8311827,13.51231,6890,22.511068,48.6204,25.794935,96363,2,5,2,232.54805,105.69531,25.700077,24,2.0655768,0.0144327115,78.454285,93.40699,0.024415232,0.034996618,0.0,0.0,0.0,0.0,4.0286174E-4,2.1352596E-4,0.0,0.0,0.0,0.01574687,0.0,42.20497,0.0015954222,0.011426802,-17.57841,-18.05643,-18.521666,-18.919317,-20.149246,99.0,99.0,99.0,99.0,99.0,-17.252506,-17.786434,-18.301834,-18.758078,-20.10136,1.0529077,768
1000107000049,1000107000056,1000107000048,1000107000036,27000100000486,27000100000486,1000107000000,1000107000050,-1,2,27,3.060419,16.782806,6890,22.320871,48.52595,25.811346,96362,2,5,2,309.61487,146.41342,-18.617792,24,2.0655768,0.0144327115,78.454285,93.40699,0.025323598,0.03486939,0.0,0.0,0.0,0.0,4.1103637E-4,2.1144496E-4,0.0,0.0,0.0,0.037038244,0.0,42.20497,0.0015954222,0.011426802,-17.801985,-18.189531,-18.591185,-18.94649,-20.07706,99.0,99.0,99.0,99.0,99.0,-17.454409,-17.904253,-18.359924,-18.777277,-20.02702,0.862189,511
1000107000050,1000107000056,1000107000049,1000107000037,26000100000441,26000100000441,1000107000000,1000107000051,-1,2,26,3.3080978,15.577887,6890,22.19252,48.49925,25.821247,96362,2,5,2,159.4145,-27.389187,-64.97087,24,2.0655768,0.0144327115,78.454285,93.40699,0.027324729,0.034589145,0.0,0.0,0.0,0.0,4.28221E-4,2.069796E-4,0.0,0.0,0.0,0.082352355,0.0,42.20497,0.0015954222,0.011426802,-18.075485,-18.386368,-18.742474,-19.07567,-20.175684,99.0,99.0,99.0,99.0,99.0,-17.70477,-18.080936,-18.494429,-18.893963,-20.121853,0.68648934,178
1000107000051,1000107000056,1000107000050,1000107000038,25000100000416,25000100000416,1000107000000,1000107000052,-1,2,25,3.575905,13.770508,6890,22.103077,48.423145,25.894035,96362,2,5,2,115.62977,233.73244,-106.22154,24,2.0655768,0.0144327115,78.454285,93.40699,0.031481594,0.03400698,0.0,0.0,0.0,0.0,4.605909E-4,1.9818221E-4,0.0,0.0,0.0,0.1734144,0.0,42.20497,0.0015954222,0.011426802,-18.387886,-18.626398,-18.940271,-19.2534,-20.315962,99.0,99.0,99.0,99.0,99.0,-17.98656,-18.301752,-18.679367,-19.063793,-20.260752,0.5267093,165
1000107000052,1000107000056,1000107000051,1000107000047,24000100000359,24000100000358,1000107000000,1000107000053,-1,1,24,3.8656828,6.282794,6890,22.035778,48.361115,25.898087,96362,2,5,2,126.971176,133.23357,7.136284,24,2.0655768,0.0144327115,78.454285,93.40699,0.039639033,0.03286454,0.0,0.0,0.0,0.0,5.129011E-4,1.8252076E-4,0.0,0.0,0.0,0.34655228,0.0,42.20497,0.0015954222,0.011426802,-18.73823,-18.91389,-19.1926,-19.488415,-20.508236,99.0,99.0,99.0,99.0,99.0,-18.320232,-18.57275,-18.917269,-19.287828,-20.449417,0.3836132,80
1000107000053,1000107000056,1000107000052,1000107000048,23000100000397,23000100000396,1000107000000,1000107000054,-1,1,23,4.1794686,4.991809,6890,21.962038,48.29214,25.897762,96362,2,5,2,154.16325,114.97622,19.199745,35,3.0122995,0.01539767,91.72581,105.428055,0.054794732,0.030742008,0.0,0.0,0.0,0.0,5.7900086E-4,1.5783885E-4,0.0,0.0,0.0,1.4337337,0.0,42.20497,0.0011787504,0.011426802,-19.248312,-19.328394,-19.548878,-19.802523,-20.746311,99.0,99.0,99.0,99.0,99.0,-18.41971,-18.65186,-19.00168,-19.4038,-20.62956,0.25726122,826
1000107000054,1000107000056,1000107000053,1000107000049,22000100000878,22000100000878,1000107000000,1000107000055,-1,0,22,4.5195556,3.098364,6890,21.886557,48.250153,25.887192,96362,2,5,2,153.19788,101.82093,-1.5982882,50,3.098364,0.01460315,95.52409,113.1344,0.11295901,0.022596152,0.0,0.026924456,0.32066453,0.0,5.9911393E-4,9.686123E-5,0.0,3.8483973E-5,4.5481184E-4,1.436463,0.0,42.20497,0.0013956361,0.011426802,-19.437475,-19.484102,-19.679298,-19.892378,-20.75456,99.0,99.0,99.0,99.0,99.0,-18.931868,-19.0749,-19.351107,-19.649696,-20.677006,0.18485226,837
1000107000055,1000107000056,1000107000054,1000107000050,21000100001228,21000100001228,1000107000000,1000107000056,-1,0,21,4.888449,2.065576,6890,21.810019,48.186512,25.868614,96362,2,5,2,160.57983,103.32157,11.231319,32,2.065576,0.0119701885,86.14698,90.28184,0.056093447,0.015042334,0.0,0.001593512,0.24486127,0.0,3.641484E-4,6.0577666E-5,0.0,3.622039E-6,3.6335355E-4,0.8323774,0.0,43.315144,0.0010224719,0.013216605,-18.91897,-18.958134,-19.154814,-19.391212,-20.273659,99.0,99.0,99.0,99.0,99.0,-18.279549,-18.436295,-18.729404,-19.074694,-20.163465,0.12607783,688
1000107000056,1000107000056,1000107000055,1000107000051,20000100001270,20000100001270,1000107000000,-1,-1,0,20,5.2888336,1.6352477,6890,21.736353,48.119022,25.871887,96362,2,5,2,156.52115,104.429504,11.6715555,26,1.6352477,0.0103774,82.322296,90.48364,0.032371018,0.011000702,0.0,0.0056241252,0.20388506,0.0,2.8218824E-4,3.4105637E-5,0.0,9.096595E-6,2.5359384E-4,2.458349,0.0,41.07103,3.4740148E-4,0.0074099205,-19.353138,-19.349154,-19.530212,-19.713614,-20.544313,99.0,99.0,99.0,99.0,99.0,-16.936525,-17.184603,-17.62133,-18.156488,-19.918926,0.036319517,449
1000107000057,1000107000089,1000107000007,1000107000008,55000100000491,55000100000491,1000107000000,1000107000058,-1,2,55,0.20754863,68.16401,6700,26.824331,51.19858,25.947922,96937,3,5,2,341.38684,342.62448,61.809345,27,2.3237739,0.036230292,52.520756,74.07617,0.03752696,0.14778665,0.0,0.0,0.0,0.0,8.467477E-4,0.0012807893,0.0,0.0,0.0,8.3269435E-5,0.0,41.71826,0.0037590875,0.027650269,-16.657364,-17.48929,-18.183893,-18.767883,-20.22871,99.0,99.0,99.0,99.0,99.0,-16.547783,-17.398708,-18.110424,-18.714296,-20.212961,7.9231634,688
1000107000058,1000107000089,1000107000057,1000107000009,54000100000508,54000100000508,1000107000000,1000107000059,-1,2,54,0.24246909,58.180393,6700,26.71589,51.088207,25.949038,96937,2,5,2,335.9541,347.27856,-72.93639,27,2.3237739,0.036230292,52.520756,74.07617,0.037535552,0.14778544,0.0,0.0,0.0,0.0,8.468781E-4,0.0012807621,0.0,0.0,0.0,1.3091802E-4,0.0,41.71826,0.0037590875,0.027650269,-16.70463,-17.532383,-18.224026,-18.805569,-20.264687,99.0,99.0,99.0,99.0,99.0,-16.595032,-17.441784,-18.150545,-18.751972,-20.248936,7.5759325,676
1000107000059,1000107000089,1000107000058,1000107000010,53000100000544,53000100000544,1000107000000,1000107000060,-1,2,53,0.2798018,55.25416,6700,26.615446,50.98557,26.004557,96937,2,5,2,271.61414,239.85846,-158.19048,27,2.3237739,0.036230292,52.520756,74.07617,0.037549343,0.14778352,0.0,0.0,0.0,0.0,8.470873E-4,0.0012807184,0.0,0.0,0.0,2.0764349E-4,0.0,41.71826,0.0037590875,0.027650269,-16.756626,-17.580069,-18.268667,-18.84748,-20.304579,99.0,99.0,99.0,99.0,99.0,-16.646852,-17.489372,-18.195108,-18.79382,-20.288792,7.221468,94
1000107000060,1000107000089,1000107000059,1000107000011,52000100000531,52000100000531,1000107000000,1000107000061,-1,2,52,0.31970343,53.61891,6700,26.507391,50.90136,26.03128,96937,2,5,2,337.7075,237.88535,-25.058376,27,2.3237739,0.036230292,52.520756,74.07617,0.037571605,0.14778039,0.0,0.0,0.0,0.0,8.474255E-4,0.001280648,0.0,0.0,0.0,3.318188E-4,0.0,41.71826,0.0037590875,0.027650269,-16.811092,-17.629215,-18.313974,-18.889088,-20.342556,99.0,99.0,99.0,99.0,99.0,-16.701332,-17.538506,-18.240404,-18.835424,-20.32678,6.8606906,453
1000107000061,1000107000089,1000107000060,1000107000012,51000100000531,51000100000531,1000107000000,1000107000062,-1,2,51,0.36234027,53.360718,6700,26.375727,50.81281,26.022205,96937,2,5,2,374.96945,244.64824,72.33684,27,2.3237739,0.036230292,52.520756,74.07617,0.037607707,0.14777534,0.0,0.0,0.0,0.0,8.4797357E-4,0.0012805337,0.0,0.0,0.0,5.3358165E-4,0.0,41.71826,0.0037590875,0.027650269,-16.867664,-17.679203,-18.359137,-18.929506,-20.377775,99.0,99.0,99.0,99.0,99.0,-16.7577,-17.588362,-18.285465,-18.875765,-20.361969,6.494644,306
1000107000062,1000107000089,1000107000061,1000107000013,50000100000523,50000100000523,1000107000000,1000107000063,-1,2,50,0.40789944,52.586124,6675,26.225727,50.711464,25.974327,96826,2,5,2,404.92404,289.6276,177.01135,27,2.3237739,0.036230292,52.520756,74.07617,0.037666462,0.14776711,0.0,0.0,0.0,0.0,8.488651E-4,0.0012803482,0.0,0.0,0.0,8.622595E-4,0.0,41.71826,0.0037590875,0.027650269,-16.929432,-17.73385,-18.408712,-18.974411,-20.418125,99.0,99.0,99.0,99.0,99.0,-16.81898,-17.64272,-18.334814,-18.920483,-20.402227,6.124391,143
1000107000063,1000107000089,1000107000062,1000107000014,49000100000518,49000100000518,1000107000000,1000107000064,-1,2,49,0.45657724,51.381207,6675,26.051945,50.568623,25.888979,96826,2,5,2,442.43723,471.72864,194.04448,27,2.3237739,0.036230292,52.520756,74.07617,0.037762225,0.14775373,0.0,0.0,0.0,0.0,8.503165E-4,0.0012800462,0.0,0.0,0.0,0.0013979647,0.0,41.71826,0.0037590875,0.027650269,-16.997408,-17.794403,-18.46411,-19.025154,-20.464855,99.0,99.0,99.0,99.0,99.0,-16.8871,-17.70324,-18.390173,-18.971222,-20.449003,5.7511373,14
1000107000064,1000107000089,1000107000063,1000107000015,48000100000535,48000100000535,1000107000000,1000107000065,-1,2,48,0.5085914,54.307438,6675,25.88479,50.397106,25.854506,96826,2,5,2,397.00095,342.23553,27.669956,27,2.3237739,0.036230292,52.520756,74.07617,0.03791833,0.14773187,0.0,0.0,0.0,0.0,8.526787E-4,0.0012795542,0.0,0.0,0.0,0.002270527,0.0,41.71826,0.0037590875,0.027650269,-17.071575,-17.859446,-18.523043,-19.078817,-20.514172,99.0,99.0,99.0,99.0,99.0,-16.960714,-17.767864,-18.448769,-19.024635,-20.498238,5.376115,225
1000107000065,1000107000089,1000107000064,1000107000016,47000100000519,47000100000519,1000107000000,1000107000066,-1,2,47,0.5641766,54.47957,6675,25.710735,50.276497,25.852451,96826,2,5,2,414.2594,220.47261,-12.868613,27,2.3237739,0.036230292,52.520756,74.07617,0.038172435,0.14769627,0.0,0.0,0.0,0.0,8.5651386E-4,0.0012787548,0.0,0.0,0.0,0.0036884658,0.0,41.71826,0.0037590875,0.027650269,-17.159521,-17.937185,-18.59425,-19.144447,-20.575718,99.0,99.0,99.0,99.0,99.0,-17.046858,-17.844503,-18.51912,-19.089579,-20.559475,5.0006857,390
1000107000066,1000107000089,1000107000065,1000107000017,46000100000526,46000100000526,1000107000000,1000107000067,-1,2,46,0.6235901,56.11482,6675,25.531855,50.2022,25.857712,96826,2,5,2,359.12985,117.46004,11.558103,27,2.3237739,0.036230292,52.520756,74.07617,0.038584806,0.14763851,0.0,0.0,0.0,0.0,8.627112E-4,0.0012774614,0.0,0.0,0.0,0.005983248,0.0,41.71826,0.0037590875,0.027650269,-17.260626,-18.024965,-18.6734,-19.215658,-20.639975,99.0,99.0,99.0,99.0,99.0,-17.14473,-17.930279,-18.596659,-19.159428,-20.623003,4.626275,683
1000107000067,1000107000089,1000107000066,1000107000018,45000100000523,45000100000523,1000107000000,1000107000068,-1,2,45,0.6871088,54.221375,6676,25.36872,50.177597,25.821175,96819,2,5,2,440.37906,59.1126,189.27467,27,2.3237739,0.036230292,52.520756,74.07617,0.0392508,0.14754525,0.0,0.0,0.0,0.0,8.7265257E-4,0.0012753821,0.0,0.0,0.0,0.00967601,0.0,41.71826,0.0037590875,0.027650269,-17.3757,-18.121948,-18.759007,-19.290916,-20.705183,99.0,99.0,99.0,99.0,99.0,-17.257832,-18.02567,-18.680986,-19.233772,-20.688007,4.254426,787
1000107000068,1000107000089,1000107000067,1000107000058,44000100000533,44000100000531,1000107000000,1000107000069,-1,1,44,0.75503564,50.434483,6676,25.171373,50.107452,25.743366,96819,2,5,2,397.327,180.53317,113.8365,27,2.3237739,0.036230292,52.520756,74.07617,0.040319517,0.14739555,0.0,0.0,0.0,0.0,8.884332E-4,0.0012720701,0.0,0.0,0.0,0.015574521,0.0,41.71826,0.0037590875,0.027650269,-17.51812,-18.242384,-18.86711,-19.38942,-20.798653,99.0,99.0,99.0,99.0,99.0,-17.397842,-18.143873,-18.78726,-19.330992,-20.7812,3.8867998,245
1000107000069,1000107000089,1000107000068,1000107000059,43000100000553,43000100000552,1000107000000,1000107000070,-1,1,43,0.8276991,46.561527,6676,24.984898,50.001923,25.710781,96819,2,5,2,378.86862,235.0086,36.178135,45,3.8729565,0.041826125,63.105534,79.10995,0.0420205,0.14715733,0.0,0.0,0.0,0.0,9.131249E-4,0.0012668592,0.0,0.0,0.0,0.048703447,0.0,41.71826,0.003065852,0.027650269,-17.710913,-18.395344,-19.000956,-19.509321,-20.908987,99.0,99.0,99.0,99.0,99.0,-17.552338,-18.264366,-18.89461,-19.431587,-20.885998,3.525175,270
1000107000070,1000107000089,1000107000069,1000107000060,42000100000576,42000100000575,1000107000000,1000107000071,-1,1,42,0.9054624,43.1189,6676,24.797981,49.882515,25.709135,96819,2,5,2,342.7046,259.68616,-47.813,36,3.0983653,0.03773675,59.422924,82.22739,0.047262363,0.1464232,0.0,0.0,0.0,0.0,9.861684E-4,0.0012512468,0.0,0.0,0.0,0.0,0.0,41.71826,0.005941271,0.027650269,-17.830729,-18.515062,-19.110147,-19.6066,-21.000069,99.0,99.0,99.0,99.0,99.0,-17.782677,-18.4754,-19.07803,-19.583218,-20.993221,3.1795893,328
1000107000071,1000107000089,1000107000070,1000107000061,41000100000646,41000100000645,1000107000000,1000107000072,-1,1,41,0.98870814,40.19267,6676,24.65026,49.746098,25.763332,96817,2,5,2,262.53293,224.10133,-126.46417,31,2.6680367,0.034827076,57.399403,92.34549,0.047262363,0.1464232,0.0,0.0,0.0,0.0,9.861684E-4,0.0012512468,0.0,0.0,0.0,0.13932626,0.0,41.71826,0.0028726552,0.027650269,-18.219122,-18.790651,-19.338272,-19.811241,-21.17957,99.0,99.0,99.0,99.0,99.0,-18.00073,-18.614166,-19.194391,-19.704214,-21.145367,2.8238907,249
1000107000072,1000107000089,1000107000071,1000107000062,40000100000601,40000100000600,1000107000000,1000107000073,-1,1,40,1.0778745,36.147583,6676,24.517017,49.66198,25.815914,96817,2,5,2,238.02963,129.40813,-61.485943,47,4.045088,0.03873718,67.01468,95.06777,0.061671495,0.14440522,0.0,0.0,0.0,0.0,0.0011664444,0.0012112976,0.0,0.0,0.0,0.313192,0.0,41.71826,0.0027257893,0.027650269,-18.531784,-19.016302,-19.51968,-19.96642,-21.29592,99.0,99.0,99.0,99.0,99.0,-18.256645,-18.793913,-19.338264,-19.831284,-21.252567,2.5125759,925
1000107000073,1000107000089,1000107000072,1000107000063,39000100000619,39000100000618,1000107000000,1000107000074,-1,1,39,1.173417,27.196753,6676,24.392471,49.60119,25.83701,96816,2,5,2,235.13264,97.1134,-12.317845,67,5.766402,0.042128976,76.72413,94.76698,0.093253955,0.13998213,0.0,0.0,0.0,0.0,0.0014816887,0.0011351337,0.0,0.0,0.0,0.57461214,0.0,41.71826,0.0030582324,0.027650269,-18.81943,-19.22679,-19.689049,-20.109533,-21.398573,99.0,99.0,99.0,99.0,99.0,-18.543339,-19.007917,-19.51102,-19.97572,-21.3536,2.2465148,275
1000107000074,1000107000089,1000107000073,1000107000064,38000100000565,38000100000564,1000107000000,1000107000075,-1,1,38,1.2758462,23.409863,6676,24.259108,49.55513,25.82829,96816,2,5,2,238.38925,91.65214,8.06886,83,7.143453,0.043638423,83.90533,90.83901,0.14955793,0.1320968,0.0,0.0,0.0,0.0,0.0018600101,0.0010252192,0.0,0.0,0.0,0.62536865,0.0,41.71826,0.00442249,0.027650269,-18.944395,-19.320402,-19.759142,-20.161848,-21.421452,99.0,99.0,99.0,99.0,99.0,-18.816698,-19.217836,-19.676508,-20.101141,-21.402838,2.0397322,315
1000107000075,1000107000089,1000107000074,1000107000065,37000100001252,37000100001252,1000107000000,1000107000076,-1,0,37,1.3857181,8.176239,6676,24.10751,49.495716,25.829878,96816,2,5,2,247.45163,92.54201,31.066849,94,8.176239,0.043940775,89.4567,93.43899,0.20889552,0.12378661,0.0,0.037813105,0.80204844,0.0,0.0020865612,9.331206E-4,0.0,1.3843841E-4,0.0032775153,0.8095386,0.0,41.71826,0.0042895875,0.027650269,-19.185001,-19.496277,-19.893831,-20.263266,-21.453966,99.0,99.0,99.0,99.0,99.0,-19.024254,-19.368128,-19.791069,-20.187532,-21.43033,1.8455962,731
1000107000076,1000107000089,1000107000075,1000107000066,36000100001200,36000100001200,1000107000000,1000107000077,-1,0,36,1.5036365,7.2295165,6676,23.962154,49.437355,25.80301,96816,2,5,2,253.95123,98.08479,42.182728,104,7.2295165,0.040520456,87.596634,100.28312,0.18717736,0.11340539,0.0,0.0047964943,0.7209358,0.0,0.0019785704,8.2871574E-4,0.0,3.1241838E-5,0.003050728,0.440818,0.0,40.509487,0.0054882313,0.012451947,-18.90836,-19.271687,-19.691494,-20.073133,-21.287813,99.0,99.0,99.0,99.0,99.0,-18.80798,-19.192286,-19.628088,-20.026672,-21.2736,1.6934993,913
1000107000077,1000107000089,1000107000076,1000107000067,35000100001392,35000100001392,1000107000000,1000107000078,-1,0,35,1.6302707,7.4016476,6676,23.836035,49.388336,25.775019,96816,2,5,2,252.2497,98.26846,52.174767,92,7.4016476,0.039163727,90.15549,95.29256,0.17173763,0.10796828,0.0,0.028398464,0.7549037,0.0,0.0017829842,7.7239325E-4,0.0,1.4224336E-4,0.0029148716,0.768136,0.0,41.693993,0.0044819443,0.025394699,-19.115528,-19.431562,-19.820011,-20.180443,-21.351717,99.0,99.0,99.0,99.0,99.0,-18.95571,-19.306856,-19.720484,-20.106424,-21.327679,1.4754297,526
1000107000078,1000107000089,1000107000077,1000107000068,34000100001470,34000100001470,1000107000000,1000107000079,-1,0,34,1.766336,7.3155823,6676,23.699081,49.330658,25.75814,96816,2,5,2,260.5899,99.84366,56.125828,81,7.3155823,0.037341546,91.79061,103.48003,0.23395553,0.098886274,0.0,0.009668726,0.7165374,0.0,0.0018922489,6.894521E-4,0.0,3.2656044E-5,0.0025201347,1.0424536,0.0,40.794098,0.0037615884,0.0105696665,-19.401482,-19.673569,-20.036032,-20.371752,-21.491829,99.0,99.0,99.0,99.0,99.0,-19.18038,-19.494118,-19.89087,-20.263498,-21.457924,1.3126415,278
1000107000079,1000107000089,1000107000078,1000107000069,33000100001502,33000100001502,1000107000000,1000107000080,-1,0,33,1.9126327,6.4549255,6676,23.555754,49.273804,25.722967,96816,2,5,2,262.45178,101.26204,58.64569,77,6.4549255,0.034220733,90.068085,99.654724,0.2116861,0.087108605,0.0,0.020557925,0.60639584,0.0,0.0016633493,5.915533E-4,0.0,6.263182E-5,0.0021970798,0.72444123,0.0,41.4468,0.004160017,0.017828695,-19.18652,-19.482086,-19.854874,-20.19441,-21.313562,99.0,99.0,99.0,99.0,99.0,-19.001528,-19.33501,-19.737139,-20.106535,-21.286167,1.2012047,417
1000107000080,1000107000089,1000107000079,1000107000070,32000100001451,32000100001451,1000107000000,1000107000081,-1,0,32,2.0700274,5.594269,6891,23.39465,49.205204,25.693033,96377,2,5,2,256.9247,104.44941,65.89745,81,5.594269,0.031118903,87.92847,88.89268,0.13677724,0.079312205,0.0,0.016900739,0.5618913,0.0,0.001341057,5.272359E-4,0.0,1.1101651E-4,0.002124968,0.36881942,0.0,41.635754,0.0047480743,0.024451476,-18.861767,-19.204214,-19.597181,-19.954025,-21.115368,99.0,99.0,99.0,99.0,99.0,-18.749865,-19.118528,-19.530031,-19.905157,-21.100895,1.0497113,101
1000107000081,1000107000089,1000107000080,1000107000071,31000100001395,31000100001395,1000107000000,1000107000082,-1,0,31,2.2394855,5.8524656,6891,23.252113,49.142563,25.662085,96377,2,5,2,247.60435,106.32024,66.97464,76,5.8524656,0.03007884,91.47636,89.1985,0.12705176,0.07554257,0.0,0.026835335,0.61744326,0.0,0.0012180109,4.924104E-4,0.0,9.9238656E-5,0.0020996265,0.66523194,0.0,41.7893,0.002750181,0.020283002,-19.24615,-19.480764,-19.807945,-20.121542,-21.203283,99.0,99.0,99.0,99.0,99.0,-19.028698,-19.305992,-19.668236,-20.019863,-21.173576,0.8503228,448
1000107000082,1000107000089,1000107000081,1000107000072,30000100001271,30000100001271,1000107000000,1000107000083,-1,0,30,2.422044,5.3360715,6891,23.098122,49.087612,25.631758,96377,2,5,2,249.99725,106.03057,63.800014,75,5.3360715,0.027724927,90.97993,90.282524,0.0635297,0.069104694,0.0,0.019619402,0.6274677,0.0,9.484425E-4,4.2985115E-4,0.0,1.2893484E-4,0.002063222,0.6797524,0.0,41.765396,0.0019706697,0.021248616,-19.187792,-19.430586,-19.762264,-20.08849,-21.191734,99.0,99.0,99.0,99.0,99.0,-18.784449,-19.109499,-19.505661,-19.901352,-21.135977,0.68821794,771
1000107000083,1000107000089,1000107000082,1000107000073,29000100001428,29000100001428,1000107000000,1000107000084,-1,0,29,2.6188614,5.594269,6891,22.953386,49.018967,25.592522,96377,2,5,2,250.57451,102.50888,64.4581,66,5.594269,0.026729466,94.87384,95.91519,0.106012285,0.062893406,0.0,0.0016361544,0.6558101,0.0,0.0011900101,3.4982202E-4,0.0,7.997092E-6,0.0017623504,2.0870755,0.0,39.53068,0.001813024,0.002894644,-19.650911,-19.781748,-20.037642,-20.309963,-21.291689,99.0,99.0,99.0,99.0,99.0,-19.162989,-19.390667,-19.725973,-20.084303,-21.226145,0.52412516,203
1000107000084,1000107000089,1000107000083,1000107000074,28000100001309,28000100001309,1000107000000,1000107000085,-1,0,28,2.8311827,5.508203,6891,22.82104,48.95951,25.550417,96377,2,5,2,241.44902,102.56172,65.39315,68,5.508203,0.025196847,96.96206,101.334724,0.23313822,0.044938356,0.0,0.03708721,0.5083696,0.0,0.0012781416,2.0936705E-4,0.0,6.388791E-5,8.137803E-4,1.2013633,0.0,41.995247,0.0032806674,0.013842664,-19.47776,-19.57697,-19.80987,-20.05347,-20.985636,99.0,99.0,99.0,99.0,99.0,-19.367748,-19.490383,-19.742004,-20.005054,-20.972126,0.47866207,430
1000107000085,1000107000089,1000107000084,1000107000075,27000100001339,27000100001339,1000107000000,1000107000086,-1,0,27,3.060419,4.4754148,6891,22.687763,48.895542,25.526854,96377,2,5,2,237.11137,100.648155,65.75194,61,4.4754148,0.022244727,93.0193,95.05162,0.15729693,0.035232816,0.0,0.02843485,0.44045177,0.0,9.5805206E-4,1.5601033E-4,0.0,4.7158126E-5,6.931385E-4,1.6530209,0.0,41.933746,0.0020858657,0.014553681,-19.469275,-19.536512,-19.74528,-19.971735,-20.86778,99.0,99.0,99.0,99.0,99.0,-18.989765,-19.163284,-19.455276,-19.763775,-20.809765,0.39428246,558
1000107000086,1000107000089,1000107000085,1000107000076,26000100001305,26000100001305,1000107000000,1000107000087,-1,0,26,3.3080978,3.18443,6891,22.55038,48.848824,25.491877,96377,2,5,2,226.78026,95.52281,61.550972,57,3.18443,0.018761141,85.439,95.29565,0.17151026,0.022724928,0.0,0.0034858035,0.25838652,0.0,6.78859E-4,9.196937E-5,0.0,5.04507E-6,4.2017567E-4,0.39806956,0.0,43.659775,0.0039951066,0.019858157,-18.76492,-18.874166,-19.094046,-19.328709,-20.175886,99.0,99.0,99.0,99.0,99.0,-18.7185,-18.837667,-19.065647,-19.308182,-20.170341,0.38051146,996
1000107000087,1000107000089,1000107000086,1000107000077,25000100001887,25000100001887,1000107000000,1000107000088,-1,0,25,3.575905,2.4959044,6890,22.446985,48.795403,25.45633,96362,2,5,2,222.42513,91.77997,60.252136,35,2.4959044,0.016318075,81.10535,81.91063,0.07916041,0.019910898,0.0,0.0014535112,0.25113636,0.0,5.143944E-4,7.952266E-5,0.0,3.292309E-6,4.5073265E-4,0.45374563,0.0,43.219067,0.001971564,0.01775003,-18.733013,-18.823353,-19.044157,-19.289682,-20.183222,99.0,99.0,99.0,99.0,99.0,-18.567701,-18.695868,-18.94575,-19.220596,-20.164625,0.25546888,852
1000107000088,1000107000089,1000107000087,1000107000078,24000100002361,24000100002361,1000107000000,1000107000089,-1,0,24,3.8656828,2.065576,6890,22.334045,48.75768,25.433298,96362,2,5,2,203.53845,95.58602,44.615654,25,2.065576,0.01443271,78.45428,78.72167,0.047754824,0.016921647,0.0,0.0,0.22523306,0.0,4.367706E-4,5.8576974E-5,0.0,0.0,3.9526544E-4,1.4234322,0.0,0.0,0.0010129934,0.01443271,-19.020794,-19.051775,-19.23985,-19.469494,-20.32677,99.0,99.0,99.0,99.0,99.0,-18.456926,-18.598524,-18.879051,-19.21135,-20.25381,0.13030267,476
1000107000089,1000107000089,1000107000088,1000107000079,23000100002349,23000100002349,1000107000000,-1,-1,0,23,4.1794686,1.9795104,6890,22.209715,48.70068,25.401798,96362,2,5,2,200.05687,92.1841,43.681313,24,1.9795104,0.013386741,79.74646,80.24111,0.110005535,0.008203489,0.0,0.0,0.16685683,0.0,3.396565E-4,1.0231285E-5,0.0,0.0,8.18748E-5,1.4438776,0.0,0.0,8.715784E-4,0.013386741,-19.498175,-19.448757,-19.547333,-19.647299,-20.07184,99.0,99.0,99.0,99.0,99.0,-19.051826,-19.074383,-19.242508,-19.412634,-19.993877,0.02975587,371
1000107000090,1000107000117,-1,1000107000000,63000100000569,63000100000569,1000107000000,1000107000091,-1,2,63,0.0,73.844345,6707,27.473974,51.82031,26.133007,96994,3,5,2,452.11716,111.339264,10.211439,37,0.60245967,0.021207806,34.953133,42.999313,0.044904824,0.005905763,0.0,0.0,0.0,0.0,2.1438123E-4,1.4406564E-5,0.0,0.0,0.0,0.0,0.0,38.58191,0.019559257,0.0065236297,-13.423496,-14.150136,-14.781785,-15.279701,-16.481026,99.0,99.0,99.0,99.0,99.0,-13.42288,-14.149629,-14.781374,-15.279403,-16.480938,8.8883,848
1000107000091,1000107000117,1000107000090,1000107000001,62000100000559,62000100000559,1000107000000,1000107000092,-1,2,62,0.019932542,72.38123,6707,27.387217,51.79492,26.132149,96994,3,5,2,425.92932,145.35512,-0.40578276,37,0.60245967,0.021207806,34.953133,42.999313,0.044904824,0.005905763,0.0,0.0,0.0,0.0,2.1438123E-4,1.4406564E-5,0.0,0.0,0.0,0.0,0.0,38.58191,0.019559257,0.0065236297,-13.454003,-14.178716,-14.809021,-15.306007,-16.506681,99.0,99.0,99.0,99.0,99.0,-13.453388,-14.178207,-14.808611,-15.305709,-16.506594,8.624868,779
1000107000092,1000107000117,1000107000091,1000107000002,61000100000564,61000100000564,1000107000000,1000107000093,-1,2,61,0.041403063,71.17631,6700,27.299063,51.761555,26.132801,96939,3,5,2,407.1455,169.21225,-3.4631402,37,0.60245967,0.021207806,34.953133,42.999313,0.044904824,0.005905763,0.0,0.0,0.0,0.0,2.1438123E-4,1.4406564E-5,0.0,0.0,0.0,0.0,0.0,38.58191,0.019559257,0.0065236297,-13.489847,-14.212956,-14.842338,-15.338599,-16.539917,99.0,99.0,99.0,99.0,99.0,-13.489231,-14.212448,-14.841927,-15.338301,-16.539831,8.349009,52
1000107000093,1000107000117,1000107000092,1000107000003,60000100000535,60000100000535,1000107000000,1000107000094,-1,2,60,0.064493395,70.65992,6700,27.209492,51.721268,26.133293,96937,3,5,2,388.50626,186.40324,0.484209,37,0.60245967,0.021207806,34.953133,42.999313,0.044904824,0.005905763,0.0,0.0,0.0,0.0,2.1438123E-4,1.4406564E-5,0.0,0.0,0.0,0.0,0.0,38.58191,0.019559257,0.0065236297,-13.526803,-14.247749,-14.875796,-15.370729,-16.5719,99.0,99.0,99.0,99.0,99.0,-13.526187,-14.247242,-14.875386,-15.370431,-16.571812,8.061158,582
1000107000094,1000107000117,1000107000093,1000107000004,59000100000508,59000100000508,1000107000000,1000107000095,-1,2,59,0.08928783,71.17631,6700,27.118546,51.674507,26.132692,96937,3,5,2,370.72382,202.90575,4.749922,37,0.60245967,0.021207806,34.953133,42.999313,0.044904824,0.005905763,0.0,0.0,0.0,0.0,2.1438123E-4,1.4406564E-5,0.0,0.0,0.0,0.0,0.0,38.58191,0.019559257,0.0065236297,-13.56391,-14.281848,-14.907876,-15.40091,-16.600842,99.0,99.0,99.0,99.0,99.0,-13.563293,-14.281341,-14.907465,-15.400612,-16.600754,7.7618427,310
1000107000095,1000107000117,1000107000094,1000107000005,58000100000507,58000100000507,1000107000000,1000107000096,-1,2,58,0.11588337,71.52058,6700,27.026035,51.621418,26.131233,96937,3,5,2,352.41418,213.21281,7.2029743,37,0.60245967,0.021207806,34.953133,42.999313,0.044904824,0.005905763,0.0,0.0,0.0,0.0,2.1438123E-4,1.4406564E-5,0.0,0.0,0.0,0.0,0.0,38.58191,0.019559257,0.0065236297,-13.602999,-14.317367,-14.940885,-15.431617,-16.629793,99.0,99.0,99.0,99.0,99.0,-13.602383,-14.316859,-14.940474,-15.431318,-16.629707,7.4515867,748
1000107000096,1000107000117,1000107000095,1000107000006,57000100000493,57000100000493,1000107000000,1000107000097,-1,2,57,0.14438343,70.91811,6700,26.931774,51.56178,26.12857,96937,3,5,2,341.64532,226.70348,12.471055,37,0.60245967,0.021207806,34.953133,42.999313,0.044904824,0.005905763,0.0,0.0,0.0,0.0,2.1438123E-4,1.4406564E-5,0.0,0.0,0.0,0.0,0.0,38.58191,0.019559257,0.0065236297,-13.644652,-14.354982,-14.9756,-15.463627,-16.659227,99.0,99.0,99.0,99.0,99.0,-13.644037,-14.354475,-14.97519,-15.463328,-16.659142,7.1309977,577
1000107000097,1000107000117,1000107000096,1000107000007,56000100000508,56000100000508,1000107000000,1000107000098,-1,2,56,0.17489761,69.713196,6700,26.8355,51.495167,26.124153,96937,3,5,2,332.63913,239.08986,18.184994,37,0.60245967,0.021207806,34.953133,42.999313,0.044904824,0.005905763,0.0,0.0,0.0,0.0,2.1438123E-4,1.4406564E-5,0.0,0.0,0.0,0.0,0.0,38.58191,0.019559257,0.0065236297,-13.688669,-14.3943205,-15.011447,-15.49618,-16.688307,99.0,99.0,99.0,99.0,99.0,-13.688053,-14.393812,-15.011037,-15.495881,-16.68822,6.8007708,530
1000107000098,1000107000117,1000107000097,1000107000008,55000100000491,55000100000491,1000107000000,1000107000099,-1,2,55,0.20754863,68.16401,6700,26.737217,51.421394,26.11767,96937,2,5,2,319.85226,248.88387,24.098951,37,0.60245967,0.021207806,34.953133,42.999313,0.044904824,0.005905763,0.0,0.0,0.0,0.0,2.1438123E-4,1.4406564E-5,0.0,0.0,0.0,0.0,0.0,38.58191,0.019559257,0.0065236297,-13.737467,-14.438124,-15.051329,-15.532351,-16.721565,99.0,99.0,99.0,99.0,99.0,-13.736851,-14.437616,-15.050918,-15.532052,-16.721478,6.4616137,217
1000107000099,1000107000117,1000107000098,1000107000009,54000100000508,54000100000508,1000107000000,1000107000100,-1,2,54,0.24246909,58.180393,6700,26.636763,51.33992,26.108662,96937,2,5,2,313.72235,264.28317,32.51553,37,0.60245967,0.021207806,34.953133,42.999313,0.044904824,0.005905763,0.0,0.0,0.0,0.0,2.1438123E-4,1.4406564E-5,0.0,0.0,0.0,0.0,0.0,38.58191,0.019559257,0.0065236297,-13.7887945,-14.4838295,-15.092443,-15.569321,-16.75576,99.0,99.0,99.0,99.0,99.0,-13.788178,-14.483322,-15.092032,-15.569022,-16.755674,6.1143227,756
1000107000100,1000107000117,1000107000099,1000107000010,53000100000544,53000100000544,1000107000000,1000107000101,-1,2,53,0.2798018,55.25416,6700,26.533825,51.25002,26.096643,96937,2,5,2,305.29898,276.9572,40.57403,37,0.60245967,0.021207806,34.953133,42.999313,0.044904824,0.005905763,0.0,0.0,0.0,0.0,2.1438123E-4,1.4406564E-5,0.0,0.0,0.0,0.0,0.0,38.58191,0.019559257,0.0065236297,-13.841055,-14.529333,-15.132906,-15.605443,-16.79034,99.0,99.0,99.0,99.0,99.0,-13.840439,-14.528826,-15.132495,-15.6051445,-16.790255,5.759754,488
1000107000101,1000107000117,1000107000100,1000107000011,52000100000531,52000100000531,1000107000000,1000107000102,-1,2,52,0.31970343,53.61891,6700,26.428003,51.150627,26.080935,96937,2,5,2,298.6935,291.26062,49.590958,37,0.60245967,0.021207806,34.953133,42.999313,0.044904824,0.005905763,0.0,0.0,0.0,0.0,2.1438123E-4,1.4406564E-5,0.0,0.0,0.0,0.0,0.0,38.58191,0.019559257,0.0065236297,-13.900521,-14.582372,-15.181097,-15.649538,-16.834965,99.0,99.0,99.0,99.0,99.0,-13.899906,-14.581864,-15.180686,-15.64924,-16.834877,5.398828,883
1000107000102,1000107000117,1000107000101,1000107000012,51000100000531,51000100000531,1000107000000,1000107000103,-1,2,51,0.36234027,53.360718,6700,26.31901,51.040565,26.060747,96936,2,5,2,294.1539,307.15387,60.057518,37,0.60245967,0.021207806,34.953133,42.999313,0.044904824,0.005905763,0.0,0.0,0.0,0.0,2.1438123E-4,1.4406564E-5,0.0,0.0,0.0,0.0,0.0,38.58191,0.019559257,0.0065236297,-13.964292,-14.639407,-15.232948,-15.697401,-16.883167,99.0,99.0,99.0,99.0,99.0,-13.9636755,-14.638899,-15.232538,-15.697102,-16.88308,5.0325565,639
1000107000103,1000107000117,1000107000102,1000107000013,50000100000523,50000100000523,1000107000000,1000107000104,-1,2,50,0.40789944,52.586124,6700,26.20622,50.918716,26.035057,96936,2,5,2,292.63727,325.89355,72.82318,37,0.60245967,0.021207806,34.953133,42.999313,0.044904824,0.005905763,0.0,0.0,0.0,0.0,2.1438123E-4,1.4406564E-5,0.0,0.0,0.0,0.0,0.0,38.58191,0.019559257,0.0065236297,-14.034288,-14.702957,-15.291432,-15.75222,-16.938618,99.0,99.0,99.0,99.0,99.0,-14.033672,-14.702449,-15.291021,-15.751922,-16.93853,4.6619554,428
1000107000104,1000107000117,1000107000103,1000107000014,49000100000518,49000100000518,1000107000000,1000107000105,-1,2,49,0.45657724,51.381207,6700,26.088009,50.78355,26.002556,96936,2,5,2,298.62372,348.8514,89.83597,37,0.60245967,0.021207806,34.953133,42.999313,0.044904824,0.005905763,0.0,0.0,0.0,0.0,2.1438123E-4,1.4406564E-5,0.0,0.0,0.0,0.0,0.0,38.58191,0.019559257,0.0065236297,-14.115706,-14.778871,-15.362668,-15.820354,-17.007751,99.0,99.0,99.0,99.0,99.0,-14.11509,-14.778363,-15.362258,-15.820056,-17.007666,4.2881603,351
1000107000105,1000107000117,1000107000104,1000107000015,48000100000535,48000100000535,1000107000000,1000107000106,-1,2,48,0.5085914,54.307438,6675,25.960257,50.633274,25.960745,96826,2,5,2,320.7311,372.08194,113.999275,37,0.60245967,0.021207806,34.953133,42.999313,0.044904824,0.005905763,0.0,0.0,0.0,0.0,2.1438123E-4,1.4406564E-5,0.0,0.0,0.0,0.0,0.0,38.58191,0.019559257,0.0065236297,-14.210136,-14.868352,-15.447976,-15.903944,-17.091887,99.0,99.0,99.0,99.0,99.0,-14.20952,-14.867845,-15.447566,-15.9036455,-17.091799,3.9123242,59
1000107000106,1000107000117,1000107000105,1000107000016,47000100000519,47000100000519,1000107000000,1000107000107,-1,2,47,0.5641766,54.47957,6675,25.814638,50.468033,25.906668,96826,2,5,2,360.0821,395.354,137.21558,37,0.60245967,0.021207806,34.953133,42.999313,0.044904824,0.005905763,0.0,0.0,0.0,0.0,2.1438123E-4,1.4406564E-5,0.0,0.0,0.0,0.0,0.0,38.58191,0.019559257,0.0065236297,-14.3118725,-14.963745,-15.537079,-15.98756,-17.170635,99.0,99.0,99.0,99.0,99.0,-14.311256,-14.963237,-15.536668,-15.987262,-17.17055,3.5356474,677
1000107000107,1000107000117,1000107000106,1000107000017,46000100000526,46000100000526,1000107000000,1000107000108,-1,2,46,0.6235901,56.11482,6675,25.639353,50.28715,25.843468,96826,2,5,2,433.6518,412.06854,141.51524,37,0.60245967,0.021207806,34.953133,42.999313,0.044904824,0.005905763,0.0,0.0,0.0,0.0,2.1438123E-4,1.4406564E-5,0.0,0.0,0.0,0.0,0.0,38.58191,0.019559257,0.0065236297,-14.4402895,-15.088294,-15.657008,-16.102556,-17.287205,99.0,99.0,99.0,99.0,99.0,-14.439673,-15.087787,-15.656597,-16.102257,-17.287117,3.1593578,105
1000107000108,1000107000117,1000107000107,1000107000018,45000100000523,45000100000523,1000107000000,1000107000109,-1,2,45,0.6871088,54.221375,6675,25.411394,50.099827,25.782808,96826,2,5,2,550.4526,378.74603,109.178734,37,0.60245967,0.021207806,34.953133,42.999313,0.044904824,0.005905763,0.0,0.0,0.0,0.0,2.1438123E-4,1.4406564E-5,0.0,0.0,0.0,0.0,0.0,38.58191,0.019559257,0.0065236297,-14.578805,-15.214576,-15.774874,-16.214361,-17.390673,99.0,99.0,99.0,99.0,99.0,-14.578189,-15.214068,-15.774463,-16.214062,-17.390587,2.7847123,92
1000107000109,1000107000117,1000107000108,1000107000019,44000100000531,44000100000531,1000107000000,1000107000110,-1,2,44,0.75503564,50.434483,6676,25.144617,49.942657,25.74415,96819,2,5,2,545.80743,273.2396,58.576878,37,0.60245967,0.021207806,34.953133,42.999313,0.044904824,0.005905763,0.0,0.0,0.0,0.0,2.1438123E-4,1.4406564E-5,0.0,0.0,0.0,0.0,0.0,38.58191,0.019559257,0.0065236297,-14.712944,-15.322181,-15.86644,-16.29523,-17.451662,99.0,99.0,99.0,99.0,99.0,-14.712329,-15.321673,-15.86603,-16.294931,-17.451574,2.4129682,362
1000107000110,1000107000117,1000107000109,1000107000020,43000100000552,43000100000552,1000107000000,1000107000111,-1,2,43,0.8276991,46.561527,6676,24.892406,49.819557,25.722237,96819,2,5,2,468.00217,241.0613,29.87885,37,0.60245967,0.021207806,34.953133,42.999313,0.044904824,0.005905763,0.0,0.0,0.0,0.0,2.1438123E-4,1.4406564E-5,0.0,0.0,0.0,0.0,0.0,38.58191,0.019559257,0.0065236297,-14.910568,-15.498953,-16.03309,-16.457302,-17.61671,99.0,99.0,99.0,99.0,99.0,-14.909953,-15.4984455,-16.03268,-16.457005,-17.616623,2.0453734,442
1000107000111,1000107000117,1000107000110,1000107000021,42000100000575,42000100000575,1000107000000,1000107000112,-1,2,42,0.9054624,43.1189,6676,24.66679,49.69504,25.703552,96817,2,5,2,436.2857,241.94594,52.26831,37,0.60245967,0.021207806,34.953133,42.999313,0.044904824,0.005905763,0.0,0.0,0.0,0.0,2.1438123E-4,1.4406564E-5,0.0,0.0,0.0,0.0,0.0,38.58191,0.019559257,0.0065236297,-15.15297,-15.694538,-16.202856,-16.611654,-17.748621,99.0,99.0,99.0,99.0,99.0,-15.152354,-15.694031,-16.202444,-16.611355,-17.748533,1.6831231,214
1000107000112,1000107000117,1000107000111,1000107000052,41000100002228,41000100002228,1000107000000,1000107000113,-1,0,41,0.98870814,0.60245967,6676,24.44247,49.59318,25.707981,96817,2,5,2,431.8876,217.1969,24.751703,37,0.60245967,0.021207806,34.953133,42.999313,0.044904824,0.005905763,0.0,3.866558E-4,0.03597019,0.0,2.1438123E-4,1.4406564E-5,0.0,6.894838E-7,6.414196E-5,0.0,0.0,38.58191,0.019559257,0.0065236297,-15.503236,-15.999036,-16.483248,-16.883448,-18.043371,99.0,99.0,99.0,99.0,99.0,-15.50262,-15.9985285,-16.482836,-16.883148,-18.043283,1.3274255,33
1000107000113,1000107000117,1000107000112,1000107000053,40000100003147,40000100003147,1000107000000,1000107000114,-1,0,40,1.0778745,1.032788,6676,24.215576,49.482574,25.652012,96816,2,5,2,423.3899,189.97198,4.6338787,31,1.032788,0.02457475,42.51391,50.328396,0.044848036,0.005905763,0.0,0.0,0.044609465,0.0,2.1427998E-4,1.4406564E-5,0.0,2.1175824E-22,7.954749E-5,0.025474273,0.0,0.0,0.0045991484,0.02457475,-16.064487,-16.400696,-16.780828,-17.110441,-18.094524,99.0,99.0,99.0,99.0,99.0,-16.052135,-16.390726,-16.772835,-17.104618,-18.09278,0.9793391,387
1000107000114,1000107000117,1000107000113,1000107000054,39000100003037,39000100003037,1000107000000,1000107000115,-1,0,39,1.173417,1.4631164,6676,24.002548,49.376053,25.641863,96816,2,5,2,411.62485,171.67076,2.2112231,29,1.4631164,0.026670974,48.572445,51.20253,0.047273647,0.005546,0.0,0.0063035553,0.040308908,0.0,2.0687871E-4,1.2765794E-5,0.0,5.9685726E-6,6.628167E-5,0.0,0.0,40.4562,0.0072368598,0.020130841,-16.084852,-16.3887,-16.733059,-17.047476,-17.987612,99.0,99.0,99.0,99.0,99.0,-16.080774,-16.385338,-16.73034,-17.045498,-17.987034,0.69192916,196
1000107000115,1000107000117,1000107000114,1000107000055,38000100003190,38000100003190,1000107000000,1000107000116,-1,0,38,1.2758462,1.3770508,6676,23.768267,49.272526,25.635523,96816,2,5,2,389.31763,153.81073,-10.028109,29,1.3770508,0.025208654,48.469677,52.612255,0.036326442,0.005546,0.0,0.0,0.050500765,0.0,1.9608838E-4,1.2765794E-5,0.0,0.0,8.3040584E-5,0.16781075,0.0,0.0,0.00213717,0.025208654,-17.131922,-17.27592,-17.527939,-17.79403,-18.660673,99.0,99.0,99.0,99.0,99.0,-17.005405,-17.173357,-17.44373,-17.729134,-18.635843,0.36213198,893
1000107000116,1000107000117,1000107000115,1000107000056,37000100003216,37000100003216,1000107000000,1000107000117,-1,0,37,1.3857181,0.6885254,6676,23.54854,49.16803,25.648848,96816,2,5,2,376.3126,142.2042,-14.839892,29,0.6885254,0.01926001,39.210438,51.378742,0.05224903,0.0033160558,0.0,0.0,0.020361744,0.0,1.4297382E-4,4.0269933E-6,0.0,0.0,2.752843E-5,0.2585899,0.0,0.0,0.0021998663,0.01926001,-17.18148,-17.233107,-17.425276,-17.637253,-18.34812,99.0,99.0,99.0,99.0,99.0,-17.12734,-17.189806,-17.39075,-17.611658,-18.339624,0.16702543,140
1000107000117,1000107000117,1000107000116,1000107000057,36000100003519,36000100003519,1000107000000,-1,-1,0,36,1.5036365,1.2049193,6891,23.338768,49.077557,25.672035,96377,2,5,2,369.60922,132.82108,-15.59889,26,1.2049193,0.022299265,48.206287,50.131058,0.059737008,0.0,0.0,0.01891592,0.0,0.0,0.0,0.0,0.0,0.0,0.0,0.0,0.0,41.06043,0.0069945925,0.021095313,99.0,99.0,99.0,99.0,99.0,99.0,99.0,99.0,99.0,99.0,99.0,99.0,99.0,99.0,99.0,0.0,379
1000107000118,1000107000155,-1,1000107000000,63000100000569,63000100000569,1000107000000,1000107000119,-1,2,63,0.0,73.844345,6707,27.549757,51.66489,26.177809,96992,3,5,2,261.41034,237.66095,202.24721,20,1.721314,0.040014353,43.012245,57.76682,0.020289047,0.023496546,0.0,0.0,0.0,0.0,2.7696995E-4,1.5001571E-4,0.0,0.0,0.0,0.0,0.0,0.0,0.0032059876,0.03470427,-14.633134,-15.435898,-16.114586,-16.67624,-18.073898,99.0,99.0,99.0,99.0,99.0,-14.5622015,-15.377314,-16.067116,-16.641657,-18.063759,9.717951,571
1000107000119,1000107000155,1000107000118,1000107000001,62000100000559,62000100000559,1000107000000,1000107000120,-1,2,62,0.019932542,72.38123,6707,27.49923,51.623154,26.138006,96992,3,5,2,259.63815,188.18542,194.28275,20,1.721314,0.040014353,43.012245,57.76682,0.020289047,0.023496546,0.0,0.0,0.0,0.0,2.7696995E-4,1.5001571E-4,0.0,0.0,0.0,0.0,0.0,0.0,0.0032059876,0.03470427,-14.667699,-15.468546,-16.14582,-16.70635,-18.104013,99.0,99.0,99.0,99.0,99.0,-14.596766,-15.409962,-16.09835,-16.671768,-18.093874,9.45452,651
1000107000120,1000107000155,1000107000119,1000107000002,61000100000564,61000100000564,1000107000000,1000107000121,-1,2,61,0.041403063,71.17631,6707,27.439863,51.58805,26.099566,96992,3,5,2,303.137,145.32458,168.9829,20,1.721314,0.040014353,43.012245,57.76682,0.020289047,0.023496546,0.0,0.0,0.0,0.0,2.7696995E-4,1.5001571E-4,0.0,0.0,0.0,0.0,0.0,0.0,0.0032059876,0.03470427,-14.7072,-15.505778,-16.181412,-16.740618,-18.138475,99.0,99.0,99.0,99.0,99.0,-14.636267,-15.447194,-16.133942,-16.706036,-18.128336,9.178658,954
1000107000121,1000107000155,1000107000120,1000107000003,60000100000535,60000100000535,1000107000000,1000107000122,-1,2,60,0.064493395,70.65992,6707,27.365162,51.55842,26.065058,96992,3,5,2,359.61273,121.95036,141.07962,20,1.721314,0.040014353,43.012245,57.76682,0.020289047,0.023496546,0.0,0.0,0.0,0.0,2.7696995E-4,1.5001571E-4,0.0,0.0,0.0,0.0,0.0,0.0,0.0032059876,0.03470427,-14.75255,-15.548336,-16.221977,-16.779552,-18.177834,99.0,99.0,99.0,99.0,99.0,-14.681618,-15.489752,-16.174507,-16.744968,-18.167694,8.890806,709
1000107000122,1000107000155,1000107000121,1000107000004,59000100000508,59000100000508,1000107000000,1000107000123,-1,2,59,0.08928783,71.17631,6700,27.268818,51.530716,26.033258,96937,3,5,2,439.87845,115.60004,119.95119,20,1.721314,0.040014353,43.012245,57.76682,0.020289047,0.023496546,0.0,0.0,0.0,0.0,2.7696995E-4,1.5001571E-4,0.0,0.0,0.0,0.0,0.0,0.0,0.0032059876,0.03470427,-14.8041525,-15.595874,-16.266504,-16.8214,-18.21857,99.0,99.0,99.0,99.0,99.0,-14.733219,-15.53729,-16.219034,-16.786816,-18.208431,8.591487,434
1000107000123,1000107000155,1000107000122,1000107000005,58000100000507,58000100000507,1000107000000,1000107000124,-1,2,58,0.11588337,71.52058,6700,27.152384,51.4983,26.010878,96937,3,5,2,460.4355,138.43878,47.969723,20,1.721314,0.040014353,43.012245,57.76682,0.020289047,0.023496546,0.0,0.0,0.0,0.0,2.7696995E-4,1.5001571E-4,0.0,0.0,0.0,0.0,0.0,0.0,0.0032059876,0.03470427,-14.862358,-15.64788,-16.313873,-16.86437,-18.25824,99.0,99.0,99.0,99.0,99.0,-14.791426,-15.589296,-16.266403,-16.829788,-18.2481,8.281239,173
1000107000124,1000107000155,1000107000123,1000107000006,57000100000493,57000100000493,1000107000000,1000107000125,-1,2,57,0.14438343,70.91811,6700,27.031866,51.453644,26.00859,96937,3,5,2,428.01724,199.16658,-19.441158,20,1.721314,0.040014353,43.012245,57.76682,0.020289047,0.023496546,0.0,0.0,0.0,0.0,2.7696995E-4,1.5001571E-4,0.0,0.0,0.0,0.0,0.0,0.0,0.0032059876,0.03470427,-14.93122,-15.707701,-16.367258,-16.911757,-18.300842,99.0,99.0,99.0,99.0,99.0,-14.860288,-15.6491165,-16.319788,-16.877172,-18.290703,7.9606543,393
1000107000125,1000107000155,1000107000124,1000107000080,56000100000510,56000100000508,1000107000000,1000107000126,-1,1,56,0.17489761,69.713196,6700,26.903923,51.388706,26.009851,96937,3,5,2,470.87872,224.91713,-16.811594,20,1.721314,0.040014353,43.012245,57.76682,0.020289047,0.023496546,0.0,0.0,0.0,0.0,2.7696995E-4,1.5001571E-4,0.0,0.0,0.0,0.0,0.0,0.0,0.0032059876,0.03470427,-15.020536,-15.783857,-16.434805,-16.972187,-18.357967,99.0,99.0,99.0,99.0,99.0,-14.949604,-15.725274,-16.387335,-16.937603,-18.347828,7.6304197,361
1000107000126,1000107000155,1000107000125,1000107000081,55000100000493,55000100000491,1000107000000,1000107000127,-1,1,55,0.20754863,68.16401,6700,26.765924,51.31869,26.01598,96937,2,5,2,462.10327,265.36664,-24.890692,23,1.9795111,0.041510563,45.28659,62.08151,0.020289047,0.023496546,0.0,0.0,0.0,0.0,2.7696995E-4,1.5001571E-4,0.0,0.0,0.0,0.0,0.0,0.0,0.004422974,0.03470427,-15.136338,-15.875794,-16.512169,-17.038792,-18.416441,99.0,99.0,99.0,99.0,99.0,-15.098873,-15.84488,-16.48714,-17.020576,-18.41111,7.2912655,153
1000107000127,1000107000155,1000107000126,1000107000082,54000100000510,54000100000508,1000107000000,1000107000128,-1,1,54,0.24246909,58.180393,6700,26.614658,51.23636,26.01908,96937,2,5,2,457.87134,305.51566,-22.248844,24,2.0655768,0.041650128,46.183037,70.1846,0.020289047,0.023496546,0.0,0.0,0.0,0.0,2.7696995E-4,1.5001571E-4,0.0,0.0,0.0,0.0,0.0,0.0,0.005372372,0.03470427,-15.305413,-15.998792,-16.60967,-17.120308,-18.482613,99.0,99.0,99.0,99.0,99.0,-15.279972,-15.977806,-16.592686,-17.10795,-18.478998,6.9439716,742
1000107000128,1000107000155,1000107000127,1000107000083,53000100000546,53000100000544,1000107000000,1000107000129,-1,1,53,0.2798018,55.25416,6700,26.469315,51.12447,26.035658,96937,2,5,2,442.9975,332.2194,-19.889317,26,2.237708,0.042271994,47.713943,66.15466,0.020289047,0.023496546,0.0,0.0,0.0,0.0,2.7696995E-4,1.5001571E-4,0.0,0.0,0.0,0.017611215,0.0,0.0,0.0020605645,0.03470427,-15.687138,-16.248144,-16.802032,-17.283827,-18.61555,99.0,99.0,99.0,99.0,99.0,-15.502159,-16.099316,-16.681747,-17.195467,-18.588474,6.589406,741
1000107000129,1000107000155,1000107000128,1000107000084,52000100000533,52000100000531,1000107000000,1000107000130,-1,1,52,0.31970343,53.61891,6700,26.315514,51.00287,26.03266,96936,2,5,2,420.05597,348.98438,-7.261675,26,2.237708,0.041727163,48.024437,62.840824,0.022177588,0.023232058,0.0,0.0,0.0,0.0,2.8822577E-4,1.4649756E-4,0.0,0.0,0.0,0.034319,0.0,0.0,0.0020863265,0.03470427,-15.910799,-16.392248,-16.90678,-17.366938,-18.665026,99.0,99.0,99.0,99.0,99.0,-15.698967,-16.224293,-16.771336,-17.266838,-18.633116,6.301181,270
1000107000130,1000107000155,1000107000129,1000107000085,51000100000533,51000100000531,1000107000000,1000107000131,-1,1,51,0.36234027,53.360718,6700,26.168234,50.877438,26.039652,96936,2,5,2,395.0587,360.4605,14.026517,21,1.8073797,0.03831317,45.042305,65.1456,0.0259123,0.022709018,0.0,0.0,0.0,0.0,3.0712242E-4,1.4002247E-4,0.0,0.0,0.0,0.03992283,0.0,0.0,0.0024451164,0.03470427,-15.984203,-16.4302,-16.926771,-17.377512,-18.65931,99.0,99.0,99.0,99.0,99.0,-15.850323,-16.319672,-16.837116,-17.31206,-18.640001,6.0752797,65
1000107000131,1000107000155,1000107000130,1000107000086,50000100000525,50000100000523,1000107000000,1000107000132,-1,1,50,0.40789944,52.586124,6675,26.02532,50.73674,26.02763,96826,2,5,2,368.5327,364.1242,33.84405,28,2.4098396,0.041522663,49.959885,62.25058,0.030308165,0.02209338,0.0,0.0,0.0,0.0,3.2431757E-4,1.331077E-4,0.0,0.0,0.0,0.058487307,0.0,0.0,0.0025056964,0.03470427,-16.074137,-16.47702,-16.955761,-17.397171,-18.663183,99.0,99.0,99.0,99.0,99.0,-15.928758,-16.360643,-16.862328,-17.328806,-18.642187,5.868261,665
1000107000132,1000107000155,1000107000131,1000107000087,49000100000520,49000100000518,1000107000000,1000107000133,-1,1,49,0.45657724,51.381207,6675,25.880419,50.586613,26.00966,96826,2,5,2,340.42487,360.56,53.5436,27,2.3237739,0.040338356,49.774605,58.4988,0.036803637,0.021183694,0.0,0.0,0.0,0.0,3.4133397E-4,1.240766E-4,0.0,0.0,0.0,0.024222195,0.0,0.0,0.0034509976,0.03470427,-15.584335,-16.122921,-16.675735,-17.156536,-18.46362,99.0,99.0,99.0,99.0,99.0,-15.520954,-16.071209,-16.63403,-17.126186,-18.454678,5.737526,956
1000107000133,1000107000155,1000107000132,1000107000088,48000100000537,48000100000535,1000107000000,1000107000134,-1,1,48,0.5085914,54.307438,6675,25.746897,50.4339,25.973898,96826,2,5,2,298.72305,354.2188,77.88091,30,2.581971,0.041024037,52.02672,65.73794,0.039508414,0.020804895,0.0,0.0,0.0,0.0,3.4579384E-4,1.20668476E-4,0.0,0.0,0.0,0.0,0.0,0.0,0.005530593,0.03470427,-15.1031475,-15.851882,-16.49094,-17.011385,-18.359686,99.0,99.0,99.0,99.0,99.0,-15.077375,-15.830623,-16.473734,-16.998867,-18.356026,5.462448,208
1000107000134,1000107000155,1000107000133,1000107000089,47000100000521,47000100000519,1000107000000,1000107000135,-1,1,47,0.5641766,54.47957,6675,25.629284,50.286167,25.936749,96826,2,5,2,262.51944,337.34558,108.24193,26,2.237708,0.03834639,50.096737,76.90062,0.039508414,0.020804895,0.0,0.0,0.0,0.0,3.4579384E-4,1.20668476E-4,0.0,0.0,0.0,0.0,0.0,0.0,0.0058092596,0.03470427,-15.187272,-15.923834,-16.553883,-17.066118,-18.406889,99.0,99.0,99.0,99.0,99.0,-15.163905,-15.904559,-16.538284,-17.05477,-18.40357,5.0857725,309
1000107000135,1000107000155,1000107000134,1000107000090,46000100000528,46000100000526,1000107000000,1000107000136,-1,1,46,0.6235901,56.11482,6675,25.52893,50.155106,25.883152,96826,2,5,2,202.23883,274.2747,145.63306,20,1.721314,0.03439106,46.39565,69.11429,0.039508414,0.020804895,0.0,0.0,0.0,0.0,3.4579384E-4,1.20668476E-4,0.0,0.0,0.0,0.0,0.0,0.0,0.0054858993,0.03470427,-15.295093,-16.01745,-16.637117,-17.139362,-18.472784,99.0,99.0,99.0,99.0,99.0,-15.268901,-15.995844,-16.619629,-17.126638,-18.469063,4.7094812,519
1000107000136,1000107000155,1000107000135,1000107000091,45000100000525,45000100000523,1000107000000,1000107000137,-1,1,45,0.6871088,54.221375,6675,25.426144,50.042717,25.80426,96826,2,5,2,219.41153,188.35214,175.93127,22,1.8934454,0.03469077,48.44951,70.764694,0.039508414,0.020804895,0.0,0.0,0.0,0.0,3.4579384E-4,1.20668476E-4,0.0,0.0,0.0,0.0,0.0,0.0,0.005549836,0.03470427,-15.446057,-16.14946,-16.758217,-17.25428,-18.597382,99.0,99.0,99.0,99.0,99.0,-15.420464,-16.12835,-16.741129,-17.241848,-18.593744,4.3348374,632
1000107000137,1000107000155,1000107000136,1000107000092,44000100000534,44000100000531,1000107000000,1000107000138,-1,1,44,0.75503564,50.434483,6676,25.309452,49.96576,25.712234,96819,2,5,2,250.73196,129.30235,152.25934,24,2.0655768,0.034835417,50.49869,70.82049,0.039508414,0.020804895,0.0,0.0,0.0,0.0,3.4579384E-4,1.20668476E-4,0.0,0.0,0.0,0.0,0.0,0.0,0.0041903155,0.03470427,-15.618902,-16.282112,-16.864748,-17.343105,-18.658735,99.0,99.0,99.0,99.0,99.0,-15.574141,-16.24517,-16.834833,-17.321327,-18.65236,3.9630916,108
1000107000138,1000107000155,1000107000137,1000107000093,43000100000554,43000100000552,1000107000000,1000107000139,-1,1,43,0.8276991,46.561527,6676,25.19286,49.90359,25.652708,96819,2,5,2,281.43762,101.63143,125.17525,31,2.6680367,0.036940042,55.733612,69.6084,0.039508414,0.020804895,0.0,0.0,0.0,0.0,3.4579384E-4,1.20668476E-4,0.0,0.0,0.0,0.0,0.0,0.0,0.0038541676,0.03470427,-15.871911,-16.46765,-17.013012,-17.470903,-18.768791,99.0,99.0,99.0,99.0,99.0,-15.819068,-16.424026,-16.977682,-17.445177,-18.761257,3.5954988,113
1000107000139,1000107000155,1000107000138,1000107000094,42000100002985,42000100002985,1000107000000,1000107000140,-1,0,42,0.9054624,2.4098387,6676,25.043592,49.864563,25.603373,96819,2,5,2,301.48602,84.57064,98.925186,30,2.4098387,0.03470427,54.647774,71.55261,0.039508414,0.020804895,0.0,0.0,0.16951755,0.0,3.4579384E-4,1.20668476E-4,0.0,0.0,4.3045875E-4,0.069084175,0.0,0.0,0.0029629117,0.03470427,-16.536093,-16.932095,-17.38307,-17.790539,-19.025932,99.0,99.0,99.0,99.0,99.0,-16.43812,-16.852987,-17.319492,-17.744171,-19.01202,3.2332475,386
1000107000140,1000107000155,1000107000139,1000107000095,41000100003217,41000100003217,1000107000000,1000107000141,-1,0,41,0.98870814,2.4959044,6676,24.890598,49.828247,25.559128,96819,2,5,2,311.1793,74.12165,70.29456,30,2.4959044,0.03406139,56.13746,78.74058,0.04680932,0.019782411,0.0,0.0,0.16323914,0.0,3.5136903E-4,1.1240692E-4,0.0,0.0,3.7933027E-4,0.043635674,0.0,0.0,0.0029723425,0.03406139,-16.628859,-16.987946,-17.419128,-17.808653,-19.00879,99.0,99.0,99.0,99.0,99.0,-16.49681,-16.888323,-17.341713,-17.752174,-18.99058,3.0345528,951
1000107000141,1000107000155,1000107000140,1000107000096,40000100003303,40000100003303,1000107000000,1000107000142,-1,0,40,1.0778745,2.4098387,6676,24.718012,49.795723,25.51151,96817,2,5,2,318.14178,69.48756,48.283955,29,2.4098387,0.032594778,56.388424,69.55419,0.035349224,0.019150397,0.0,0.0,0.16775353,0.0,3.196415E-4,1.0745217E-4,0.0,0.0,3.827486E-4,0.06368754,0.0,0.0,0.0019790824,0.032594778,-16.79539,-17.121004,-17.540052,-17.922218,-19.109373,99.0,99.0,99.0,99.0,99.0,-16.58779,-16.953781,-17.405634,-17.823565,-19.078997,2.78299,673
1000107000142,1000107000155,1000107000141,1000107000097,39000100003259,39000100003259,1000107000000,1000107000143,-1,0,39,1.173417,2.2377074,6676,24.537584,49.776447,25.502079,96817,2,5,2,323.27414,66.428696,30.206018,30,2.2377074,0.0307289,55.962627,59.37565,0.02636155,0.018250963,0.0,5.8013154E-4,0.15738152,0.0,3.081691E-4,9.8407116E-5,0.0,1.3845829E-6,3.5454298E-4,0.07238854,0.0,38.623062,0.0019920585,0.00504057,-16.44427,-16.86894,-17.341438,-17.756172,-18.991608,99.0,99.0,99.0,99.0,99.0,-16.207058,-16.679546,-17.18883,-17.643587,-18.956387,2.5747824,892
1000107000143,1000107000155,1000107000142,1000107000098,38000100003189,38000100003189,1000107000000,1000107000144,-1,0,38,1.2758462,1.9795104,6676,24.370602,49.71858,25.491287,96816,2,5,2,324.46942,57.915836,8.8517475,31,1.9795104,0.028450217,54.702362,72.262535,0.033440303,0.01725758,0.0,0.0015720148,0.13693781,0.0,3.325663E-4,8.774261E-5,0.0,3.290348E-6,2.866214E-4,0.0,0.0,39.7797,0.0042517018,0.011869908,-15.977312,-16.582886,-17.128857,-17.576712,-18.866125,99.0,99.0,99.0,99.0,99.0,-15.93459,-16.54763,-17.10031,-17.55593,-18.86004,2.3823588,707
1000107000144,1000107000155,1000107000143,1000107000099,37000100003507,37000100003507,1000107000000,1000107000145,-1,0,37,1.3857181,1.8073791,6676,24.197037,49.697823,25.497084,96816,2,5,2,321.4002,55.58122,-6.4224,27,1.8073791,0.026568452,54.089314,64.59322,0.03309721,0.01725758,0.0,6.4167514E-4,0.1724331,0.0,3.3184822E-4,8.774261E-5,0.0,1.6202741E-6,3.6091584E-4,0.039240927,0.0,39.230225,0.0027524855,0.007878015,-16.443098,-16.909624,-17.387865,-17.79698,-19.023104,99.0,99.0,99.0,99.0,99.0,-16.316565,-16.810688,-17.30914,-17.739368,-19.005432,2.063002,190
1000107000145,1000107000155,1000107000144,1000107000100,36000100003862,36000100003862,1000107000000,1000107000146,-1,0,36,1.5036365,2.1516418,6676,24.000164,49.65859,25.50406,96816,2,5,2,324.6292,58.3176,-18.720613,24,2.1516418,0.027053777,58.48453,82.42295,0.03664722,0.016754368,0.0,0.0014569631,0.17485955,0.0,3.3998408E-4,8.289849E-5,0.0,3.195763E-6,3.4508688E-4,0.021454707,0.0,39.824287,0.0030417747,0.010601122,-16.461147,-16.930859,-17.400595,-17.801575,-19.012352,99.0,99.0,99.0,99.0,99.0,-16.373056,-16.86009,-17.343811,-17.760176,-19.000029,1.8117237,435
1000107000146,1000107000155,1000107000145,1000107000101,35000100003372,35000100003372,1000107000000,1000107000147,-1,0,35,1.6302707,1.8073791,6676,23.801863,49.609295,25.513687,96816,2,5,2,315.56512,53.557068,-32.82226,27,1.8073791,0.024478847,56.350674,60.88095,0.038272243,0.01648975,0.0,6.070469E-4,0.20271462,0.0,3.4277755E-4,8.048827E-5,0.0,1.462376E-6,3.9536765E-4,0.062310107,0.0,39.272346,0.002850357,0.007045252,-16.843777,-17.221529,-17.641674,-18.015646,-19.182247,99.0,99.0,99.0,99.0,99.0,-16.723692,-17.126009,-17.565298,-17.959707,-19.165241,1.5418189,265
1000107000147,1000107000155,1000107000146,1000107000102,34000100003363,34000100003363,1000107000000,1000107000148,-1,0,34,1.766336,1.9795104,6676,23.646017,49.609795,25.528728,96816,2,5,2,311.29187,52.2476,-46.474003,28,1.9795104,0.024152493,59.370113,64.307945,0.043512933,0.015753033,0.0,0.0,0.20219001,0.0,3.4863976E-4,7.426207E-5,0.0,0.0,3.6658667E-4,0.14225022,0.0,0.0,0.002565887,0.024152493,-17.185495,-17.48831,-17.861763,-18.200974,-19.281773,99.0,99.0,99.0,99.0,99.0,-17.048552,-17.376747,-17.77167,-18.134762,-19.261719,1.3225636,359
1000107000148,1000107000155,1000107000147,1000107000103,33000100003310,33000100003310,1000107000000,1000107000149,-1,0,33,1.9126327,2.4098387,6676,23.462107,49.568996,25.569178,96816,2,5,2,301.39075,51.753937,-56.326237,27,2.4098387,0.024640806,64.85396,70.57682,0.04334077,0.014145886,0.0,0.012818465,0.19474703,0.0,3.232909E-4,6.2889754E-5,0.0,1.909438E-5,2.9962682E-4,0.098156065,0.0,41.28844,0.0025080778,0.023430169,-17.099127,-17.406908,-17.78389,-18.12534,-19.222977,99.0,99.0,99.0,99.0,99.0,-16.94841,-17.286373,-17.687529,-18.054464,-19.201588,1.184395,270
1000107000149,1000107000155,1000107000148,1000107000104,32000100003683,32000100003683,1000107000000,1000107000150,-1,0,32,2.0700274,2.1516418,6891,23.282711,49.54981,25.598349,96377,2,5,2,291.79013,51.458725,-62.364933,25,2.1516418,0.022630796,63.94477,78.36422,0.032366253,0.013089533,0.0,0.0032536318,0.18685412,0.0,2.985479E-4,5.546234E-5,0.0,8.033213E-6,2.8726106E-4,0.08643379,0.0,40.49467,0.0021256756,0.013904526,-17.039469,-17.365013,-17.751122,-18.098576,-19.207956,99.0,99.0,99.0,99.0,99.0,-16.86866,-17.22785,-17.641317,-18.018438,-19.184216,1.0121626,578
1000107000150,1000107000155,1000107000149,1000107000105,31000100003483,31000100003483,1000107000000,1000107000151,-1,0,31,2.2394855,2.1516418,6891,23.125082,49.509876,25.623232,96377,2,5,2,278.73996,57.35705,-64.482925,26,2.1516418,0.021547891,65.531876,68.30887,0.028599769,0.012206108,0.0,0.009912079,0.18974558,0.0,2.8938195E-4,4.7914105E-5,0.0,1.6813425E-5,2.509628E-4,0.13923481,0.0,41.257427,0.001663903,0.021371797,-17.232676,-17.47268,-17.796179,-18.096268,-19.0782,99.0,99.0,99.0,99.0,99.0,-16.951242,-17.246243,-17.614676,-17.96362,-19.0387,0.8299117,757
1000107000151,1000107000155,1000107000150,1000107000106,30000100002921,30000100002921,1000107000000,1000107000152,-1,0,30,2.422044,1.8073791,6891,22.9585,49.472977,25.704115,96377,2,5,2,273.11255,60.629818,-66.44359,31,1.8073791,0.019326191,63.4193,66.766075,0.037273947,0.010858641,0.0,1.5194083E-4,0.1729526,0.0,3.0621115E-4,3.5565772E-5,0.0,2.802423E-7,1.9209582E-4,0.1294676,0.0,38.314285,0.0022080305,0.0022422604,-17.205654,-17.41479,-17.712261,-17.996689,-18.937927,99.0,99.0,99.0,99.0,99.0,-17.032696,-17.279139,-17.605515,-17.91975,-18.915703,0.684028,331
1000107000152,1000107000155,1000107000151,1000107000107,29000100002755,29000100002755,1000107000000,1000107000153,-1,0,29,2.6188614,1.7213135,6891,22.795113,49.400585,25.728842,96377,2,5,2,265.12128,60.616184,-70.38898,31,1.7213135,0.018045234,64.049934,63.67464,0.045700915,0.009675624,0.0,0.0018252092,0.16552068,0.0,3.069951E-4,2.6809808E-5,0.0,1.767529E-6,1.365029E-4,0.024133913,0.0,40.262882,0.0034499704,0.0078026364,-17.00552,-17.238617,-17.540369,-17.837204,-18.772842,99.0,99.0,99.0,99.0,99.0,-16.95499,-17.1973,-17.507076,-17.813036,-18.765797,0.5333431,893
1000107000153,1000107000155,1000107000152,1000107000108,28000100003062,28000100003062,1000107000000,1000107000154,-1,0,28,2.8311827,1.032788,6891,22.649508,49.36448,25.775862,96377,2,5,2,250.48749,58.458054,-69.89799,27,1.032788,0.014421594,55.496925,60.726788,0.04670437,0.009467999,0.0,0.0,0.20513508,0.0,3.055085E-4,2.5434703E-5,0.0,0.0,1.6737255E-4,0.14537705,0.0,0.0,0.0026643933,0.014421594,-17.56959,-17.707026,-17.95329,-18.220516,-19.10945,99.0,99.0,99.0,99.0,99.0,-17.475677,-17.633528,-17.895662,-18.179499,-19.097841,0.33593157,452
1000107000154,1000107000155,1000107000153,1000107000109,27000100003210,27000100003210,1000107000000,1000107000155,-1,0,27,3.060419,2.065576,6891,22.519009,49.362377,25.801178,96377,2,5,2,242.6497,56.455463,-66.62734,24,2.065576,0.017190812,71.88567,75.0727,0.05509047,0.008293533,0.0,0.0,0.19792347,0.0,2.935061E-4,1.852029E-5,0.0,8.4703295E-22,1.2447523E-4,0.45384523,0.0,0.0,0.0019481516,0.017190812,-18.091965,-18.152615,-18.350704,-18.581772,-19.394873,99.0,99.0,99.0,99.0,99.0,-17.892271,-17.99586,-18.228596,-18.494854,-19.370827,0.17475346,200
1000107000155,1000107000155,1000107000154,1000107000110,26000100003338,26000100003338,1000107000000,-1,-1,0,26,3.3080978,1.8073791,6891,22.38585,49.327526,25.831358,96376,2,5,2,229.55722,56.695328,-64.81621,21,1.8073791,0.0155333495,70.73951,82.87507,0.079611175,0.0048594275,0.0,0.0,0.14414778,0.0,2.0952905E-4,5.3715626E-6,0.0,0.0,4.0858762E-5,0.6874085,0.0,0.0,0.0012686958,0.0155333495,-18.637537,-18.617167,-18.743135,-18.866173,-19.309855,99.0,99.0,99.0,99.0,99.0,-18.489578,-18.494415,-18.643337,-18.791914,-19.286963,0.04555513,85