galaxyID,lastProgenitorId,descendantId,haloID,subHaloID,fofID,treeId,firstProgenitorId,nextProgenitorId,type,snapnum,redshift,centralMvir,phkey,x,y,z,zIndex,ix,iy,iz,velX,velY,velZ,np,mvir,rvir,vvir,vmax,coldGas,stellarMass,bulgeMass,hotGas,ejectedMass,blackHoleMass,metalsColdGas,metalsStellarMass,metalsBulgeMass,metalsHotGas,metalsEjectedMass,sfr,sfrBulge,xrayLum,diskRadius,coolingRadius,mag_b,mag_v,mag_r,mag_i,mag_k,mag_bBulge,mag_vBulge,mag_rBulge,mag_iBulge,mag_kBulge,mag_bDust,mag_vDust,mag_rDust,mag_iDust,mag_kDust,massWeightedAge,random
1000105000000,1000105000091,-1,1000105000000,63000100000560,63000100000560,1000105000000,1000105000001,-1,0,63,0.0,78.233696,5688,2.2875316,40.16289,29.60166,85290,0,4,3,-35.462086,-22.62923,-144.64015,1119,78.233696,0.14984573,149.84584,184.23128,0.64629114,4.550158,2.7243798,4.828483,2.725919,7.294653E-4,0.015978701,0.08085978,0.043237697,0.09727175,0.04755843,2.27952,0.0,43.862125,0.0071148365,0.097542964,-21.114117,-21.714222,-22.310139,-22.86483,-24.398329,-19.790907,-20.656582,-21.364187,-21.983303,-23.569933,-20.63158,-21.376858,-22.05064,-22.673958,-24.333818,7.168925,226
1000105000001,1000105000091,1000105000000,1000105000001,62000100000562,62000100000562,1000105000000,1000105000002,-1,0,62,0.019932542,78.40582,5688,2.2947717,40.16726,29.63252,85290,0,4,3,-35.262062,-24.858917,-147.81694,1061,78.40582,0.14920098,150.33438,184.84894,0.41211593,4.5251713,2.7243798,4.9664474,2.8796504,7.291933E-4,0.010859341,0.08023575,0.043237697,0.09935662,0.04990166,4.456492,0.0,43.887516,0.0031868932,0.097955994,-21.33304,-21.85789,-22.421934,-22.96105,-24.47475,-19.875141,-20.725117,-21.42356,-22.03498,-23.61537,-20.378675,-21.15651,-21.856354,-22.517687,-24.307724,6.9444346,857
1000105000002,1000105000091,1000105000001,1000105000002,61000100000572,61000100000572,1000105000000,1000105000003,-1,0,61,0.041403063,78.49189,5688,2.3017948,40.169846,29.661154,85290,0,4,3,-34.818794,-25.57888,-149.79921,1012,78.49189,0.14842655,150.80876,185.94989,0.32611808,4.4740176,2.7243798,5.065492,2.9358861,7.288996E-4,0.008852527,0.07890188,0.043237697,0.09968571,0.05022091,5.3996153,0.0,43.90575,0.0023586608,0.09779073,-21.407389,-21.910534,-22.463642,-22.997425,-24.504011,-19.986626,-20.809288,-21.49325,-22.09395,-23.665071,-20.298859,-21.07806,-21.769283,-22.419935,-24.240864,6.746473,433
1000105000003,1000105000091,1000105000002,1000105000003,60000100000544,60000100000544,1000105000000,1000105000004,-1,0,60,0.064493395,77.889435,5688,2.3109574,40.175957,29.696503,85290,0,4,3,-34.60496,-25.649826,-150.06729,1018,77.889435,0.1471392,150.88464,183.97844,0.30872148,4.4093437,2.7243798,5.0329785,2.9518723,7.285886E-4,0.008687986,0.07715926,0.043237697,0.09873958,0.04967013,6.559563,0.0,43.909267,0.0021409015,0.09725237,-21.460825,-21.948517,-22.494097,-23.024923,-24.525776,-20.158678,-20.926624,-21.585,-22.169544,-23.725155,-20.399172,-21.13951,-21.807732,-22.438797,-24.233788,6.5554824,703
1000105000004,1000105000091,1000105000003,1000105000004,59000100000506,59000100000506,1000105000000,1000105000005,-1,0,59,0.08928783,76.59845,5688,2.3206778,40.180416,29.726532,85290,0,4,3,-33.7224,-24.967985,-150.76497,1034,76.59845,0.1453349,150.55493,183.11563,0.40013194,4.3276463,2.2988167,4.8562098,2.9035904,7.282691E-4,0.011305677,0.074877,0.035862017,0.09609618,0.047677964,7.530816,0.0,43.896637,0.002602164,0.09619763,-21.484602,-21.962908,-22.505117,-23.03451,-24.529848,-19.995832,-20.75666,-21.411592,-21.99269,-23.539251,-20.33311,-21.062614,-21.734365,-22.379827,-24.222633,6.3769517,60
1000105000005,1000105000091,1000105000004,1000105000005,58000100000484,58000100000484,1000105000000,1000105000006,-1,0,58,0.11588337,75.82385,5688,2.3321917,40.18262,29.762857,85290,0,4,3,-33.577488,-24.799881,-150.9236,1064,75.82385,0.14376846,150.60559,188.8355,0.59314567,4.2304254,1.5696875,4.7524295,2.784215,7.27944E-4,0.015475147,0.07224021,0.023391834,0.09301412,0.044109967,5.226633,0.0,43.89175,0.0042748754,0.094852276,-21.392714,-21.904886,-22.46102,-22.994108,-24.491829,-19.417233,-20.232182,-20.911684,-21.505152,-23.054272,-20.347164,-21.084274,-21.778904,-22.453247,-24.280567,6.2094183,995
1000105000006,1000105000091,1000105000005,1000105000006,57000100000480,57000100000480,1000105000000,1000105000007,-1,0,57,0.14438343,76.51238,5688,2.3429005,40.181896,29.804367,85290,0,4,3,-32.49797,-23.735817,-151.26965,1025,76.51238,0.1430259,151.68005,178.83588,0.55606806,4.160702,1.5696875,4.9618273,2.8030467,7.2760077E-4,0.014446335,0.0704542,0.023391834,0.09304735,0.043221157,7.131084,0.0,43.925114,0.0034841793,0.09430127,-21.493406,-21.975159,-22.518257,-23.044735,-24.531029,-19.606981,-20.36137,-21.012575,-21.588268,-23.11987,-20.297728,-21.012138,-21.696081,-22.370548,-24.251377,5.990232,731
1000105000007,1000105000091,1000105000006,1000105000007,56000100000500,56000100000500,1000105000000,1000105000008,-1,0,56,0.17489761,77.7173,5688,2.355304,40.191753,29.845287,85290,0,4,3,-34.119457,-22.46626,-152.80237,1025,77.7173,0.14248472,153.15976,176.86748,0.6670483,4.062716,1.0160118,5.2470765,2.7142222,7.272246E-4,0.01636716,0.068009414,0.014109029,0.091068245,0.04056551,5.7828794,0.0,43.958466,0.004479631,0.09276278,-21.444412,-21.945686,-22.496044,-23.023314,-24.50781,-18.944798,-19.751682,-20.427664,-21.015497,-22.54631,-20.258137,-20.981873,-21.682695,-22.375933,-24.25417,5.8003573,379
1000105000008,1000105000091,1000105000007,1000105000008,55000100000490,55000100000490,1000105000000,1000105000009,-1,0,55,0.20754863,76.94271,5688,2.3657296,40.196323,29.887733,85290,0,4,3,-31.742664,-23.423222,-151.05446,1016,76.94271,0.14061397,153.40498,185.81042,0.63097584,3.9811065,1.0160118,5.2264566,2.7258606,7.268235E-4,0.015724331,0.066023745,0.014109029,0.09013391,0.039830495,8.009025,0.0,43.96959,0.003693502,0.092086546,-21.543459,-22.014511,-22.552057,-23.07355,-24.548506,-19.152971,-19.888866,-20.532843,-21.102043,-22.614567,-20.166054,-20.865923,-21.557875,-22.255768,-24.189257,5.5766687,720
1000105000009,1000105000091,1000105000008,1000105000009,54000100000505,54000100000505,1000105000000,1000105000010,-1,0,54,0.24246909,76.85664,5688,2.3808386,40.205524,29.93767,85290,0,4,3,-34.325783,-21.797258,-152.85405,990,76.85664,0.13904744,154.1804,183.03578,0.80668545,3.865369,0.5752862,5.2831717,2.599683,7.26405E-4,0.018697321,0.06326184,0.006879377,0.0868958,0.03676165,6.35755,0.0,43.982826,0.005095189,0.0902847,-21.476448,-21.968407,-22.513609,-23.034727,-24.5058,-18.051075,-18.907282,-19.6118,-20.213795,-21.727617,-20.326155,-21.024603,-21.720592,-22.413113,-24.271297,5.3909135,155
1000105000010,1000105000091,1000105000009,1000105000010,53000100000536,53000100000536,1000105000000,1000105000011,-1,0,53,0.2798018,77.11484,5688,2.381329,40.20047,29.99354,85290,0,4,3,-32.32502,-22.211617,-154.2767,999,77.11484,0.13756171,155.27094,189.53148,0.7863301,3.7715719,0.5752862,5.4653916,2.5807498,7.2596135E-4,0.018063493,0.061131287,0.006879377,0.08583216,0.035645254,7.2585344,0.0,44.013046,0.0046303803,0.08913881,-21.53575,-22.008976,-22.544167,-23.058949,-24.520046,-18.100407,-18.951902,-19.653168,-20.252312,-21.762474,-20.248465,-20.943687,-21.64143,-22.341778,-24.226326,5.1660266,730
1000105000011,1000105000091,1000105000010,1000105000011,52000100000534,52000100000534,1000105000000,1000105000012,-1,0,52,0.31970343,77.200905,5688,2.386912,40.20941,30.0492,85290,0,4,3,-32.562073,-21.524567,-153.33572,951,77.200905,0.13583922,156.33945,187.99963,0.82794106,3.662562,0.5752862,5.6124225,2.5210228,7.254879E-4,0.018814942,0.0586798,0.006879377,0.083336286,0.034090247,8.136281,0.0,44.03604,0.0046158475,0.08736274,-21.568916,-22.028894,-22.557583,-23.067816,-24.520437,-18.153376,-18.999855,-19.69762,-20.293692,-21.800184,-20.242178,-20.930391,-21.629154,-22.335773,-24.247507,4.953429,550
1000105000012,1000105000091,1000105000011,1000105000012,51000100000530,51000100000530,1000105000000,1000105000013,-1,0,51,0.36234027,75.651726,5688,2.3977447,40.214397,30.105265,85290,0,4,3,-31.071533,-22.250208,-153.86133,963,75.651726,0.13302642,156.39052,185.16522,0.96393275,3.5385604,0.5752862,5.4451804,2.418124,7.2499923E-4,0.02118992,0.055932064,0.006879377,0.079188414,0.032060765,7.1091757,0.0,44.031597,0.005686548,0.08540732,-21.518583,-21.991837,-22.52558,-23.0356,-24.485594,-18.211329,-19.052559,-19.7467,-20.339565,-21.842493,-20.405504,-21.083097,-21.76454,-22.440762,-24.263027,4.754141,336
1000105000013,1000105000091,1000105000012,1000105000013,50000100000522,50000100000522,1000105000000,1000105000014,-1,0,50,0.40789944,74.01648,5688,2.4136453,40.233433,30.168152,85290,0,4,3,-29.59136,-21.002342,-153.83495,952,74.01648,0.1300365,156.45935,181.17548,0.99344814,3.4289322,0.5752862,5.2975516,2.3724804,7.245092E-4,0.021692324,0.053556763,0.006879377,0.07644109,0.030870002,6.9534726,0.0,44.03332,0.005929124,0.08393007,-21.518755,-21.991415,-22.522831,-23.029337,-24.471437,-18.274738,-19.110611,-19.801159,-20.390936,-21.891027,-20.54418,-21.202532,-21.862127,-22.507772,-24.24533,4.529581,618
1000105000014,1000105000091,1000105000013,1000105000014,49000100000513,49000100000513,1000105000000,1000105000015,-1,0,49,0.45657724,71.6927,5688,2.4202137,40.23839,30.224808,85290,0,4,3,-28.925556,-20.93359,-154.86781,998,71.6927,0.12651592,156.11148,183.68234,1.0137844,3.320781,0.5752862,5.027736,2.3384001,7.2402344E-4,0.021897748,0.051229093,0.006879377,0.07396675,0.029704046,7.091338,0.0,44.027252,0.005984339,0.082694754,-21.539097,-22.0066,-22.534124,-23.036703,-24.472887,-18.34479,-19.17491,-19.861832,-20.44873,-21.946829,-20.567497,-21.22061,-21.876585,-22.519127,-24.259354,4.297199,796
1000105000015,1000105000091,1000105000014,1000105000015,48000100000514,48000100000514,1000105000000,1000105000016,-1,0,48,0.5085914,69.97139,5688,2.4288592,40.256733,30.292242,85294,0,4,3,-27.992989,-21.67455,-155.81207,1004,69.97139,0.123223856,156.2726,175.18506,1.0479368,3.2098827,0.5752862,4.858936,2.2919524,7.2354404E-4,0.021734823,0.04889938,0.006879377,0.072103105,0.028105948,7.7779074,0.0,44.033863,0.0058403146,0.08140646,-21.578253,-22.037123,-22.560095,-23.056,-24.481026,-18.42376,-19.245928,-19.927961,-20.510979,-22.005636,-20.549147,-21.201519,-21.85848,-22.502424,-24.249357,4.0632915,650
1000105000016,1000105000091,1000105000015,1000105000016,47000100000505,47000100000505,1000105000000,1000105000017,-1,0,47,0.5641766,70.143524,5688,2.4442892,40.264328,30.360638,85294,0,4,3,-29.441727,-20.420229,-155.33134,938,70.143524,0.12090731,157.9565,188.8445,1.1167576,3.0879755,0.5752862,5.0280023,2.2006814,7.230502E-4,0.021044437,0.046506993,0.006879377,0.070901744,0.025785131,5.067838,0.0,44.075706,0.0075277984,0.07975359,-21.499496,-21.987005,-22.51642,-23.011059,-24.435074,-18.514355,-19.326668,-20.002556,-20.58041,-22.070568,-20.839315,-21.46442,-22.083418,-22.67356,-24.296991,3.8394995,506
1000105000017,1000105000091,1000105000016,1000105000017,46000100000502,46000100000502,1000105000000,1000105000018,-1,0,46,0.6235901,71.77877,5688,2.4577744,40.27088,30.434597,85294,0,4,3,-30.25051,-19.642122,-154.65715,956,71.77877,0.11925892,160.88759,184.81668,0.7717897,3.0086257,0.5752862,5.6168137,2.3004556,7.22504E-4,0.015166845,0.045029953,0.006879377,0.073288016,0.026291419,9.329532,0.0,44.163933,0.0037996052,0.07923298,-21.742054,-22.161871,-22.659819,-23.136013,-24.532167,-18.621063,-19.420813,-20.088343,-20.658222,-22.140314,-20.413374,-21.06335,-21.725576,-22.389635,-24.213753,3.5598662,635
1000105000018,1000105000091,1000105000017,1000105000018,45000100000497,45000100000497,1000105000000,1000105000019,-1,0,45,0.6871088,72.295166,5688,2.474584,40.284813,30.501831,85294,0,4,3,-28.584003,-19.699268,-156.19185,934,72.295166,0.11681522,163.14542,193.79088,0.7939848,2.8631883,0.5752862,5.88808,2.2104223,7.2189677E-4,0.014557073,0.04232804,0.006879377,0.07020243,0.024637545,8.901772,0.0,44.208294,0.0038800084,0.076579235,-21.746664,-22.160051,-22.652615,-23.123274,-24.511835,-18.748798,-19.530922,-20.186491,-20.744585,-22.215145,-20.440708,-21.08388,-21.73846,-22.393084,-24.203007,3.3564796,975
1000105000019,1000105000091,1000105000018,1000105000019,44000100000496,44000100000496,1000105000000,1000105000020,-1,0,44,0.75503564,72.46729,5688,2.476362,40.301846,30.577204,85294,0,4,3,-26.406347,-21.958897,-158.52957,887,72.46729,0.11403931,165.31555,184.09833,0.69503564,2.7254941,0.5752862,6.138837,2.1674228,7.212458E-4,0.0126242675,0.03990519,0.006879377,0.06749626,0.023975609,10.666966,0.0,44.251522,0.003183471,0.07402874,-21.797825,-22.19342,-22.67728,-23.14041,-24.516834,-18.912716,-19.667791,-20.306267,-20.849112,-22.309483,-20.422699,-21.057611,-21.70955,-22.36578,-24.211761,3.1451352,690
1000105000020,1000105000091,1000105000019,1000105000020,43000100000485,43000100000485,1000105000000,1000105000021,-1,0,43,0.8276991,67.81975,5688,2.4942577,40.306667,30.65609,85294,0,4,3,-24.996338,-23.547493,-159.2107,810,67.81975,0.10861392,163.87221,191.45847,0.7649703,2.5623364,0.5752862,5.8018746,2.0615177,7.2057487E-4,0.013004964,0.037090518,0.006879377,0.061878376,0.022994597,6.9207025,0.0,44.248543,0.004000934,0.0724156,-21.679121,-22.10314,-22.597109,-23.062408,-24.44442,-19.133738,-19.836426,-20.445276,-20.966583,-22.407953,-20.61421,-21.236437,-21.864359,-22.47978,-24.206541,2.9659212,807
1000105000021,1000105000091,1000105000020,1000105000021,42000100000470,42000100000470,1000105000000,1000105000022,-1,0,42,0.9054624,63.344334,5688,2.5056536,40.319363,30.735971,85294,0,4,3,-22.40191,-20.484875,-157.56767,838,63.344334,0.1031865,162.48468,189.2896,0.44329315,2.4580195,0.5752862,5.2675924,2.1712773,7.1994704E-4,0.008823071,0.03529986,0.006879377,0.06107885,0.024276096,11.058791,0.0,44.2425,0.0022598272,0.07215242,-21.809378,-22.19973,-22.677208,-23.133278,-24.50237,-19.497747,-20.086077,-20.638248,-21.1259,-22.528704,-20.344938,-20.939947,-21.560047,-22.195309,-24.077377,2.7226179,501
1000105000022,1000105000069,1000105000021,1000105000022,41000100000514,41000100000514,1000105000000,1000105000023,1000105000070,0,41,0.98870814,55.68449,5688,2.5194454,40.33762,30.820301,85294,0,4,3,-23.430534,-18.840181,-158.17729,776,55.68449,0.09588805,158.03557,180.70915,0.57787997,2.2306552,0.1431901,4.16724,2.0911214,6.1168E-4,0.012132344,0.031529535,0.0011639193,0.05313624,0.022943458,10.371873,0.0,44.177208,0.0027491527,0.06987915,-21.78411,-22.168875,-22.644287,-23.100174,-24.469515,-17.797173,-18.378176,-18.937323,-19.419651,-20.761692,-19.914854,-20.528831,-21.194767,-21.905289,-23.960705,2.4966261,827
1000105000023,1000105000069,1000105000022,1000105000023,40000100000468,40000100000468,1000105000000,1000105000024,-1,0,40,1.0778745,51.983665,5688,2.521273,40.3526,30.900791,85294,0,4,3,-20.10607,-19.390623,-156.48628,779,51.983665,0.09073489,156.96985,182.15408,0.7405038,2.0804305,0.10937569,3.662936,1.9643891,6.112822E-4,0.015388466,0.028411698,6.8727555E-4,0.047697525,0.02033681,11.722154,0.0,44.14304,0.0033056398,0.06691565,-21.837244,-22.198576,-22.659344,-23.104555,-24.458012,-17.058863,-17.786129,-18.407784,-18.912348,-20.239716,-20.00763,-20.61165,-21.27194,-21.974522,-23.977673,2.315721,550
1000105000024,1000105000069,1000105000023,1000105000024,39000100000485,39000100000485,1000105000000,1000105000025,-1,0,39,1.173417,50.52055,5688,2.537478,40.374092,30.992092,85294,0,4,3,-17.067888,-21.098965,-151.2152,736,50.52055,0.08684976,158.1684,176.52122,1.0538039,1.9148827,0.10937569,3.5110905,1.7302933,6.1090896E-4,0.019284906,0.025192358,6.8727555E-4,0.042342816,0.016300604,10.673572,0.0,44.147236,0.004674883,0.06292385,-21.82913,-22.17833,-22.626143,-23.057653,-24.385506,-17.14665,-17.871134,-18.491518,-18.997435,-20.332245,-20.439388,-21.008223,-21.6274,-22.264925,-24.067078,2.160914,739
1000105000025,1000105000069,1000105000024,1000105000025,38000100000446,38000100000446,1000105000000,1000105000026,-1,0,38,1.2758462,50.606613,5688,2.5284004,40.382584,31.072527,85294,0,4,3,-15.590745,-23.17505,-152.42397,662,50.606613,0.08381121,161.14713,179.98477,1.2083061,1.7684108,0.10937569,3.7059278,1.5526521,6.105261E-4,0.019579628,0.022696221,6.8727555E-4,0.03974851,0.013386083,9.85799,0.0,44.210762,0.005354968,0.05999247,-21.844181,-22.177744,-22.609156,-23.025597,-24.32965,-17.248943,-17.971584,-18.589905,-19.094353,-20.429655,-20.787495,-21.31017,-21.88415,-22.462688,-24.119192,1.9960938,623
1000105000026,1000105000069,1000105000025,1000105000026,37000100000455,37000100000455,1000105000000,1000105000027,-1,0,37,1.3857181,52.586124,5688,2.5477912,40.392563,31.150343,85294,0,4,3,-16.22581,-21.580309,-150.081,617,52.586124,0.081715964,166.36122,182.49872,1.1123015,1.6374133,0.10937569,4.378169,1.4545071,6.100889E-4,0.01732328,0.020675728,6.8727555E-4,0.03858966,0.01192542,12.264476,0.0,44.32545,0.0043492294,0.05702278,-21.947157,-22.245977,-22.654324,-23.052094,-24.321644,-17.354164,-18.070444,-18.681913,-19.178024,-20.506142,-20.59007,-21.112005,-21.695312,-22.296347,-24.013643,1.8238282,443
1000105000027,1000105000069,1000105000026,1000105000027,36000100000414,36000100000414,1000105000000,1000105000028,-1,0,36,1.5036365,50.176285,5688,2.5612826,40.39886,31.231289,85294,0,4,3,-12.507649,-17.510231,-150.11424,625,50.176285,0.07729251,167.09003,190.13293,1.1740468,1.4801382,0.10937569,4.185248,1.3442299,6.096149E-4,0.017131625,0.01833956,6.8727555E-4,0.033890896,0.010871986,10.881059,0.0,44.33286,0.0048693316,0.053614583,-21.876434,-22.176777,-22.581322,-22.972782,-24.236107,-17.481522,-18.192362,-18.797684,-19.285385,-20.606678,-20.762745,-21.262007,-21.81921,-22.381727,-24.012445,1.6929178,4
1000105000028,1000105000069,1000105000027,1000105000028,35000100000458,35000100000458,1000105000000,1000105000029,-1,0,35,1.6302707,46.819725,27079,2.5717494,40.400215,31.299673,197642,0,4,3,-14.427331,-15.443329,-147.169,584,46.819725,0.072429836,166.73457,191.41733,1.1190206,1.3459295,0.10937569,3.8633928,1.2955236,6.091607E-4,0.015842134,0.016441738,6.8727555E-4,0.030363759,0.010519812,7.9234247,0.0,44.332302,0.00547092,0.05119095,-21.765717,-22.07717,-22.479603,-22.863941,-24.112646,-17.604351,-18.301622,-18.897648,-19.377388,-20.688894,-20.959503,-21.42302,-21.947174,-22.466242,-23.986147,1.5506729,804
1000105000029,1000105000069,1000105000028,1000105000029,34000100000456,34000100000456,1000105000000,1000105000030,-1,0,34,1.766336,41.913982,27079,2.5811028,40.395332,31.378075,197642,0,4,3,-12.482166,-7.9483213,-146.47363,539,41.913982,0.066818334,164.24857,177.77695,0.8317941,1.2522476,0.10937569,3.3565884,1.3597734,6.0874585E-4,0.012897558,0.0150931245,6.8727555E-4,0.02921437,0.011028504,13.614246,0.0,44.32762,0.0030739629,0.050961573,-21.974197,-22.232542,-22.605892,-22.969986,-24.18578,-17.722225,-18.394371,-18.97484,-19.443136,-20.73911,-20.24189,-20.75969,-21.350183,-21.975677,-23.80228,1.3725206,959
1000105000030,1000105000069,1000105000029,1000105000030,33000600000320,33000600000320,1000105000000,1000105000031,-1,0,33,1.9126327,39.848404,27079,2.5749571,40.398323,31.467354,197642,0,4,3,-7.0563407,-9.111017,-143.0224,467,39.848404,0.06277633,165.22566,180.66812,0.96490324,1.0984334,0.10937569,3.2239428,1.2166165,6.0835574E-4,0.013308595,0.012875267,6.8727555E-4,0.024088727,0.009862573,7.5489693,0.0,44.33081,0.0047672144,0.046767075,-21.734104,-22.031904,-22.421246,-22.791054,-24.0218,-17.85744,-18.509218,-19.077528,-19.53663,-20.825329,-20.842861,-21.310326,-21.831715,-22.345947,-23.87312,1.2737019,98
1000105000031,1000105000069,1000105000030,1000105000031,32000600000308,32000600000308,1000105000000,1000105000032,-1,0,32,2.0700274,35.286926,27079,2.5739524,40.408176,31.543505,197642,0,4,3,-6.107347,-11.166954,-140.02577,428,35.286926,0.05749734,162.46245,205.19011,0.6709475,1.0171919,0.10937569,2.7559447,1.2978228,6.0799846E-4,0.010654168,0.01171876,6.8727555E-4,0.022870865,0.010615494,14.125689,0.0072930316,44.318375,0.0033437184,0.04641361,-21.852213,-22.11335,-22.48207,-22.841022,-24.056093,-18.048906,-18.673212,-19.226679,-19.675236,-20.955038,-20.530941,-21.013842,-21.565296,-22.135496,-23.810549,1.1071982,877
1000105000032,1000105000057,1000105000031,1000105000032,31000600000333,31000600000333,1000105000000,1000105000033,1000105000058,0,31,2.2394855,30.81151,27079,2.583908,40.430443,31.62379,197642,0,4,3,10.618651,-25.821365,-144.83986,322,30.81151,0.052326187,159.13544,171.53902,0.83297676,0.7825848,0.01907032,2.0931473,1.1555197,9.759941E-5,0.012725291,0.008897982,1.0920408E-4,0.01578487,0.009438557,7.118388,0.0,44.274067,0.004356685,0.04072027,-21.59673,-21.858063,-22.219263,-22.566359,-23.753267,-16.156805,-16.778093,-17.330873,-17.774666,-19.023539,-20.434044,-20.905413,-21.437382,-21.97777,-23.564625,0.9652665,693
1000105000033,1000105000057,1000105000032,1000105000033,30000600000298,30000600000298,1000105000000,1000105000034,-1,0,30,2.422044,24.872978,27079,2.5666168,40.450375,31.700495,197642,0,4,3,6.304434,-17.46759,-139.38736,310,24.872978,0.04631331,151.97809,171.66037,0.69086397,0.7136954,0.01907032,1.2449017,1.2176334,9.756593E-5,0.011702483,0.007789672,1.0920408E-4,0.013894101,0.009801768,4.819753,0.0,44.091278,0.0045965826,0.039832484,-21.5381,-21.80405,-22.160267,-22.506983,-23.706543,-16.322258,-16.909615,-17.443695,-17.876793,-19.12461,-20.59978,-21.038115,-21.536789,-22.044361,-23.5654,0.8151057,287
1000105000034,1000105000057,1000105000033,1000105000034,29000600000257,29000600000257,1000105000000,1000105000035,-1,0,29,2.6188614,23.66806,27079,2.576917,40.46318,31.787138,197642,0,4,3,9.715053,-24.25151,-142.29535,289,23.66806,0.043231145,153.44507,174.7369,0.459452,0.6696545,0.01907032,1.1812912,1.3452171,9.754127E-5,0.008453353,0.007032217,1.0920408E-4,0.015071987,0.009912798,12.473397,6.861232E-5,44.148926,0.0021253012,0.03977416,-21.895134,-22.069782,-22.368206,-22.67606,-23.791382,-16.559654,-17.13803,-17.674505,-18.12149,-19.44728,-19.7321,-20.177656,-20.73095,-21.369226,-23.329542,0.64248216,794
1000105000035,1000105000047,1000105000034,1000105000035,28000600000269,28000600000269,1000105000000,1000105000036,1000105000048,0,28,2.8311827,22.291008,27079,2.5585873,40.46268,31.854504,197642,0,4,3,13.386936,-20.56043,-134.45918,281,22.291008,0.040153135,154.51659,170.04865,0.5148855,0.5432765,0.0,1.225569,1.2138216,0.0,0.007953548,0.005207428,0.0,0.012125696,0.0070307055,14.664713,0.0,44.21485,0.0018210248,0.03661533,-21.960186,-22.083292,-22.34401,-22.62465,-23.691467,99.0,99.0,99.0,99.0,99.0,-19.55856,-19.960505,-20.49329,-21.137999,-23.15668,0.51731265,710
1000105000036,1000105000047,1000105000035,1000105000036,27000600000223,27000600000223,1000105000000,1000105000037,-1,0,27,3.060419,23.495928,27079,2.5855443,40.482883,31.94671,197642,0,4,3,8.125134,-13.160652,-129.02206,302,23.495928,0.038661633,161.66878,163.63484,0.64329714,0.4248036,0.0,1.6134087,1.0227573,0.0,0.007351669,0.0036680438,0.0,0.010350791,0.004509042,15.323035,0.0,44.378567,0.0020013442,0.032815643,-21.943161,-22.026936,-22.257273,-22.50988,-23.520693,99.0,99.0,99.0,99.0,99.0,-20.11673,-20.464151,-20.938942,-21.496685,-23.186934,0.43924323,907
1000105000037,1000105000047,1000105000036,1000105000037,26000600000195,26000600000195,1000105000000,1000105000038,-1,0,26,3.3080978,24.872978,27079,2.5803416,40.471233,32.00557,197642,0,4,3,2.9562297,-9.212887,-123.80351,283,24.872978,0.037224136,169.52023,177.84595,0.5790312,0.308859,0.0,2.1429605,0.9007573,0.0,0.005031005,0.0025635026,0.0,0.00825323,0.0036117546,11.571601,0.0,44.538486,0.0018994597,0.029152066,-21.741776,-21.796703,-22.002914,-22.230202,-23.200335,99.0,99.0,99.0,99.0,99.0,-20.318703,-20.60856,-21.021542,-21.494715,-22.969143,0.38861743,738
1000105000038,1000105000047,1000105000037,1000105000038,25000600000187,25000600000187,1000105000000,1000105000039,-1,0,25,3.575905,22.377075,27079,2.5437675,40.46245,32.083572,197642,0,4,3,7.993619,-9.691457,-115.89029,255,22.377075,0.03389956,168.49017,194.65129,0.26013574,0.22705702,0.0,2.0492806,0.9504537,0.0,0.0024424938,0.0019234992,0.0,0.0063961768,0.0039360435,9.016964,0.0,44.54076,9.85682E-4,0.026762122,-21.512194,-21.554937,-21.759306,-21.989079,-22.957752,99.0,99.0,99.0,99.0,99.0,-19.423607,-19.750534,-20.224295,-20.798178,-22.563192,0.33203018,651
1000105000039,1000105000047,1000105000038,1000105000039,24000600000164,24000600000164,1000105000000,1000105000040,-1,0,24,3.8656828,12.049194,27079,2.4511487,40.47925,32.14506,197642,0,4,3,34.220997,7.662777,-119.68259,184,12.049194,0.025980858,141.22847,148.40028,0.21371284,0.1676538,0.0,0.23809758,1.0707041,0.0,0.0029247622,0.0012293096,0.0,0.0023583507,0.004464092,10.825623,0.0,43.536858,0.0010306494,0.020907812,-21.3362,-21.384422,-21.59617,-21.839808,-22.804907,99.0,99.0,99.0,99.0,99.0,-18.973602,-19.295086,-19.777746,-20.387598,-22.289131,0.26603505,881
1000105000040,1000105000047,1000105000039,1000105000040,23000600000150,23000600000150,1000105000000,1000105000041,-1,0,23,4.1794686,8.864764,27079,2.4312654,40.464806,32.21682,197642,0,4,3,1.2416382,-12.771545,-111.07021,202,8.864764,0.022065377,131.44615,143.07344,0.25847527,0.10134964,0.0,0.33974856,0.71746856,0.0,0.0022835152,5.855497E-4,0.0,9.7188336E-4,0.0020290369,9.323945,0.0,43.698326,9.94225E-4,0.022053208,-21.163048,-21.16329,-21.341005,-21.53569,-22.443214,99.0,99.0,99.0,99.0,99.0,-19.086123,-19.368729,-19.815098,-20.353825,-22.053467,0.24270384,9
1000105000041,1000105000047,1000105000040,1000105000041,22000600000324,22000600000324,1000105000000,1000105000042,-1,0,22,4.5195556,4.4754148,27079,2.4105155,40.431713,32.267616,197646,0,4,3,45.425484,14.218003,-109.99041,97,4.4754148,0.016507456,107.9808,113.497696,0.1626621,0.048374996,0.0,0.026556328,0.43651965,0.0,0.0012530176,2.3551847E-4,0.0,1.252839E-4,0.001346372,1.6850412,0.0,42.26432,0.002684988,0.010502576,-19.610903,-19.70807,-19.941137,-20.195908,-21.145807,99.0,99.0,99.0,99.0,99.0,-19.395132,-19.537127,-19.805536,-20.097975,-21.116068,0.31254816,290
1000105000042,1000105000047,1000105000041,1000105000042,21000600000724,21000600000724,1000105000000,1000105000043,-1,0,21,4.888449,2.9262328,27079,2.3777676,40.389572,32.34091,197646,0,4,3,39.02231,41.32337,-128.82968,41,2.9262328,0.013443846,96.752594,112.75595,0.08407412,0.03951401,0.0,0.0023107948,0.38120413,0.0,9.040581E-4,1.7883604E-4,0.0,9.534596E-6,9.085688E-4,1.4832761,0.0,40.913616,0.0015820741,0.0047113197,-19.496244,-19.60254,-19.84498,-20.11889,-21.069603,99.0,99.0,99.0,99.0,99.0,-18.9181,-19.131466,-19.457321,-19.826769,-20.961876,0.24102212,494
1000105000043,1000105000047,1000105000042,1000105000043,20000600000516,20000600000516,1000105000000,1000105000044,-1,0,20,5.2888336,3.0122986,27079,2.3452795,40.353916,32.400375,197646,0,4,3,36.84848,37.658886,-124.18117,42,3.0122986,0.0127211595,100.91498,103.88962,0.13533916,0.032311928,0.0,4.4900613E-4,0.35667872,0.0,9.845642E-4,1.1551598E-4,0.0,1.5413074E-6,5.9162994E-4,2.6060405,0.0,39.501495,0.0016921769,0.0012480067,-19.694666,-19.758375,-19.97177,-20.213173,-21.110153,99.0,99.0,99.0,99.0,99.0,-19.267996,-19.410276,-19.689693,-20.005547,-21.044977,0.16363305,793
1000105000044,1000105000047,1000105000043,1000105000044,19000600000421,19000600000421,1000105000000,1000105000045,-1,0,19,5.7238646,3.2704954,27079,2.324317,40.37103,32.45747,197646,0,4,3,32.616226,28.739038,-120.23451,41,3.2704954,0.012237622,107.20825,111.814926,0.21684992,0.020650325,0.0,0.030993288,0.26900417,0.0,8.217976E-4,5.3750715E-5,0.0,3.533261E-5,1.7597803E-4,2.6541445,0.0,42.37646,0.0017876996,0.007061097,-19.603073,-19.623135,-19.80649,-20.002367,-20.804342,99.0,99.0,99.0,99.0,99.0,-19.357903,-19.42718,-19.651144,-19.88903,-20.770367,0.11516968,572
1000105000045,1000105000047,1000105000044,1000105000045,18000600000337,18000600000337,1000105000000,1000105000046,-1,0,18,6.1968336,2.3237731,27079,2.3081539,40.37539,32.51765,197646,0,4,3,30.523207,24.442617,-113.21985,37,2.3237731,0.010208513,98.943115,107.58209,0.15784273,0.00973004,0.0,0.04648216,0.16874751,0.0,4.131454E-4,1.8666631E-5,0.0,2.2286868E-5,5.800841E-5,1.2281585,0.0,42.702644,0.0020663387,0.008300618,-18.795626,-18.795387,-18.96014,-19.138573,-19.864843,99.0,99.0,99.0,99.0,99.0,-18.699461,-18.720032,-18.901596,-19.09661,-19.852924,0.09703498,790
1000105000046,1000105000047,1000105000045,1000105000046,17000600000290,17000600000290,1000105000000,1000105000047,-1,0,17,6.7115865,1.3770508,27079,2.3126578,40.36652,32.557873,197646,0,4,3,30.700481,25.937677,-111.457794,32,1.3770508,0.008006243,86.006355,109.078674,0.08473411,0.0050925226,0.0,0.011875247,0.124977216,0.0,2.2001428E-4,7.949599E-6,0.0,5.328537E-6,3.4735025E-5,0.9089096,0.0,42.053818,0.0014483705,0.0077027157,-18.268621,-18.247156,-18.395344,-18.545506,-19.196894,99.0,99.0,99.0,99.0,99.0,-18.181093,-18.177814,-18.341114,-18.506474,-19.185898,0.06319393,875
1000105000047,1000105000047,1000105000046,1000105000047,16000600000341,16000600000341,1000105000000,-1,-1,0,16,7.272188,0.774591,27079,2.3022592,40.319122,32.604836,197646,0,4,3,20.676239,14.307357,-85.317924,22,0.774591,0.0061636553,73.51688,82.961334,0.049398664,0.001949788,0.0,0.007284286,0.0697215,0.0,8.966696E-5,1.7472603E-6,0.0,1.5981901E-6,9.608018E-6,0.61707413,0.0,41.70611,8.688431E-4,0.005920435,-17.664608,-17.547823,-17.615116,-17.665117,-18.028156,99.0,99.0,99.0,99.0,99.0,-17.561388,-17.463976,-17.547623,-17.614477,-18.010881,0.024933916,25
1000105000048,1000105000057,1000105000034,1000105000035,28000600000269,28000600000269,1000105000000,1000105000049,-1,2,28,2.8311827,22.291008,27079,2.565017,40.45435,31.837202,197642,0,4,3,-99.91562,112.77868,28.777426,25,1.032788,0.009500745,68.37491,74.08018,0.010573994,0.019069731,0.0,0.0,0.0,0.0,2.030788E-4,1.0919273E-4,0.0,0.0,0.0,3.798232E-4,0.0,0.0,8.1347604E-4,0.009500745,-16.788586,-17.311415,-17.80116,-18.205185,-19.405132,99.0,99.0,99.0,99.0,99.0,-16.204933,-16.821375,-17.3982,-17.906618,-19.314823,1.1618841,961
1000105000049,1000105000057,1000105000048,1000105000036,27000600000223,27000600000223,1000105000000,1000105000050,-1,2,27,3.060419,23.495928,27079,2.5994139,40.430668,31.903284,197642,0,4,3,-36.70699,-30.475918,-218.10846,25,1.032788,0.009500745,68.37491,74.08018,0.010595904,0.01906666,0.0,0.0,0.0,0.0,2.0333794E-4,1.09133834E-4,0.0,0.0,0.0,0.0016684668,0.0,0.0,8.1347604E-4,0.009500745,-16.959282,-17.398933,-17.827078,-18.187061,-19.289974,99.0,99.0,99.0,99.0,99.0,-16.3735,-16.90738,-17.422964,-17.88767,-19.199432,0.96789765,630
1000105000050,1000105000057,1000105000049,1000105000037,26000600000195,26000600000195,1000105000000,1000105000051,-1,2,26,3.3080978,24.872978,27079,2.6064298,40.489105,32.046143,197642,0,4,3,54.463932,-128.40288,-173.54861,25,1.032788,0.009500745,68.37491,74.08018,0.01068605,0.019054031,0.0,0.0,0.0,0.0,2.0440071E-4,1.0889199E-4,0.0,0.0,0.0,0.006640597,0.0,0.0,8.1347604E-4,0.009500745,-17.188251,-17.56527,-17.955244,-18.299444,-19.385523,99.0,99.0,99.0,99.0,99.0,-16.594254,-17.0676,-17.546343,-17.996561,-19.293945,0.7866171,863
1000105000051,1000105000057,1000105000050,1000105000038,25000600000187,25000600000187,1000105000000,1000105000052,-1,2,25,3.575905,22.377075,27079,2.5401077,40.50025,32.072136,197642,0,4,3,151.58554,122.51932,-5.59963,25,1.032788,0.009500745,68.37491,74.08018,0.011021244,0.01900709,0.0,0.0,0.0,0.0,2.0830476E-4,1.07999724E-4,0.0,0.0,0.0,0.024030337,0.0,0.0,8.1347604E-4,0.009500745,-17.468323,-17.771566,-18.117996,-18.442503,-19.498528,99.0,99.0,99.0,99.0,99.0,-16.848196,-17.253454,-17.692726,-18.12758,-19.403343,0.6184125,457
1000105000052,1000105000057,1000105000051,1000105000039,24000600000164,24000600000164,1000105000000,1000105000053,-1,2,24,3.8656828,12.049194,27079,2.493503,40.43483,32.16165,197642,0,4,3,40.694168,1.5810122,-186.85353,25,1.032788,0.009500745,68.37491,74.08018,0.012151639,0.018848779,0.0,0.0,0.0,0.0,2.2094099E-4,1.05068575E-4,0.0,0.0,0.0,0.07936333,0.0,0.0,8.1347604E-4,0.009500745,-17.806705,-18.031616,-18.332937,-18.63774,-19.658224,99.0,99.0,99.0,99.0,99.0,-17.203243,-17.530565,-17.923412,-18.335722,-19.567692,0.46448103,259
1000105000053,1000105000057,1000105000052,1000105000040,23000600000150,23000600000150,1000105000000,1000105000054,-1,2,23,4.1794686,8.864764,27079,2.432072,40.45632,32.207657,197642,0,4,3,213.4598,-48.100418,-85.58601,25,1.032788,0.009500745,68.37491,74.08018,0.015622419,0.0183627,0.0,0.0,0.0,0.0,2.5525462E-4,9.672187E-5,0.0,0.0,0.0,0.24019589,0.0,0.0,8.1347604E-4,0.009500745,-18.198689,-18.358078,-18.628109,-18.919891,-19.909147,99.0,99.0,99.0,99.0,99.0,-17.508781,-17.788849,-18.164534,-18.579273,-19.807625,0.32726634,269
1000105000054,1000105000057,1000105000053,1000105000041,22000600000324,22000600000324,1000105000000,1000105000055,-1,2,22,4.5195556,4.4754148,27079,2.3491125,40.49338,32.28822,197646,0,4,3,119.3266,-65.509056,-191.95372,25,1.032788,0.009500745,68.37491,74.08018,0.025366781,0.01699801,0.0,0.0,0.0,0.0,3.2464293E-4,7.716323E-5,0.0,0.0,0.0,0.66899693,0.0,0.0,8.1347604E-4,0.009500745,-18.631535,-18.723349,-18.9543,-19.221537,-20.151505,99.0,99.0,99.0,99.0,99.0,-17.801844,-18.03505,-18.388838,-18.800404,-20.017513,0.21055597,958
1000105000055,1000105000057,1000105000054,1000105000048,21000600001333,21000600001333,1000105000000,1000105000056,-1,0,21,4.888449,1.032788,27079,2.2982304,40.506912,32.361988,197646,0,4,3,73.20169,-52.06499,-99.63256,25,1.032788,0.009500745,68.37491,74.08018,0.050486546,0.013480008,0.0,0.0,0.13728814,0.0,3.9317747E-4,4.24098E-5,0.0,0.0,2.7388675E-4,1.721826,0.0,0.0,8.1347604E-4,0.009500745,-18.961412,-18.990566,-19.182886,-19.396461,-20.248697,99.0,99.0,99.0,99.0,99.0,-18.045841,-18.228493,-18.549898,-18.913877,-20.065998,0.119959906,427
1000105000056,1000105000057,1000105000055,1000105000049,20000600000803,20000600000803,1000105000000,1000105000057,-1,0,20,5.2888336,1.2909851,27079,2.2903223,40.52903,32.400307,197646,0,4,3,62.64788,-45.155037,-102.83935,31,1.2909851,0.009591085,76.08459,86.2898,0.11018252,0.0051196376,0.0,0.0,0.0859525,0.0,2.331142E-4,5.2609084E-6,0.0,0.0,3.107947E-5,0.65542483,0.0,0.0,0.002837739,0.009591085,-17.945805,-17.943369,-18.10911,-18.288445,-18.939089,99.0,99.0,99.0,99.0,99.0,-17.900331,-17.908598,-18.082344,-18.269384,-18.933205,0.08959787,209
1000105000057,1000105000057,1000105000056,1000105000050,19000600001086,19000600001086,1000105000000,-1,-1,0,19,5.7238646,1.2909851,27079,2.2660055,40.55831,32.442196,197646,0,4,3,39.040768,-32.56186,-84.64482,20,1.2909851,0.008977035,78.64373,80.97831,0.1059622,0.0021867205,0.0,0.025162367,0.06828506,0.0,1.0716987E-4,1.078978E-6,0.0,2.6037303E-6,4.2379647E-6,0.531476,0.0,42.237713,0.001808343,0.008708978,-17.626415,-17.475172,-17.514614,-17.532248,-17.770878,99.0,99.0,99.0,99.0,99.0,-17.607952,-17.460308,-17.502735,-17.523573,-17.768173,0.02694,973
1000105000058,1000105000069,1000105000031,1000105000032,31000600000333,31000600000333,1000105000000,1000105000059,-1,2,31,2.2394855,30.81151,27079,2.5893874,40.43241,31.621473,197642,0,4,3,-10.958968,-21.771912,-131.91632,32,2.7541025,0.015885254,86.35011,107.99461,0.040802103,0.09023084,0.0,0.0,0.0,0.0,8.4521377E-4,5.7652406E-4,0.0,0.0,0.0,0.026942587,0.0,40.9595,0.0023909905,0.0028640404,-18.11779,-18.688095,-19.215221,-19.651579,-20.936325,99.0,99.0,99.0,99.0,99.0,-17.811483,-18.437052,-19.011496,-19.502182,-20.891691,1.5238119,951
1000105000059,1000105000069,1000105000058,1000105000033,30000600000298,30000600000298,1000105000000,1000105000060,-1,2,30,2.422044,24.872978,27079,2.542523,40.450603,31.715155,197642,0,4,3,83.72822,-72.55858,-89.866875,32,2.7541025,0.015885254,86.35011,107.99461,0.042663887,0.089970104,0.0,0.0,0.0,0.0,8.697608E-4,5.7116814E-4,0.0,0.0,0.0,0.057292882,0.0,40.9595,0.0023909905,0.0028640404,-18.388525,-18.91444,-19.41993,-19.84852,-21.141548,99.0,99.0,99.0,99.0,99.0,-18.064535,-18.65035,-19.206234,-19.69213,-21.095135,1.2952669,8
1000105000060,1000105000069,1000105000059,1000105000034,29000600000257,29000600000257,1000105000000,1000105000061,-1,2,29,2.6188614,23.66806,27079,2.5742908,40.460835,31.783384,197642,0,4,3,-141.06706,-34.444054,-176.39354,32,2.7541025,0.015885254,86.35011,107.99461,0.046401985,0.0894466,0.0,0.0,0.0,0.0,9.1728516E-4,5.60668E-4,0.0,0.0,0.0,0.116600014,0.0,40.9595,0.0023909905,0.0028640404,-18.657309,-19.114405,-19.574099,-19.969503,-21.191288,99.0,99.0,99.0,99.0,99.0,-18.342726,-18.860804,-19.370209,-19.820904,-21.147573,1.0825274,964
1000105000061,1000105000069,1000105000060,1000105000035,28000600000269,28000600000269,1000105000000,1000105000062,-1,2,28,2.8311827,22.291008,27079,2.598738,40.477722,31.860783,197642,0,4,3,13.559946,39.87582,-49.886055,32,2.7541025,0.015885254,86.35011,107.99461,0.053564504,0.08844349,0.0,0.0,0.0,0.0,0.0010023507,5.4140756E-4,0.0,0.0,0.0,0.22728448,0.0,40.9595,0.0023909905,0.0028640404,-18.899275,-19.263103,-19.658926,-20.010988,-21.134811,99.0,99.0,99.0,99.0,99.0,-18.525032,-18.96316,-19.418743,-19.836348,-21.083754,0.88674587,128
1000105000062,1000105000069,1000105000061,1000105000036,27000600000223,27000600000223,1000105000000,1000105000063,-1,2,27,3.060419,23.495928,27079,2.5287917,40.45817,31.943663,197642,0,4,3,152.37048,-42.84173,-202.52026,32,2.7541025,0.015885254,86.35011,107.99461,0.066675484,0.08660731,0.0,0.0,0.0,0.0,0.0011405185,5.086525E-4,0.0,0.0,0.0,0.42476988,0.0,40.9595,0.0023909905,0.0028640404,-19.174816,-19.460478,-19.809278,-20.136934,-21.217205,99.0,99.0,99.0,99.0,99.0,-18.764057,-19.132225,-19.547218,-19.94705,-21.162111,0.7091125,485
1000105000063,1000105000069,1000105000062,1000105000037,26000600000195,26000600000195,1000105000000,1000105000064,-1,2,26,3.3080978,24.872978,27079,2.4853246,40.47765,32.01597,197642,0,4,3,0.19245777,34.15208,-57.200386,32,2.7541025,0.015885254,86.35011,107.99461,0.08962526,0.08339323,0.0,0.0,0.0,0.0,0.0013387196,4.575078E-4,0.0,0.0,0.0,0.7620143,0.0,40.9595,0.0023909905,0.0028640404,-19.46277,-19.677273,-19.98402,-20.290197,-21.329033,99.0,99.0,99.0,99.0,99.0,-19.066957,-19.357698,-19.727732,-20.104158,-21.274889,0.5507386,107
1000105000064,1000105000069,1000105000063,1000105000038,25000600000187,25000600000187,1000105000000,1000105000065,-1,2,25,3.575905,22.377075,27079,2.5300138,40.462837,32.0775,197642,0,4,3,-136.41914,-35.92829,-237.17296,32,2.7541025,0.015885254,86.35011,107.99461,0.12808912,0.07800641,0.0,0.0,0.0,0.0,0.0015782746,3.848636E-4,0.0,0.0,0.0,1.3139453,0.0,40.9595,0.0023909905,0.0028640404,-19.746033,-19.901484,-20.172117,-20.45818,-21.448298,99.0,99.0,99.0,99.0,99.0,-19.293108,-19.539558,-19.884083,-20.250631,-21.388796,0.41246253,833
1000105000065,1000105000069,1000105000064,1000105000051,24000600000165,24000600000164,1000105000000,1000105000066,-1,1,24,3.8656828,12.049194,27079,2.6147172,40.477867,32.150063,197642,0,4,3,-87.27009,-69.916405,-102.26629,32,2.7541025,0.015885254,86.35011,107.99461,0.18989737,0.06935021,0.0,0.0,0.0,0.0,0.0017926029,2.9212114E-4,0.0,0.0,0.0,2.8636847,0.0,40.9595,0.0023909905,0.0028640404,-20.01516,-20.165804,-20.432016,-20.712132,-21.641027,99.0,99.0,99.0,99.0,99.0,-19.497782,-19.7251,-20.058405,-20.422169,-21.53275,0.2948752,472
1000105000066,1000105000069,1000105000065,1000105000052,22000600000470,22000600000470,1000105000000,1000105000067,-1,0,22,4.5195556,5.2500057,27079,2.6802824,40.578716,32.22743,197646,0,4,3,-52.313183,-36.646725,-90.43726,71,5.2500057,0.017409608,113.88207,115.4952,0.4313094,0.03554066,0.0,0.0070615425,0.37398797,0.0,0.001501835,9.238232E-5,0.0,1.1298796E-5,2.6504483E-4,3.6035485,0.0,40.9595,0.00225106,0.0028640404,-20.386034,-20.402817,-20.56283,-20.739992,-21.441965,99.0,99.0,99.0,99.0,99.0,-20.01569,-20.099356,-20.317928,-20.555996,-21.381609,0.1355546,970
1000105000067,1000105000069,1000105000066,1000105000053,21000600000506,21000600000506,1000105000000,1000105000068,-1,0,21,4.888449,4.217218,27079,2.7303197,40.56315,32.30331,197646,0,4,3,-44.704433,-23.610804,-93.86915,53,4.217218,0.015185506,109.286964,121.008095,0.2520632,0.016590958,0.0,0.19730867,0.21626016,0.0,7.137262E-4,2.544239E-5,0.0,8.138855E-5,5.2651165E-5,2.2016184,0.0,43.32114,0.003040975,0.01236632,-19.33871,-19.345377,-19.512215,-19.691158,-20.384743,99.0,99.0,99.0,99.0,99.0,-19.17484,-19.216162,-19.410393,-19.61564,-20.359165,0.09973007,65
1000105000068,1000105000069,1000105000067,1000105000054,20000600000845,20000600000845,1000105000000,1000105000069,-1,0,20,5.2888336,2.5819702,27079,2.7576902,40.577587,32.34759,197646,0,4,3,-50.22714,-32.04159,-101.540596,30,2.5819702,0.01208401,95.86058,105.48539,0.28742045,0.0059009404,0.0,0.00672524,0.11320017,0.0,2.9177387E-4,4.884001E-6,0.0,1.7055092E-6,1.2212438E-5,1.1484138,0.0,40.83699,0.002521948,0.0022654142,-18.585327,-18.465591,-18.540533,-18.598984,-19.015556,99.0,99.0,99.0,99.0,99.0,-18.525991,-18.41997,-18.505295,-18.57381,-19.008093,0.055014625,732
1000105000069,1000105000069,1000105000068,1000105000055,19000600000655,19000600000655,1000105000000,-1,-1,0,19,5.7238646,1.2049193,27079,2.7595623,40.614212,32.37642,197646,0,4,3,-34.795273,-17.725403,-102.20511,29,1.2049193,0.00877294,76.85575,77.104866,0.12347744,7.6198037E-4,0.0,0.03720116,0.025594972,0.0,3.9204046E-5,1.10953E-7,0.0,5.543646E-7,2.348659E-7,0.18519711,0.0,42.341747,0.0034993722,0.0075301235,-16.389946,-16.138048,-16.084345,-15.972308,-15.791646,99.0,99.0,99.0,99.0,99.0,-16.387535,-16.1361,-16.082756,-15.971096,-15.791169,0.021086074,481
1000105000070,1000105000091,1000105000021,1000105000022,41000100000514,41000100000514,1000105000000,1000105000071,-1,2,41,0.98870814,55.68449,5688,2.4823928,40.322987,30.799606,85294,0,4,3,23.500303,-126.35997,-202.6145,42,3.6147594,0.025615798,77.903275,100.464066,0.01762823,0.06368777,0.0,0.0,0.0,0.0,4.004715E-4,4.7577667E-4,0.0,0.0,0.0,0.0,0.0,0.0,0.001917688,0.021543002,-16.379547,-17.125343,-17.75901,-18.279388,-19.647135,99.0,99.0,99.0,99.0,99.0,-15.574619,-16.443485,-17.193895,-17.85693,-19.517256,4.3549275,930
1000105000071,1000105000091,1000105000070,1000105000023,40000100000468,40000100000468,1000105000000,1000105000072,-1,2,40,1.0778745,51.983665,5688,2.559443,40.357517,30.919806,85294,0,4,3,-150.95155,13.032358,-182.16302,42,3.6147594,0.025615798,77.903275,100.464066,0.01762823,0.06368777,0.0,0.0,0.0,0.0,4.004715E-4,4.7577667E-4,0.0,0.0,0.0,0.0,0.0,0.0,0.001917688,0.021543002,-16.475058,-17.220503,-17.85427,-18.37613,-19.752176,99.0,99.0,99.0,99.0,99.0,-15.670129,-16.538643,-17.289156,-17.95367,-19.622297,4.0068383,192
1000105000072,1000105000091,1000105000071,1000105000024,39000100000485,39000100000485,1000105000000,1000105000073,-1,2,39,1.173417,50.52055,5688,2.5550063,40.35899,30.986082,85294,0,4,3,157.04976,-49.92497,-80.80925,42,3.6147594,0.025615798,77.903275,100.464066,0.01762823,0.06368777,0.0,0.0,0.0,0.0,4.004715E-4,4.7577667E-4,0.0,0.0,0.0,0.0,0.0,0.0,0.001917688,0.021543002,-16.573004,-17.312353,-17.941088,-18.458136,-19.829544,99.0,99.0,99.0,99.0,99.0,-15.768076,-16.630495,-17.375975,-18.035677,-19.699665,3.6674347,100
1000105000073,1000105000091,1000105000072,1000105000025,38000100000446,38000100000446,1000105000000,1000105000074,-1,2,38,1.2758462,50.606613,5688,2.4881706,40.38591,31.071451,85294,0,4,3,-42.394398,-15.949102,-200.68018,42,3.6147594,0.025615798,77.903275,100.464066,0.01762823,0.06368777,0.0,0.0,0.0,0.0,4.004715E-4,4.7577667E-4,0.0,0.0,0.0,0.0,0.0,0.0,0.001917688,0.021543002,-16.681372,-17.41286,-18.034706,-18.544415,-19.909485,99.0,99.0,99.0,99.0,99.0,-15.876442,-16.731,-17.469593,-18.121956,-19.779606,3.337636,475
1000105000074,1000105000091,1000105000073,1000105000026,37000100000455,37000100000455,1000105000000,1000105000075,-1,2,37,1.3857181,52.586124,5688,2.5739348,40.392467,31.128044,85294,0,4,3,-23.394361,-28.858456,-8.073701,42,3.6147594,0.025615798,77.903275,100.464066,0.01762823,0.06368777,0.0,0.0,0.0,0.0,4.004715E-4,4.7577667E-4,0.0,0.0,0.0,0.0,0.0,0.0,0.001917688,0.021543002,-16.804367,-17.529358,-18.145597,-18.649391,-20.011992,99.0,99.0,99.0,99.0,99.0,-15.999439,-16.8475,-17.580484,-18.226933,-19.882114,3.0182805,708
1000105000075,1000105000091,1000105000074,1000105000027,36000100000414,36000100000414,1000105000000,1000105000076,-1,2,36,1.5036365,50.176285,5688,2.5553596,40.38361,31.239937,85294,0,4,3,-46.84838,2.0646203,-249.97493,42,3.6147594,0.025615798,77.903275,100.464066,0.01762823,0.06368777,0.0,0.0,0.0,0.0,4.004715E-4,4.7577667E-4,0.0,0.0,0.0,0.0,0.0,0.0,0.001917688,0.021543002,-16.935925,-17.646084,-18.251507,-18.744528,-20.095491,99.0,99.0,99.0,99.0,99.0,-16.130997,-16.964226,-17.686394,-18.32207,-19.965614,2.7100937,861
1000105000076,1000105000091,1000105000075,1000105000028,35000100000458,35000100000458,1000105000000,1000105000077,-1,2,35,1.6302707,46.819725,27079,2.5777524,40.398216,31.284273,197642,0,4,3,-63.020393,95.41795,-153.44833,42,3.6147594,0.025615798,77.903275,100.464066,0.01762823,0.06368777,0.0,0.0,0.0,0.0,4.004715E-4,4.7577667E-4,0.0,0.0,0.0,0.0,0.0,0.0,0.001917688,0.021543002,-17.080282,-17.772284,-18.365013,-18.845837,-20.185251,99.0,99.0,99.0,99.0,99.0,-16.275354,-17.090424,-17.7999,-18.423376,-20.055372,2.4136717,48
1000105000077,1000105000091,1000105000076,1000105000029,34000100000456,34000100000456,1000105000000,1000105000078,-1,2,34,1.766336,41.913982,27079,2.5668135,40.418285,31.400213,197642,0,4,3,48.67508,-255.91936,-172.33461,42,3.6147594,0.025615798,77.903275,100.464066,0.01762823,0.06368777,0.0,0.0,0.0,0.0,4.004715E-4,4.7577667E-4,0.0,0.0,0.0,0.0,0.0,0.0,0.001917688,0.021543002,-17.2471,-17.915419,-18.493626,-18.962872,-20.29487,99.0,99.0,99.0,99.0,99.0,-16.442171,-17.233559,-17.928513,-18.540413,-20.164991,2.1295226,326
1000105000078,1000105000091,1000105000077,1000105000030,33000600000320,33000600000320,1000105000000,1000105000079,-1,2,33,1.9126327,39.848404,27079,2.5416474,40.503433,31.503511,197642,0,4,3,31.645893,1.9216425,-171.35782,42,3.6147594,0.025615798,77.903275,100.464066,0.01762823,0.06368777,0.0,0.0,0.0,0.0,4.004715E-4,4.7577667E-4,0.0,0.0,0.0,0.0,0.0,0.0,0.001917688,0.021543002,-17.463747,-18.102598,-18.667137,-19.13276,-20.487844,99.0,99.0,99.0,99.0,99.0,-16.65882,-17.420738,-18.102024,-18.710299,-20.357965,1.858002,395
1000105000079,1000105000091,1000105000078,1000105000031,32000600000308,32000600000308,1000105000000,1000105000080,-1,2,32,2.0700274,35.286926,27079,2.5714998,40.413383,31.558552,197642,0,4,3,-154.94664,301.21082,51.03604,42,3.6147594,0.025615798,77.903275,100.464066,0.01762823,0.06368777,0.0,0.0,0.0,0.0,4.004715E-4,4.7577667E-4,0.0,0.0,0.0,0.0,0.0,0.0,0.001917688,0.021543002,-17.68154,-18.258308,-18.781036,-19.215874,-20.500933,99.0,99.0,99.0,99.0,99.0,-16.876612,-17.57645,-18.215921,-18.793415,-20.371054,1.5993626,574
1000105000080,1000105000091,1000105000079,1000105000056,31000600000334,31000600000333,1000105000000,1000105000081,-1,1,31,2.2394855,30.81151,27079,2.6363423,40.31149,31.558897,197642,0,4,3,-94.3245,102.57425,-25.776266,42,3.6147594,0.025615798,77.903275,100.464066,0.01762823,0.06368777,0.0,0.0,0.0,0.0,4.004715E-4,4.7577667E-4,0.0,0.0,0.0,0.0,0.0,0.0,0.001917688,0.021543002,-17.959152,-18.468079,-18.952816,-19.366947,-20.63156,99.0,99.0,99.0,99.0,99.0,-17.154222,-17.78622,-18.387701,-18.944489,-20.50168,1.3537282,45
1000105000081,1000105000091,1000105000080,1000105000057,30000600000299,30000600000298,1000105000000,1000105000082,-1,1,30,2.422044,24.872978,27079,2.676382,40.256336,31.578674,197642,0,4,3,-74.482086,72.913345,-52.518303,38,3.2704966,0.023550553,77.28163,93.551956,0.01762823,0.06368777,0.0,0.0,0.0,0.0,4.004715E-4,4.7577667E-4,0.0,0.0,0.0,0.30156398,0.0,0.0,9.204595E-4,0.021543002,-18.428896,-18.80937,-19.232214,-19.615889,-20.839748,99.0,99.0,99.0,99.0,99.0,-16.18025,-16.791403,-17.449474,-18.164051,-20.304794,1.1211485,664
1000105000082,1000105000091,1000105000081,1000105000058,29000600000258,29000600000257,1000105000000,1000105000083,-1,1,29,2.6188614,23.66806,27079,2.7068236,40.214043,31.603622,197642,0,4,3,-75.78804,50.510384,-71.01098,51,4.389351,0.024653351,87.50485,86.79609,0.03730392,0.060932215,0.0,0.0,0.0,0.0,6.443228E-4,4.220456E-4,0.0,0.0,0.0,0.24784741,0.0,0.0,0.0017038762,0.021543002,-18.61993,-18.943893,-19.327864,-19.68765,-20.872595,99.0,99.0,99.0,99.0,99.0,-17.340494,-17.850803,-18.410677,-18.989761,-20.65071,0.94590485,189
1000105000083,1000105000091,1000105000082,1000105000059,28000600001508,28000600001508,1000105000000,1000105000084,-1,0,28,2.8311827,3.442627,27079,2.7649572,40.186665,31.64456,197642,0,4,3,-70.33872,43.721478,-80.48001,40,3.442627,0.021543002,82.9014,100.63086,0.05252875,0.05879999,0.0,0.0,0.40025118,0.0,7.756118E-4,3.8818386E-4,0.0,0.0,0.0018662873,1.3913854,0.0,0.0,0.0012298091,0.021543002,-19.188488,-19.377537,-19.684656,-19.992174,-21.059883,99.0,99.0,99.0,99.0,99.0,-17.067995,-17.518894,-18.079386,-18.720045,-20.618765,0.76909584,964
1000105000084,1000105000091,1000105000083,1000105000060,27000600001505,27000600001505,1000105000000,1000105000085,-1,0,27,3.060419,3.5286925,27079,2.8083334,40.167156,31.692984,197642,0,4,3,-69.184525,41.64804,-91.514595,43,3.5286925,0.020550415,85.9343,96.71087,0.13278693,0.047559295,0.0,6.055537E-4,0.33123374,0.0,0.0010681192,2.6770323E-4,0.0,2.584398E-6,0.0011026451,0.6151509,0.0,39.73036,0.0037608312,0.004377548,-18.797976,-19.005875,-19.311403,-19.608454,-20.639162,99.0,99.0,99.0,99.0,99.0,-18.433584,-18.709187,-19.072273,-19.43422,-20.587936,0.729197,47
1000105000085,1000105000091,1000105000084,1000105000061,26000600000906,26000600000906,1000105000000,1000105000086,-1,0,26,3.3080978,3.5286925,27079,2.849897,40.144264,31.766106,197642,0,4,3,-59.610493,29.425398,-96.342316,66,3.5286925,0.019414222,88.413155,95.14889,0.16583143,0.04290465,0.0,0.0056622904,0.30141208,0.0,0.0010623727,2.3441087E-4,0.0,3.0462412E-5,8.7592844E-4,0.25862435,0.0,41.29153,0.006233776,0.012979193,-18.641235,-18.877878,-19.192585,-19.499846,-20.531944,99.0,99.0,99.0,99.0,99.0,-18.536493,-18.79193,-19.12317,-19.449356,-20.517185,0.61596936,481
1000105000086,1000105000091,1000105000085,1000105000062,25000600000822,25000600000822,1000105000000,1000105000087,-1,0,25,3.575905,3.7008238,27079,2.8892913,40.109394,31.817839,197642,0,4,3,-54.514305,24.17505,-101.55815,63,3.7008238,0.018607689,92.48535,93.329445,0.14322862,0.041076384,0.0,0.020720612,0.34856734,0.0,9.097965E-4,2.2313662E-4,0.0,6.0230734E-5,9.215023E-4,0.4790494,0.0,42.0241,0.0038269085,0.016046233,-18.993416,-19.159296,-19.430769,-19.71203,-20.69817,99.0,99.0,99.0,99.0,99.0,-18.748823,-18.959515,-19.269781,-19.594961,-20.663996,0.46979907,671
1000105000087,1000105000091,1000105000086,1000105000063,24000600000998,24000600000998,1000105000000,1000105000088,-1,0,24,3.8656828,3.5286925,27079,2.923418,40.083405,31.854452,197642,0,4,3,-58.349358,20.429781,-99.15564,48,3.5286925,0.017253296,93.786606,100.330765,0.10540128,0.037920438,0.0,0.009182441,0.3829242,0.0,7.2585687E-4,2.0342208E-4,0.0,2.822282E-5,9.910618E-4,1.2803519,0.0,41.479786,0.0019141859,0.009439679,-19.335463,-19.42959,-19.654503,-19.90204,-20.835901,99.0,99.0,99.0,99.0,99.0,-18.536896,-18.770752,-19.118368,-19.50745,-20.71831,0.34480947,930
1000105000088,1000105000091,1000105000087,1000105000064,23000600000975,23000600000975,1000105000000,1000105000089,-1,0,23,4.1794686,3.2704954,27079,2.9270573,40.085865,31.918734,197642,0,4,3,-52.243614,14.708414,-93.811424,43,3.2704954,0.015825598,94.27503,98.642365,0.12786359,0.03007861,0.0,0.028266147,0.31610194,0.0,5.4235524E-4,1.6098029E-4,0.0,4.1060484E-5,7.914399E-4,0.9484989,0.0,42.16764,0.0017665331,0.012508173,-19.43241,-19.511494,-19.71878,-19.9426,-20.797737,99.0,99.0,99.0,99.0,99.0,-18.763384,-18.964218,-19.27952,-19.619328,-20.703953,0.26793337,139
1000105000089,1000105000091,1000105000088,1000105000065,22000600000859,22000600000859,1000105000000,1000105000090,-1,0,22,4.5195556,1.8934448,27079,2.998857,40.045906,31.951262,197643,0,4,3,-48.75377,13.764254,-90.55365,42,1.8934448,0.012392339,81.06244,82.734024,0.011675541,0.02468965,0.0,0.002342188,0.28408444,0.0,2.3162524E-4,1.4054091E-4,0.0,1.1093431E-5,8.6894684E-4,1.021211,0.0,41.118156,4.4436107E-4,0.011080286,-18.98311,-19.090937,-19.334759,-19.619911,-20.576775,99.0,99.0,99.0,99.0,99.0,-15.89264,-16.231758,-16.714249,-17.35252,-19.528154,0.18040138,961
1000105000090,1000105000091,1000105000089,1000105000066,21000600000879,21000600000879,1000105000000,1000105000091,-1,0,21,4.888449,2.1516418,27079,3.0035465,40.076237,32.008133,197643,0,4,3,-48.578053,18.420324,-93.50574,35,2.1516418,0.012134184,87.327225,89.48821,0.049798246,0.019319488,0.0,2.6223976E-5,0.26299024,0.0,4.7732473E-4,6.9158756E-5,0.0,7.630047E-8,4.7025556E-4,3.4672477,0.0,0.0,6.7939167E-4,0.012134184,-19.46859,-19.487776,-19.678764,-19.889313,-20.73876,99.0,99.0,99.0,99.0,99.0,-16.68711,-16.963842,-17.414957,-17.997717,-19.964334,0.08062905,640
1000105000091,1000105000091,1000105000090,1000105000067,20000600001111,20000600001111,1000105000000,-1,-1,0,20,5.2888336,1.6352477,27079,3.0195355,40.05897,32.052288,197643,0,4,3,-53.401447,21.276243,-84.959175,24,1.6352477,0.0103774,82.322296,96.63678,0.16989,0.0024841765,0.0,0.009965681,0.070541084,0.0,1.2469284E-4,9.84955E-7,0.0,1.076003E-6,3.992348E-6,0.55514395,0.0,41.205505,0.0022241434,0.004043435,-17.846327,-17.653566,-17.660872,-17.636799,-17.773947,99.0,99.0,99.0,99.0,99.0,-17.813988,-17.62714,-17.63957,-17.621273,-17.769281,0.024850866,206
1000105000092,1000105000122,-1,1000105000000,63000100000560,63000100000560,1000105000000,1000105000093,-1,2,63,0.0,78.233696,5688,2.4033637,40.225952,29.571339,85290,0,4,3,-134.8325,-138.27914,-135.7043,21,1.2049193,0.01955742,51.47462,52.054333,0.032308538,0.0020705876,0.0,0.0,0.0,0.0,8.962901E-5,2.6662144E-6,0.0,0.0,0.0,4.281761E-7,0.0,41.273937,0.0033034622,0.01937291,-12.325331,-13.020963,-13.631028,-14.102294,-15.226374,99.0,99.0,99.0,99.0,99.0,-12.309604,-13.007993,-13.620534,-14.094661,-15.224142,9.479443,931
1000105000093,1000105000122,1000105000092,1000105000001,62000100000562,62000100000562,1000105000000,1000105000094,-1,2,62,0.019932542,78.40582,5688,2.427436,40.252045,29.599033,85290,0,4,3,-108.56196,-124.69045,-143.5243,21,1.2049193,0.01955742,51.47462,52.054333,0.032308538,0.002070583,0.0,0.0,0.0,0.0,8.962886E-5,2.6662008E-6,0.0,0.0,0.0,4.281761E-7,0.0,41.273937,0.0033034622,0.01937291,-12.353697,-13.047817,-13.656785,-14.127198,-15.25015,99.0,99.0,99.0,99.0,99.0,-12.337969,-13.034848,-13.646291,-14.119565,-15.247918,9.216027,686
1000105000094,1000105000122,1000105000093,1000105000002,61000100000572,61000100000572,1000105000000,1000105000095,-1,2,61,0.041403063,78.49189,5688,2.4482746,40.27727,29.63002,85290,0,4,3,-89.17064,-113.54829,-148.83638,21,1.2049193,0.01955742,51.47462,52.054333,0.032308538,0.0020705783,0.0,0.0,0.0,0.0,8.962872E-5,2.6661871E-6,0.0,0.0,0.0,4.281761E-7,0.0,41.273937,0.0033034622,0.01937291,-12.384389,-13.076797,-13.684531,-14.153998,-15.275696,99.0,99.0,99.0,99.0,99.0,-12.36866,-13.0638275,-13.674037,-14.146365,-15.273464,8.940196,840
1000105000095,1000105000122,1000105000094,1000105000003,60000100000544,60000100000544,1000105000000,1000105000096,-1,2,60,0.064493395,77.889435,5688,2.466136,40.301537,29.664179,85290,0,4,3,-70.76894,-102.68389,-153.06612,21,1.2049193,0.01955742,51.47462,52.054333,0.032308538,0.0020705736,0.0,0.0,0.0,0.0,8.962857E-5,2.6661735E-6,0.0,0.0,0.0,4.281761E-7,0.0,41.273937,0.0033034622,0.01937291,-12.417442,-13.107861,-13.714255,-14.182653,-15.303141,99.0,99.0,99.0,99.0,99.0,-12.401714,-13.094891,-13.70376,-14.175019,-15.300909,8.65237,564
1000105000096,1000105000122,1000105000095,1000105000004,59000100000506,59000100000506,1000105000000,1000105000097,-1,2,59,0.08928783,76.59845,5688,2.4807541,40.32468,29.701515,85290,0,4,3,-52.147408,-90.26267,-157.86183,21,1.2049193,0.01955742,51.47462,52.054333,0.032308538,0.002070569,0.0,0.0,0.0,0.0,8.9628425E-5,2.6661598E-6,0.0,0.0,0.0,4.281761E-7,0.0,41.273937,0.0033034622,0.01937291,-12.453123,-13.141226,-13.746143,-14.213312,-15.332703,99.0,99.0,99.0,99.0,99.0,-12.437395,-13.128257,-13.735649,-14.205678,-15.330471,8.353072,98
1000105000097,1000105000122,1000105000096,1000105000005,58000100000484,58000100000484,1000105000000,1000105000098,-1,2,58,0.11588337,75.82385,5688,2.4920049,40.34626,29.742277,85290,0,4,3,-34.777824,-77.337845,-161.26476,21,1.2049193,0.01955742,51.47462,52.054333,0.032308538,0.0020705643,0.0,0.0,0.0,0.0,8.962828E-5,2.6661462E-6,0.0,0.0,0.0,4.281761E-7,0.0,41.273937,0.0033034622,0.01937291,-12.49281,-13.178254,-13.7815485,-14.247321,-15.365263,99.0,99.0,99.0,99.0,99.0,-12.477082,-13.165284,-13.771053,-14.239687,-15.363031,8.042836,900
1000105000098,1000105000122,1000105000097,1000105000006,57000100000480,57000100000480,1000105000000,1000105000099,-1,2,57,0.14438343,76.51238,5688,2.4995189,40.365704,29.78653,85290,0,4,3,-19.274029,-64.95997,-165.43016,21,1.2049193,0.01955742,51.47462,52.054333,0.032308538,0.0020705597,0.0,0.0,0.0,0.0,8.9628134E-5,2.6661326E-6,0.0,0.0,0.0,6.151337E-7,0.0,41.273937,0.0033034622,0.01937291,-12.533395,-13.215652,-13.816873,-14.280742,-15.396528,99.0,99.0,99.0,99.0,99.0,-12.517666,-13.2026825,-13.806378,-14.2731085,-15.394297,7.722269,740
1000105000099,1000105000122,1000105000098,1000105000007,56000100000500,56000100000500,1000105000000,1000105000100,-1,2,56,0.17489761,77.7173,5688,2.502814,40.382397,29.83436,85290,0,4,3,-4.115918,-51.917606,-169.22571,21,1.2049193,0.01955742,51.47462,52.054333,0.032308612,0.0020705513,0.0,0.0,0.0,0.0,8.9627836E-5,2.6661091E-6,0.0,0.0,0.0,9.71243E-7,0.0,41.273937,0.0033034622,0.01937291,-12.575784,-13.254175,-13.852801,-14.314375,-15.427459,99.0,99.0,99.0,99.0,99.0,-12.560057,-13.241205,-13.842306,-14.306742,-15.425228,7.3920684,53
1000105000100,1000105000122,1000105000099,1000105000008,55000100000490,55000100000490,1000105000000,1000105000101,-1,2,55,0.20754863,76.94271,5688,2.5012043,40.39541,29.885796,85290,0,4,3,13.770911,-35.060814,-171.64006,21,1.2049193,0.01955742,51.47462,52.054333,0.032308687,0.0020705378,0.0,0.0,0.0,0.0,8.962736E-5,2.666071E-6,0.0,0.0,0.0,1.4208315E-6,0.0,41.273937,0.0033034622,0.01937291,-12.62081,-13.294778,-13.890402,-14.349347,-15.459486,99.0,99.0,99.0,99.0,99.0,-12.6050825,-13.281808,-13.879908,-14.341713,-15.457255,7.052961,880
1000105000101,1000105000122,1000105000100,1000105000009,54000100000505,54000100000505,1000105000000,1000105000102,-1,2,54,0.24246909,76.85664,5688,2.4937105,40.403275,29.940886,85290,0,4,3,33.357628,-14.103011,-175.33829,21,1.2049193,0.01955742,51.47462,52.054333,0.032308813,0.002070517,0.0,0.0,0.0,0.0,8.9626636E-5,2.6660139E-6,0.0,0.0,0.0,2.1980404E-6,0.0,41.273937,0.0033034622,0.01937291,-12.669117,-13.338182,-13.930459,-14.386531,-15.493895,99.0,99.0,99.0,99.0,99.0,-12.653389,-13.3252125,-13.919965,-14.378897,-15.491663,6.705742,43
1000105000102,1000105000122,1000105000101,1000105000010,53000100000536,53000100000536,1000105000000,1000105000103,-1,2,53,0.2798018,77.11484,5688,2.478797,40.403267,29.999409,85290,0,4,3,56.651638,13.384411,-174.10173,21,1.2049193,0.01955742,51.47462,52.054333,0.03230902,0.0020704847,0.0,0.0,0.0,0.0,8.962562E-5,2.6659238E-6,0.0,0.0,0.0,3.7141779E-6,0.0,41.273937,0.0033034622,0.01937291,-12.722195,-13.386075,-13.974811,-14.4280405,-15.53434,99.0,99.0,99.0,99.0,99.0,-12.706465,-13.373104,-13.964315,-14.420406,-15.532108,6.351275,49
1000105000103,1000105000122,1000105000102,1000105000011,52000100000534,52000100000534,1000105000000,1000105000104,-1,2,52,0.31970343,77.200905,5688,2.4555955,40.392895,30.060726,85290,0,4,3,77.93845,50.681435,-176.05035,21,1.2049193,0.01955742,51.47462,52.054333,0.03230944,0.002070429,0.0,0.0,0.0,0.0,8.962377E-5,2.6657694E-6,0.0,0.0,0.0,6.290631E-6,0.0,41.273937,0.0033034622,0.01937291,-12.781033,-13.43951,-14.024553,-14.47523,-15.582848,99.0,99.0,99.0,99.0,99.0,-12.765298,-13.4265375,-14.014056,-14.467595,-15.580616,5.990505,0
1000105000104,1000105000122,1000105000103,1000105000012,51000100000530,51000100000530,1000105000000,1000105000105,-1,2,51,0.36234027,75.651726,5688,2.4220777,40.364403,30.126635,85290,0,4,3,102.31292,108.94317,-182.28992,21,1.2049193,0.01955742,51.47462,52.054333,0.03231012,0.002070333,0.0,0.0,0.0,0.0,8.9620626E-5,2.6655036E-6,0.0,0.0,0.0,1.0713512E-5,0.0,41.273937,0.0033034622,0.01937291,-12.842603,-13.494824,-14.075689,-14.523743,-15.633063,99.0,99.0,99.0,99.0,99.0,-12.826869,-13.481853,-14.065192,-14.516108,-15.630832,5.6245084,829
1000105000105,1000105000122,1000105000104,1000105000013,50000100000522,50000100000522,1000105000000,1000105000106,-1,2,50,0.40789944,74.01648,5688,2.3851068,40.302,30.194063,85290,0,4,3,87.859955,215.5831,-159.48752,21,1.2049193,0.01955742,51.47462,52.054333,0.0323113,0.0020701678,0.0,0.0,0.0,0.0,8.961522E-5,2.6650457E-6,0.0,0.0,0.0,1.8297755E-5,0.0,41.273937,0.0033034622,0.01937291,-12.911855,-13.5571995,-14.133363,-14.578513,-15.690384,99.0,99.0,99.0,99.0,99.0,-12.896116,-13.544225,-14.122864,-14.570877,-15.688152,5.254338,599
1000105000106,1000105000122,1000105000105,1000105000014,49000100000513,49000100000513,1000105000000,1000105000107,-1,2,49,0.45657724,71.6927,5688,2.38072,40.198917,30.237383,85290,0,4,3,-87.7986,246.15486,-50.465824,21,1.2049193,0.01955742,51.47462,52.054333,0.032313332,0.0020698833,0.0,0.0,0.0,0.0,8.960586E-5,2.6642565E-6,0.0,0.0,0.0,3.137054E-5,0.0,41.273937,0.0033034622,0.01937291,-12.988731,-13.625973,-14.1964035,-14.638065,-15.752051,99.0,99.0,99.0,99.0,99.0,-12.972985,-13.612994,-14.185903,-14.630427,-15.749818,4.881237,813
1000105000107,1000105000122,1000105000106,1000105000015,48000100000514,48000100000514,1000105000000,1000105000108,-1,2,48,0.5085914,69.97139,5688,2.4333203,40.121796,30.252674,85290,0,4,3,-141.24976,133.9508,-44.459393,21,1.2049193,0.01955742,51.47462,52.054333,0.03231683,0.0020693927,0.0,0.0,0.0,0.0,8.958974E-5,2.6628961E-6,0.0,0.0,0.0,5.3925618E-5,0.0,41.273937,0.0033034622,0.01937291,-13.074555,-13.702599,-14.266521,-14.704333,-15.81929,99.0,99.0,99.0,99.0,99.0,-13.058788,-13.689609,-14.256014,-14.6966915,-15.817056,4.5065107,822
1000105000108,1000105000122,1000105000107,1000105000016,47000100000505,47000100000505,1000105000000,1000105000109,-1,2,47,0.5641766,70.143524,5688,2.4930015,40.078026,30.277271,85294,0,4,3,-133.97856,76.05786,-68.22774,21,1.2049193,0.01955742,51.47462,52.054333,0.03232287,0.0020685473,0.0,0.0,0.0,0.0,8.9561974E-5,2.6605535E-6,0.0,0.0,0.0,9.2722876E-5,0.0,41.273937,0.0033034622,0.01937291,-13.172911,-13.790434,-14.346926,-14.780444,-15.894961,99.0,99.0,99.0,99.0,99.0,-13.157161,-13.7774515,-14.336422,-14.772804,-15.892728,4.1315928,270
1000105000109,1000105000122,1000105000108,1000105000017,46000100000502,46000100000502,1000105000000,1000105000110,-1,2,46,0.6235901,71.77877,5688,2.5505798,40.052254,30.311354,85294,0,4,3,-122.977516,41.146626,-83.6532,21,1.2049193,0.01955742,51.47462,52.054333,0.03233324,0.0020670956,0.0,0.0,0.0,0.0,8.951428E-5,2.656532E-6,0.0,0.0,0.0,1.5915603E-4,0.0,41.273937,0.0033034622,0.01937291,-13.284602,-13.888889,-14.436498,-14.864877,-15.976264,99.0,99.0,99.0,99.0,99.0,-13.268807,-13.875882,-14.425978,-14.857226,-15.974027,3.7580576,599
1000105000110,1000105000122,1000105000109,1000105000018,45000100000497,45000100000497,1000105000000,1000105000111,-1,2,45,0.6871088,72.295166,5688,2.6057324,40.038925,30.353308,85292,0,4,3,-114.01157,13.687878,-99.61533,21,1.2049193,0.01955742,51.47462,52.054333,0.032350946,0.0020646148,0.0,0.0,0.0,0.0,8.943273E-5,2.6496682E-6,0.0,0.0,0.0,2.7220743E-4,0.0,41.273937,0.0033034622,0.01937291,-13.412098,-13.999478,-14.536502,-14.958614,-16.064354,99.0,99.0,99.0,99.0,99.0,-13.396059,-13.986346,-14.525905,-14.9509115,-16.0621,3.3876874,121
1000105000111,1000105000122,1000105000110,1000105000019,44000100000496,44000100000496,1000105000000,1000105000112,-1,2,44,0.75503564,72.46729,5688,2.6564603,40.036148,30.404854,85292,0,4,3,-94.69235,-1.0173705,-117.23314,21,1.2049193,0.01955742,51.47462,52.054333,0.03238101,0.0020604043,0.0,0.0,0.0,0.0,8.929412E-5,2.6380433E-6,0.0,0.0,0.0,4.6315257E-4,0.0,41.273937,0.0033034622,0.01937291,-13.55859,-14.124469,-14.648954,-15.063801,-16.162281,99.0,99.0,99.0,99.0,99.0,-13.54272,-14.111415,-14.638403,-15.056128,-16.160038,3.0224488,18
1000105000112,1000105000122,1000105000111,1000105000020,43000100000485,43000100000485,1000105000000,1000105000113,-1,2,43,0.8276991,67.81975,5688,2.6978521,40.042004,30.4663,85294,0,4,3,-73.286095,-22.547108,-132.12102,21,1.2049193,0.01955742,51.47462,52.054333,0.032431595,0.0020533197,0.0,0.0,0.0,0.0,8.90605E-5,2.6185505E-6,0.0,0.0,0.0,7.8258815E-4,0.0,41.273937,0.0033034622,0.01937291,-13.723305,-14.260721,-14.769347,-15.175293,-16.261925,99.0,99.0,99.0,99.0,99.0,-13.707233,-14.247555,-14.75872,-15.167569,-16.259665,2.6645927,446
1000105000113,1000105000122,1000105000112,1000105000021,42000100000470,42000100000470,1000105000000,1000105000114,-1,2,42,0.9054624,63.344334,5688,2.7286336,40.05833,30.537323,85294,0,4,3,-41.238926,-41.247246,-149.79338,21,1.2049193,0.01955742,51.47462,52.054333,0.032515828,0.0020415236,0.0,0.0,0.0,0.0,8.867017E-5,2.5862762E-6,0.0,0.0,0.0,0.001310762,0.0,41.273937,0.0033034622,0.01937291,-13.905115,-14.406159,-14.894776,-15.289865,-16.36104,99.0,99.0,99.0,99.0,99.0,-13.887922,-14.392376,-14.883753,-15.281873,-16.358694,2.316603,755
1000105000114,1000105000122,1000105000113,1000105000022,41000100000514,41000100000514,1000105000000,1000105000115,-1,2,41,0.98870814,55.68449,5688,2.7414193,40.081776,30.616638,85294,0,4,3,-9.28046,-49.613895,-158.98932,21,1.2049193,0.01955742,51.47462,52.054333,0.032654356,0.0020221234,0.0,0.0,0.0,0.0,8.8024746E-5,2.5336922E-6,0.0,0.0,0.0,0.002172643,0.0,41.273937,0.0033034622,0.01937291,-14.115862,-14.577032,-15.043428,-15.426142,-16.47775,99.0,99.0,99.0,99.0,99.0,-14.099172,-14.563485,-15.032541,-15.41824,-16.475435,1.981279,189
1000105000115,1000105000122,1000105000114,1000105000023,40000100000468,40000100000468,1000105000000,1000105000116,-1,2,40,1.0778745,51.983665,5688,2.737974,40.111126,30.703278,85294,0,4,3,23.699022,-62.276325,-171.65047,21,1.2049193,0.01955742,51.47462,52.054333,0.032879055,0.0019906552,0.0,0.0,0.0,0.0,8.696874E-5,2.4497012E-6,0.0,0.0,0.0,0.0035584283,0.0,41.273937,0.0033034622,0.01937291,-14.353224,-14.769545,-15.209901,-15.577421,-16.603458,99.0,99.0,99.0,99.0,99.0,-14.336693,-14.756046,-15.199027,-15.569523,-16.601147,1.6615348,795
1000105000116,1000105000122,1000105000115,1000105000024,39000100000485,39000100000485,1000105000000,1000105000117,-1,2,39,1.173417,50.52055,5688,2.7130694,40.147827,30.797565,85294,0,4,3,63.30768,-72.5874,-180.978,21,1.2049193,0.01955742,51.47462,52.054333,0.033237893,0.0019404014,0.0,0.0,0.0,0.0,8.525908E-5,2.3188895E-6,0.0,0.0,0.0,0.0057506743,0.0,41.273937,0.0033034622,0.01937291,-14.594632,-14.955583,-15.360089,-15.704858,-16.686544,99.0,99.0,99.0,99.0,99.0,-14.579656,-14.943471,-15.350382,-15.697818,-16.684483,1.3604109,984
1000105000117,1000105000122,1000105000116,1000105000025,38000100000446,38000100000446,1000105000000,1000105000118,-1,2,38,1.2758462,50.606613,5688,2.6683898,40.192566,30.902636,85294,0,4,3,102.960144,-91.932724,-203.19795,21,1.2049193,0.01955742,51.47462,52.054333,0.03380138,0.001861486,0.0,0.0,0.0,0.0,8.251731E-5,2.1216115E-6,0.0,0.0,0.0,0.009158335,0.0,41.273937,0.0033034622,0.01937291,-14.83591,-15.137401,-15.499171,-15.81568,-16.729454,99.0,99.0,99.0,99.0,99.0,-14.820214,-15.124769,-15.489077,-15.808365,-16.72731,1.080747,687
1000105000118,1000105000122,1000105000117,1000105000026,37000100000455,37000100000455,1000105000000,1000105000119,-1,2,37,1.3857181,52.586124,5688,2.5975626,40.257812,31.02205,85294,0,4,3,148.6118,-146.04797,-226.8641,21,1.2049193,0.01955742,51.47462,52.054333,0.034670353,0.0017397861,0.0,0.0,0.0,0.0,7.8154844E-5,1.8365193E-6,0.0,0.0,0.0,0.014357478,0.0,41.273937,0.0033034622,0.01937291,-15.078986,-15.31273,-15.622295,-15.903153,-16.724054,99.0,99.0,99.0,99.0,99.0,-15.066368,-15.302339,-15.613894,-15.897044,-16.72227,0.8249706,593
1000105000119,1000105000122,1000105000118,1000105000027,36000100000414,36000100000414,1000105000000,1000105000120,-1,2,36,1.5036365,50.176285,5688,2.5184557,40.367325,31.17788,85294,0,4,3,85.728134,-251.52716,-361.93857,21,1.2049193,0.01955742,51.47462,52.054333,0.035985004,0.0015556714,0.0,0.0,0.0,0.0,7.125338E-5,1.4481576E-6,0.0,0.0,0.0,0.02213597,0.0,41.273937,0.0033034622,0.01937291,-15.289951,-15.4486065,-15.702144,-15.950318,-16.701378,99.0,99.0,99.0,99.0,99.0,-15.279024,-15.439783,-15.695085,-15.945205,-16.69988,0.5948467,733
1000105000120,1000105000122,1000105000119,1000105000028,35000100000458,35000100000458,1000105000000,1000105000121,-1,2,35,1.6302707,46.819725,27079,2.557432,40.478764,31.398521,197642,0,4,3,-151.51152,-134.06503,-331.75073,21,1.2049193,0.01955742,51.47462,52.054333,0.03793453,0.001282643,0.0,0.0,0.0,0.0,6.037546E-5,9.63731E-7,0.0,0.0,0.0,0.03353805,0.0,41.273937,0.0033034622,0.01937291,-15.462151,-15.555641,-15.764962,-15.986984,-16.676386,99.0,99.0,99.0,99.0,99.0,-15.453476,-15.548632,-15.7593565,-15.982932,-16.675203,0.39127234,260
1000105000121,1000105000122,1000105000120,1000105000029,34000100000456,34000100000456,1000105000000,1000105000122,-1,2,34,1.766336,41.913982,27079,2.628331,40.55377,31.549587,197642,0,4,3,-100.837616,-150.38078,-207.71048,21,1.2049193,0.01955742,51.47462,52.054333,0.040765915,8.8610826E-4,0.0,0.0,0.0,0.0,4.3279688E-5,4.4425914E-7,0.0,0.0,0.0,0.04990444,0.0,41.273937,0.0033034622,0.01937291,-15.506818,-15.530472,-15.699461,-15.889272,-16.488564,99.0,99.0,99.0,99.0,99.0,-15.500744,-15.525649,-15.695652,-15.886549,-16.487778,0.21434352,193
1000105000122,1000105000122,1000105000121,1000105000068,33000600003610,33000600003610,1000105000000,-1,-1,0,33,1.9126327,1.2049193,27079,2.6757,40.605038,31.667337,197642,0,4,3,-116.6344,-86.2952,-196.71696,21,1.2049193,0.01955742,51.47462,52.054333,0.04479179,3.2228624E-4,0.0,0.018997416,0.026502771,0.0,1.6512746E-5,5.3971984E-8,0.0,2.1820351E-7,1.7751486E-7,0.02994683,0.0,41.273937,0.0033034622,0.01937291,-15.095085,-14.967402,-15.014624,-15.048146,-15.235862,99.0,99.0,99.0,99.0,99.0,-15.093874,-14.966435,-15.013854,-15.047592,-15.235696,0.06496258,944
1000105000123,1000105000155,-1,1000105000000,63000100000560,63000100000560,1000105000000,1000105000124,-1,2,63,0.0,78.233696,5688,2.2351406,40.23373,29.674051,85290,0,4,3,-101.978035,21.08726,-163.32794,22,1.8934454,0.03383957,49.055077,72.08348,0.027685873,0.062348705,0.0,0.0,0.0,0.0,5.5936945E-4,3.953002E-4,0.0,0.0,0.0,5.803707E-5,0.0,0.0,0.0029694499,0.043321162,-15.994436,-16.778818,-17.443226,-17.988844,-19.36251,99.0,99.0,99.0,99.0,99.0,-15.844281,-16.654556,-17.342342,-17.915178,-19.340816,7.0205917,345
1000105000124,1000105000155,1000105000123,1000105000001,62000100000562,62000100000562,1000105000000,1000105000125,-1,2,62,0.019932542,78.40582,5688,2.2585826,40.226273,29.703121,85290,0,4,3,-132.48465,53.609768,-125.9513,22,1.8934454,0.03383957,49.055077,72.08348,0.027690412,0.06234807,0.0,0.0,0.0,0.0,5.594276E-4,3.9528732E-4,0.0,0.0,0.0,8.753979E-5,0.0,0.0,0.0029694499,0.043321162,-16.033821,-16.814129,-17.4751,-18.017166,-19.387188,99.0,99.0,99.0,99.0,99.0,-15.883638,-16.689846,-17.374199,-17.943485,-19.36549,6.757227,427
1000105000125,1000105000155,1000105000124,1000105000002,61000100000572,61000100000572,1000105000000,1000105000126,-1,2,61,0.041403063,78.49189,5688,2.2891035,40.21176,29.723099,85290,0,4,3,-151.41586,81.0091,-59.91501,22,1.8934454,0.03383957,49.055077,72.08348,0.027697584,0.06234707,0.0,0.0,0.0,0.0,5.5951934E-4,3.95267E-4,0.0,0.0,0.0,1.3457473E-4,0.0,0.0,0.0029694499,0.043321162,-16.075512,-16.850754,-17.507437,-18.044992,-19.409721,99.0,99.0,99.0,99.0,99.0,-15.925289,-16.726439,-17.406507,-17.971292,-19.388018,6.481477,245
1000105000126,1000105000155,1000105000125,1000105000003,60000100000544,60000100000544,1000105000000,1000105000127,-1,2,60,0.064493395,77.889435,5688,2.323289,40.189068,29.72423,85290,0,4,3,-138.9871,119.43454,64.65046,22,1.8934454,0.03383957,49.055077,72.08348,0.027709093,0.06234546,0.0,0.0,0.0,0.0,5.5966695E-4,3.9523447E-4,0.0,0.0,0.0,2.1063664E-4,0.0,0.0,0.0029694499,0.043321162,-16.119612,-16.888536,-17.540178,-18.072529,-19.431154,99.0,99.0,99.0,99.0,99.0,-15.969173,-16.764101,-17.439165,-17.998768,-19.409426,6.193785,885
1000105000127,1000105000155,1000105000126,1000105000004,59000100000506,59000100000506,1000105000000,1000105000128,-1,2,59,0.08928783,76.59845,5688,2.3329122,40.15788,29.693892,85290,0,4,3,39.709213,113.49425,79.93228,22,1.8934454,0.03383957,49.055077,72.08348,0.027727826,0.062342837,0.0,0.0,0.0,0.0,5.5990735E-4,3.951815E-4,0.0,0.0,0.0,3.3543623E-4,0.0,0.0,0.0029694499,0.043321162,-16.167253,-16.92868,-17.574709,-18.101639,-19.454308,99.0,99.0,99.0,99.0,99.0,-16.016708,-16.804161,-17.473625,-18.027822,-19.432562,5.89473,535
1000105000128,1000105000155,1000105000127,1000105000005,58000100000484,58000100000484,1000105000000,1000105000129,-1,2,58,0.11588337,75.82385,5688,2.3218246,40.134834,29.691143,85290,0,4,3,37.87929,70.14508,-39.80579,22,1.8934454,0.03383957,49.055077,72.08348,0.027758747,0.062338505,0.0,0.0,0.0,0.0,5.6030374E-4,3.9509404E-4,0.0,0.0,0.0,5.429846E-4,0.0,0.0,0.0029694499,0.043321162,-16.221506,-16.975197,-17.615862,-18.13852,-19.488222,99.0,99.0,99.0,99.0,99.0,-16.070072,-16.850191,-17.514412,-18.064404,-19.466318,5.584868,12
1000105000129,1000105000155,1000105000128,1000105000006,57000100000480,57000100000480,1000105000000,1000105000130,-1,2,57,0.14438343,76.51238,5688,2.3137243,40.11951,29.710697,85290,0,4,3,20.519678,42.983475,-100.62001,22,1.8934454,0.03383957,49.055077,72.08348,0.02781047,0.06233127,0.0,0.0,0.0,0.0,5.609662E-4,3.949479E-4,0.0,0.0,0.0,8.925791E-4,0.0,0.0,0.0029694499,0.043321162,-16.286976,-17.033684,-17.669994,-18.189808,-19.540092,99.0,99.0,99.0,99.0,99.0,-16.134966,-16.908295,-17.568226,-18.115437,-19.518068,5.2649117,696
1000105000130,1000105000155,1000105000129,1000105000007,56000100000500,56000100000500,1000105000000,1000105000131,-1,2,56,0.17489761,77.7173,5688,2.3106596,40.111435,29.74581,85290,0,4,3,2.7797961,14.453543,-144.41353,22,1.8934454,0.03383957,49.055077,72.08348,0.027898045,0.062319007,0.0,0.0,0.0,0.0,5.620861E-4,3.9470065E-4,0.0,0.0,0.0,0.0014882986,0.0,0.0,0.0029694499,0.043321162,-16.36337,-17.10234,-17.734026,-18.250725,-19.601881,99.0,99.0,99.0,99.0,99.0,-16.211693,-16.976952,-17.63223,-18.176367,-19.579945,4.9356823,987
1000105000131,1000105000155,1000105000130,1000105000008,55000100000490,55000100000490,1000105000000,1000105000132,-1,2,55,0.20754863,76.94271,5688,2.3127532,40.111897,29.79675,85290,0,4,3,-16.363834,-15.128579,-189.44083,22,1.8934454,0.03383957,49.055077,72.08348,0.02804801,0.06229801,0.0,0.0,0.0,0.0,5.6399946E-4,3.9427791E-4,0.0,0.0,0.0,0.002514372,0.0,0.0,0.0029694499,0.043321162,-16.45767,-17.188324,-17.815546,-18.329731,-19.683573,99.0,99.0,99.0,99.0,99.0,-16.304901,-17.06212,-17.713087,-18.254866,-19.66145,4.5981297,97
1000105000132,1000105000155,1000105000131,1000105000009,54000100000505,54000100000505,1000105000000,1000105000133,-1,2,54,0.24246909,76.85664,5688,2.3230228,40.12274,29.865881,85290,0,4,3,-50.91412,-53.948116,-246.80008,22,1.8934454,0.03383957,49.055077,72.08348,0.028307457,0.06226167,0.0,0.0,0.0,0.0,5.672957E-4,3.9354854E-4,0.0,0.0,0.0,0.004298422,0.0,0.0,0.0029694499,0.043321162,-16.574194,-17.294277,-17.915565,-18.425728,-19.777832,99.0,99.0,99.0,99.0,99.0,-16.420351,-17.16708,-17.81229,-18.350279,-19.755568,4.253409,610
1000105000133,1000105000155,1000105000132,1000105000010,53000100000536,53000100000536,1000105000000,1000105000134,-1,2,53,0.2798018,77.11484,5688,2.3520033,40.15041,29.961063,85290,0,4,3,-133.09692,-119.16055,-330.28177,22,1.8934454,0.03383957,49.055077,72.08348,0.028760273,0.062198255,0.0,0.0,0.0,0.0,5.7300716E-4,3.922815E-4,0.0,0.0,0.0,0.007425553,0.0,0.0,0.0029694499,0.043321162,-16.7047,-17.407116,-18.016794,-18.516283,-19.857874,99.0,99.0,99.0,99.0,99.0,-16.56714,-17.294237,-17.925215,-18.449253,-19.837837,3.9029813,983
1000105000134,1000105000155,1000105000133,1000105000011,52000100000534,52000100000534,1000105000000,1000105000135,-1,2,52,0.31970343,77.200905,5688,2.4067433,40.230812,30.071405,85290,0,4,3,-80.07954,-312.65823,-189.07274,22,1.8934454,0.03383957,49.055077,72.08348,0.029556548,0.062086735,0.0,0.0,0.0,0.0,5.82925E-4,3.9007157E-4,0.0,0.0,0.0,0.0129431,0.0,0.0,0.0029694499,0.043321162,-16.864542,-17.544733,-18.140732,-18.627893,-19.960606,99.0,99.0,99.0,99.0,99.0,-16.722652,-17.428465,-18.046404,-18.5588,-19.939886,3.5487118,657
1000105000135,1000105000155,1000105000134,1000105000012,51000100000530,51000100000530,1000105000000,1000105000136,-1,2,51,0.36234027,75.651726,5688,2.4136534,40.313564,30.126066,85290,0,4,3,-6.0686827,-163.77713,-135.30518,22,1.8934454,0.03383957,49.055077,72.08348,0.030965058,0.061889473,0.0,0.0,0.0,0.0,6.000876E-4,3.8621694E-4,0.0,0.0,0.0,0.022727573,0.0,0.0,0.0029694499,0.043321162,-17.053053,-17.700834,-18.27915,-18.753494,-20.073503,99.0,99.0,99.0,99.0,99.0,-16.904894,-17.57927,-18.18051,-18.681253,-20.051882,3.1931117,743
1000105000136,1000105000155,1000105000135,1000105000013,50000100000522,50000100000522,1000105000000,1000105000137,-1,2,50,0.40789944,74.01648,5688,2.423796,40.372284,30.176981,85290,0,4,3,-41.693768,-144.72314,-138.16353,22,1.8934454,0.03383957,49.055077,72.08348,0.033467565,0.061539005,0.0,0.0,0.0,0.0,6.2944036E-4,3.7953162E-4,0.0,0.0,0.0,0.040136818,0.0,0.0,0.0029694499,0.043321162,-17.260967,-17.8599,-18.411982,-18.869205,-20.170683,99.0,99.0,99.0,99.0,99.0,-17.086983,-17.72062,-18.29876,-18.784904,-20.143185,2.839541,198
1000105000137,1000105000155,1000105000136,1000105000014,49000100000513,49000100000513,1000105000000,1000105000138,-1,2,49,0.45657724,71.6927,5688,2.4442058,40.426525,30.242018,85290,0,4,3,-36.58381,-93.61798,-187.53677,22,1.8934454,0.03383957,49.055077,72.08348,0.03792506,0.06091474,0.0,0.0,0.0,0.0,6.7840144E-4,3.680983E-4,0.0,0.0,0.0,0.071160674,0.0,0.0,0.0029694499,0.043321162,-17.517626,-18.063124,-18.587553,-19.028265,-20.312372,99.0,99.0,99.0,99.0,99.0,-17.358473,-17.933126,-18.482054,-18.950752,-20.28881,2.4927518,165
1000105000138,1000105000155,1000105000137,1000105000015,48000100000514,48000100000514,1000105000000,1000105000139,-1,2,48,0.5085914,69.97139,5688,2.4481363,40.44043,30.315674,85294,0,4,3,19.54443,13.458449,-161.44173,22,1.8934454,0.03383957,49.055077,72.08348,0.045871243,0.05980188,0.0,0.0,0.0,0.0,7.5644575E-4,3.4903342E-4,0.0,0.0,0.0,0.12642951,0.0,0.0,0.0029694499,0.043321162,-17.825031,-18.30185,-18.789305,-19.210463,-20.471544,99.0,99.0,99.0,99.0,99.0,-17.63944,-18.154097,-18.66912,-19.120407,-20.441374,2.1594725,873
1000105000139,1000105000155,1000105000138,1000105000016,47000100000505,47000100000505,1000105000000,1000105000140,-1,2,47,0.5641766,70.143524,5688,2.434723,40.42643,30.380995,85294,0,4,3,15.40055,45.624756,-145.46713,22,1.8934454,0.03383957,49.055077,72.08348,0.060020484,0.05782029,0.0,0.0,0.0,0.0,8.7141345E-4,3.184964E-4,0.0,0.0,0.0,0.22467214,0.0,0.0,0.0029694499,0.043321162,-18.16021,-18.562273,-19.005558,-19.400446,-20.621109,99.0,99.0,99.0,99.0,99.0,-17.93829,-18.386301,-18.861979,-19.29174,-20.582848,1.8497376,326
1000105000140,1000105000155,1000105000139,1000105000017,46000100000502,46000100000502,1000105000000,1000105000141,-1,2,46,0.6235901,71.77877,5688,2.434353,40.383736,30.438755,85294,0,4,3,-0.8794032,153.54408,-131.34492,22,1.8934454,0.03383957,49.055077,72.08348,0.08513875,0.0543025,0.0,0.0,0.0,0.0,0.0010180866,2.7241666E-4,0.0,0.0,0.0,0.39857072,0.0,0.0,0.0029694499,0.043321162,-18.481884,-18.780424,-19.152863,-19.50026,-20.61228,99.0,99.0,99.0,99.0,99.0,-18.26878,-18.607584,-19.012245,-19.395716,-20.578323,1.5799288,831
1000105000141,1000105000155,1000105000140,1000105000018,45000100000497,45000100000497,1000105000000,1000105000142,-1,2,45,0.6871088,72.295166,5688,2.4771764,40.262806,30.505465,85294,0,4,3,-248.39778,320.27524,-90.960724,22,1.8934454,0.03383957,49.055077,72.08348,0.1295039,0.0480892,0.0,0.0,0.0,0.0,0.0011512476,2.087948E-4,0.0,0.0,0.0,0.70448476,0.0,0.0,0.0029694499,0.043321162,-18.809158,-19.017767,-19.33004,-19.642977,-20.676506,99.0,99.0,99.0,99.0,99.0,-18.541096,-18.80329,-19.155449,-19.51085,-20.627445,1.3829247,990
1000105000142,1000105000155,1000105000141,1000105000069,44000100000497,44000100000496,1000105000000,1000105000143,-1,1,44,0.75503564,72.46729,5688,2.5526156,40.15852,30.545523,85294,0,4,3,-115.97382,155.79176,-53.228916,22,1.8934454,0.03383957,49.055077,72.08348,0.20731351,0.03719203,0.0,0.0,0.0,0.0,0.0011300168,1.3306356E-4,0.0,0.0,0.0,1.2382486,0.0,0.0,0.0029694499,0.043321162,-19.046675,-19.197979,-19.472462,-19.761765,-20.727518,99.0,99.0,99.0,99.0,99.0,-18.851854,-19.0401,-19.34385,-19.664618,-20.691912,1.3568006,959
1000105000143,1000105000155,1000105000142,1000105000070,43000100001560,43000100001560,1000105000000,1000105000144,-1,0,43,0.8276991,4.3032837,5688,2.6015527,40.08855,30.562887,85294,0,4,3,-77.72693,118.21913,-50.859272,40,4.3032837,0.043321162,65.36118,67.006966,0.3425504,0.018252235,0.0,0.0,0.1320157,0.0,6.1059516E-4,6.919798E-5,0.0,0.0,3.1960684E-5,0.2378802,0.0,0.0,0.005448403,0.043321162,-18.141468,-18.221142,-18.460405,-18.686417,-19.535404,99.0,99.0,99.0,99.0,99.0,-18.12103,-18.205135,-18.44787,-18.67727,-19.53255,2.188695,790
1000105000144,1000105000155,1000105000143,1000105000071,42000100000471,42000100000470,1000105000000,1000105000145,-1,1,42,0.9054624,63.344334,5688,2.6267858,40.031727,30.587957,85292,0,4,3,-64.3738,95.39152,-57.732555,35,3.0122995,0.037384048,58.86754,70.637764,0.08490352,0.014666609,0.0,0.0,0.0,0.0,4.6347667E-4,5.9560178E-5,0.0,0.0,0.0,0.010527056,0.0,0.0,0.007262444,0.0351976,-16.114573,-16.624968,-17.124498,-17.546715,-18.777575,99.0,99.0,99.0,99.0,99.0,-16.10565,-16.61774,-17.118692,-17.5425,-18.776337,2.3424256,747
1000105000145,1000105000155,1000105000144,1000105000072,41000100002209,41000100002209,1000105000000,1000105000146,-1,0,41,0.98870814,2.7541015,5688,2.655179,39.990795,30.619606,85292,0,4,3,-51.3581,76.473976,-60.70349,38,2.7541015,0.0351976,58.010075,70.47126,0.08601602,0.014510801,0.0,0.0,0.16673404,0.0,4.6129766E-4,5.8717524E-5,0.0,0.0,2.4219565E-4,0.0804277,0.0,0.0,0.005798825,0.0351976,-16.68688,-17.032446,-17.439796,-17.8052,-18.926435,99.0,99.0,99.0,99.0,99.0,-16.66397,-17.015215,-17.426447,-17.795483,-18.923342,2.0098877,556
1000105000146,1000105000155,1000105000145,1000105000073,40000100003021,40000100003021,1000105000000,1000105000147,-1,0,40,1.0778745,2.6680357,5688,2.6926935,39.955288,30.653267,85292,0,4,3,-44.092213,64.68959,-61.36085,32,2.6680357,0.033719614,58.33437,78.478,0.09373346,0.013345898,0.0,0.013227879,0.13941754,0.0,4.4111127E-4,5.288974E-5,0.0,1.4843975E-5,1.9205507E-4,1.6293197E-6,0.0,40.8636,0.008455629,0.02308302,-16.201252,-16.67472,-17.14394,-17.54603,-18.73592,99.0,99.0,99.0,99.0,99.0,-16.195326,-16.669836,-17.139988,-17.543158,-18.73508,1.821257,330
1000105000147,1000105000155,1000105000146,1000105000074,39000100002861,39000100002861,1000105000000,1000105000148,-1,0,39,1.173417,2.5819702,5688,2.7145166,39.919056,30.683285,85292,0,4,3,-39.973675,52.970886,-60.744484,34,2.5819702,0.0322302,58.696754,68.10376,0.06525885,0.013345875,0.0,0.0,0.17378192,0.0,4.0861484E-4,5.288963E-5,0.0,0.0,2.3939434E-4,0.1865006,0.0,0.0,0.0034432823,0.0322302,-17.195839,-17.44957,-17.799421,-18.130606,-19.190968,99.0,99.0,99.0,99.0,99.0,-17.137615,-17.403597,-17.762913,-18.103762,-19.182415,1.4818562,843
1000105000148,1000105000155,1000105000147,1000105000075,38000100003133,38000100003133,1000105000000,1000105000149,-1,0,38,1.2758462,2.3237731,5688,2.7293446,39.880463,30.705023,85292,0,4,3,-26.770866,44.145905,-59.015083,32,2.3237731,0.030012183,57.705612,77.28412,0.08352956,0.010786553,0.0,8.765134E-4,0.12487282,0.0,3.717028E-4,3.9395647E-5,0.0,9.0811096E-7,1.5419096E-4,0.0017411533,0.0,43.0267,0.0064722095,0.030141087,-16.16517,-16.619287,-17.076597,-17.461283,-18.60691,99.0,99.0,99.0,99.0,99.0,-16.15608,-16.612122,-17.070917,-17.457172,-18.605707,1.4611713,797
1000105000149,1000105000155,1000105000148,1000105000076,37000100003102,37000100003102,1000105000000,1000105000150,-1,0,37,1.3857181,2.1516418,5688,2.732504,39.85164,30.749092,85292,0,4,3,-20.22536,37.239666,-59.108356,31,2.1516418,0.028158305,57.326008,82.514275,0.03234703,0.010763416,0.0,0.0041107987,0.1552589,0.0,2.924388E-4,3.9293023E-5,0.0,4.1142866E-5,1.9210509E-4,0.0,0.0,40.642204,0.0038822393,0.027577745,-16.40659,-16.821457,-17.251097,-17.62681,-18.780975,99.0,99.0,99.0,99.0,99.0,-16.379189,-16.798853,-17.2328,-17.613497,-18.777082,1.1449381,310
1000105000150,1000105000155,1000105000149,1000105000077,36000100002718,36000100002718,1000105000000,1000105000151,-1,0,36,1.5036365,2.2377074,5688,2.742556,39.834774,30.765013,85292,0,4,3,-9.314661,35.565704,-61.86582,36,2.2377074,0.027409788,59.25415,75.83841,0.030861115,0.010763416,0.0,0.0,0.19649327,0.0,2.8256152E-4,3.9293023E-5,0.0,0.0,2.4312524E-4,0.24069002,0.0,0.0,0.001643162,0.027409788,-17.349638,-17.571033,-17.891768,-18.196457,-19.184143,99.0,99.0,99.0,99.0,99.0,-17.185448,-17.4362,-17.782232,-18.115623,-19.15903,0.8367526,765
1000105000151,1000105000155,1000105000150,1000105000078,35000100002944,35000100002944,1000105000000,1000105000152,-1,0,35,1.6302707,2.3237731,5688,2.7581403,39.82085,30.819265,85292,0,4,3,-2.2610395,33.19812,-65.67175,34,2.3237731,0.026617818,61.274616,65.791,0.05190101,0.007794708,0.0,0.0077481954,0.17168815,0.0,2.7762624E-4,1.8566425E-5,0.0,1.5227957E-5,9.731149E-5,0.009557103,0.0,40.95665,0.0042049573,0.022522848,-16.420177,-16.73867,-17.097525,-17.416548,-18.370079,99.0,99.0,99.0,99.0,99.0,-16.402494,-16.72445,-17.08615,-17.408274,-18.36763,0.7933492,989
1000105000152,1000105000155,1000105000151,1000105000079,34000100002526,34000100002526,1000105000000,1000105000153,-1,0,34,1.766336,2.065576,5688,2.7635992,39.804398,30.836292,85292,0,4,3,-2.9655623,30.825214,-66.41834,35,2.065576,0.024497574,60.218372,71.97813,0.05063883,0.0076817097,0.0,3.8964304E-4,0.21169242,0.0,2.7262964E-4,1.7959748E-5,0.0,3.6684992E-7,1.12195514E-4,0.089096,0.0,38.839764,0.0033286,0.0035454484,-17.041523,-17.240664,-17.524965,-17.807333,-18.696075,99.0,99.0,99.0,99.0,99.0,-17.015553,-17.219402,-17.507818,-17.794838,-18.692389,0.5190224,139
1000105000153,1000105000155,1000105000152,1000105000080,33000100003333,33000100003333,1000105000000,1000105000154,-1,0,33,1.9126327,2.4098387,5688,2.7572043,39.79146,30.891985,85292,0,4,3,-1.1558508,27.933617,-65.87548,28,2.4098387,0.024640806,64.85396,79.96705,0.057822675,0.0066751014,0.0,0.0,0.20712475,0.0,2.548891E-4,1.3067038E-5,0.0,0.0,8.336495E-5,0.24324448,0.0,0.0,0.0027188975,0.024640806,-17.526598,-17.63906,-17.865372,-18.110992,-18.92653,99.0,99.0,99.0,99.0,99.0,-17.46273,-17.588634,-17.82578,-18.082092,-18.918058,0.3037611,958
1000105000154,1000105000155,1000105000153,1000105000081,32000100003149,32000100003149,1000105000000,1000105000155,-1,0,32,2.0700274,2.4098387,5688,2.7562017,39.773785,30.938625,85292,0,4,3,-0.9669803,25.167282,-70.38247,28,2.4098387,0.023502054,66.40657,79.72456,0.07614691,0.004057316,0.0,0.015247641,0.17733017,0.0,1.7999536E-4,4.4773774E-6,0.0,4.7706135E-6,2.4299568E-5,0.3504778,0.0,41.25504,0.0028472624,0.013786749,-17.53086,-17.54847,-17.715878,-17.903034,-18.559866,99.0,99.0,99.0,99.0,99.0,-17.486376,-17.514214,-17.689625,-17.884329,-18.554647,0.14982297,204
1000105000155,1000105000155,1000105000154,1000105000082,31000100003020,31000100003020,1000105000000,-1,-1,0,31,2.2394855,1.8073791,5688,2.7669063,39.7921,30.992174,85292,0,4,3,-1.5394028,22.622534,-77.99094,28,1.8073791,0.020331271,61.831863,69.50503,0.08930144,4.7514145E-4,0.0,0.07178431,0.026086207,0.0,2.4514142E-5,6.136498E-8,0.0,3.582783E-7,7.365976E-8,0.04909667,0.0,42.082745,0.005205758,0.020178596,-15.580601,-15.429912,-15.456797,-15.463913,-15.576819,99.0,99.0,99.0,99.0,99.0,-15.580249,-15.429636,-15.456577,-15.463756,-15.57677,0.06154034,975