galaxyID,lastProgenitorId,descendantId,haloID,subHaloID,fofID,treeId,firstProgenitorId,nextProgenitorId,type,snapnum,redshift,centralMvir,phkey,x,y,z,zIndex,ix,iy,iz,velX,velY,velZ,np,mvir,rvir,vvir,vmax,coldGas,stellarMass,bulgeMass,hotGas,ejectedMass,blackHoleMass,metalsColdGas,metalsStellarMass,metalsBulgeMass,metalsHotGas,metalsEjectedMass,sfr,sfrBulge,xrayLum,diskRadius,coolingRadius,mag_b,mag_v,mag_r,mag_i,mag_k,mag_bBulge,mag_vBulge,mag_rBulge,mag_iBulge,mag_kBulge,mag_bDust,mag_vDust,mag_rDust,mag_iDust,mag_kDust,massWeightedAge,random
1000101000000,1000101000113,-1,1000101000000,63000100000553,63000100000553,1000101000000,1000101000001,-1,0,63,0.0,79.52468,6592,31.075552,40.566994,30.13623,89963,3,4,3,340.19397,154.10748,45.00134,1129,79.52468,0.15066548,150.66559,170.51389,1.1589316,3.767467,0.09763933,5.551807,2.423338,0.0010350514,0.025314564,0.055155966,4.6777521E-4,0.08740786,0.03138112,4.063131,0.0,43.801975,0.009931408,0.09563798,-21.197454,-21.704967,-22.25556,-22.774422,-24.23472,-16.03294,-16.82571,-17.501078,-18.049082,-19.381989,-20.66207,-21.299547,-21.935677,-22.540571,-24.16205,7.0524044,618
1000101000001,1000101000113,1000101000000,1000101000001,62000100000552,62000100000552,1000101000000,1000101000002,-1,0,62,0.019932542,79.26648,6592,31.008696,40.541676,30.125658,89963,3,4,3,337.20944,151.59322,44.404556,1116,79.26648,0.14974491,150.88245,172.21986,1.1138824,3.7229292,0.09763933,5.674699,2.4513228,0.0010345984,0.024378747,0.05418911,4.6777521E-4,0.08605821,0.031230612,3.9841337,0.0,43.817287,0.009661206,0.09520504,-21.208227,-21.717896,-22.268375,-22.786495,-24.245552,-16.055878,-16.847702,-17.522305,-18.069626,-19.401577,-20.692905,-21.322826,-21.954754,-22.556417,-24.173803,6.871781,498
1000101000002,1000101000113,1000101000001,1000101000002,61000100000557,61000100000557,1000101000000,1000101000003,-1,0,61,0.041403063,78.75009,6592,30.93499,40.510612,30.111355,89963,3,4,3,331.56677,148.8836,43.638626,1126,78.75009,0.14858912,150.97394,177.81871,1.0658383,3.6771977,0.09763933,5.643205,2.4923232,0.0010341285,0.0234535,0.053191204,4.6777521E-4,0.08560351,0.031200947,4.580284,0.0,43.82406,0.008468911,0.09485624,-21.269728,-21.762503,-22.304958,-22.818163,-24.270092,-16.080318,-16.871023,-17.544743,-18.091213,-19.421906,-20.572886,-21.217264,-21.866222,-22.492039,-24.164679,6.679694,801
1000101000003,1000101000113,1000101000002,1000101000003,60000100000529,60000100000529,1000101000000,1000101000004,-1,0,60,0.064493395,79.52468,6592,30.855452,40.477123,30.100597,89963,3,4,3,326.81357,146.06058,42.432716,1118,79.52468,0.14816178,151.93326,182.89865,1.0517317,3.6223376,0.09763933,5.8322186,2.507531,0.0010336267,0.023144115,0.05199314,4.6777521E-4,0.08467392,0.03074987,4.815168,0.0,43.845333,0.00812679,0.09380921,-21.299603,-21.78687,-22.326405,-22.837538,-24.285797,-16.10623,-16.895653,-17.568323,-18.11381,-19.443075,-20.605253,-21.233171,-21.877522,-22.503355,-24.179419,6.490832,727
1000101000004,1000101000113,1000101000003,1000101000004,59000100000496,59000100000496,1000101000000,1000101000005,-1,0,59,0.08928783,78.664024,6592,30.778446,40.443947,30.091658,89963,3,4,3,321.29346,144.19623,41.796955,1089,78.664024,0.14662972,151.89626,173.68141,1.0571264,3.5623672,0.09763933,5.7298174,2.5221493,0.001033097,0.023282379,0.050681192,4.6777521E-4,0.08316565,0.030274387,5.714479,0.0,43.844135,0.007384764,0.0930296,-21.356186,-21.827986,-22.361633,-22.869362,-24.311184,-16.133663,-16.9216,-17.593084,-18.137424,-19.465017,-20.487871,-21.134792,-21.792696,-22.435505,-24.155651,6.2982593,962
1000101000005,1000101000113,1000101000004,1000101000005,58000100000483,58000100000483,1000101000000,1000101000006,-1,0,58,0.11588337,78.75009,6592,30.690834,40.41053,30.078526,89963,3,4,3,312.27332,139.30986,39.46565,1063,78.75009,0.14559463,152.5186,167.75764,1.1407279,3.488595,0.09763933,5.7748957,2.4859023,0.001032545,0.024563225,0.049084924,4.6777521E-4,0.080847286,0.029023966,4.99916,0.0,43.851765,0.008616318,0.09153652,-21.3126,-21.80297,-22.34434,-22.854528,-24.2971,-16.162722,-16.948929,-17.619028,-18.162022,-19.487745,-20.660257,-21.289438,-21.921583,-22.52739,-24.164871,6.1178627,897
1000101000006,1000101000113,1000101000005,1000101000006,57000100000478,57000100000478,1000101000000,1000101000007,-1,0,57,0.14438343,78.664024,6592,30.603258,40.374664,30.068987,89963,3,4,3,308.83008,137.29845,39.901188,1063,78.664024,0.14435422,153.08876,174.95822,1.1550552,3.4219081,0.09763933,5.8030996,2.4996433,0.0010319649,0.024938717,0.04765774,4.6777521E-4,0.078910224,0.028500771,5.952089,0.0,43.85907,0.007906163,0.09013686,-21.369648,-21.847685,-22.384933,-22.892195,-24.329538,-16.193434,-16.977692,-17.64621,-18.1877,-19.511293,-20.636572,-21.26255,-21.901516,-22.519918,-24.191164,5.91337,987
1000101000007,1000101000113,1000101000006,1000101000007,56000100000494,56000100000494,1000101000000,1000101000008,-1,0,56,0.17489761,77.28697,6592,30.513144,40.337082,30.05697,89963,3,4,3,304.65656,134.11183,38.105404,1080,77.28697,0.14222126,152.87654,180.76427,1.2745229,3.3401213,0.09763933,5.570992,2.4644418,0.0010313714,0.02681124,0.04592272,4.6777521E-4,0.075712204,0.027253762,5.244124,0.0,43.84259,0.009423179,0.08856245,-21.323446,-21.825651,-22.373075,-22.883053,-24.3258,-16.226122,-17.008142,-17.674837,-18.214676,-19.536304,-20.732937,-21.357105,-21.985561,-22.584055,-24.21368,5.723815,932
1000101000008,1000101000113,1000101000007,1000101000008,55000100000480,55000100000480,1000101000000,1000101000009,-1,0,55,0.20754863,75.73779,6592,30.418364,40.297832,30.043211,89963,3,4,3,296.45053,130.66212,37.05616,1084,75.73779,0.13987611,152.59999,175.58437,1.3432692,3.2661147,0.09763933,5.3094606,2.4724262,0.0010307807,0.027656121,0.044388942,4.6777521E-4,0.07334057,0.026414977,4.1482396,0.0,43.82894,0.0114097595,0.08731886,-21.299854,-21.821844,-22.371431,-22.877651,-24.31389,-16.261595,-17.041023,-17.705719,-18.24388,-19.563814,-20.855469,-21.47059,-22.07881,-22.649132,-24.222946,5.510468,465
1000101000009,1000101000113,1000101000008,1000101000009,54000100000496,54000100000496,1000101000000,1000101000010,-1,0,54,0.24246909,76.426315,6592,30.330166,40.251125,30.037573,89963,3,4,3,293.98734,129.93071,36.809994,1058,76.426315,0.13878745,153.8921,173.10904,1.2891746,3.2061694,0.09763933,5.4574547,2.5597808,0.0010301729,0.026820883,0.0431582,4.6777521E-4,0.0721396,0.026520811,5.7339563,0.0,43.85228,0.009054299,0.085671954,-21.472466,-21.942118,-22.463202,-22.953121,-24.367718,-16.299751,-17.076223,-17.738699,-18.27504,-19.59306,-20.916403,-21.486488,-22.088673,-22.672308,-24.277302,5.262984,184
1000101000010,1000101000113,1000101000009,1000101000010,53000100000535,53000100000535,1000101000000,1000101000011,-1,0,53,0.2798018,76.34025,6592,30.236494,40.209595,30.026512,89962,3,4,3,287.32892,126.72896,35.660168,1034,76.34025,0.13709958,154.7493,177.44092,1.3985536,3.121573,0.09763933,5.4089594,2.5729809,0.001029537,0.028389078,0.04142989,4.6777521E-4,0.06873314,0.025626374,11.658788,2.8422333E-5,43.85147,0.0074811354,0.08316042,-21.687328,-22.091423,-22.580063,-23.05096,-24.43773,-16.340525,-17.113663,-17.77372,-18.308098,-19.624062,-20.79513,-21.354416,-21.959337,-22.566534,-24.253204,5.0461693,150
1000101000011,1000101000084,1000101000010,1000101000011,52000100000521,52000100000521,1000101000000,1000101000012,1000101000085,0,52,0.31970343,77.200905,6592,30.141651,40.165634,30.00945,89962,3,4,3,281.1684,122.84282,37.02351,1052,77.200905,0.13583922,156.33945,177.49045,2.0777946,2.9246101,0.07576992,5.3861184,2.2147706,8.014196E-4,0.036235012,0.038079202,3.8492365E-4,0.05943021,0.020565884,9.007626,6.745501E-6,43.913403,0.014090179,0.0774838,-21.594954,-21.99826,-22.483063,-22.947231,-24.31656,-16.065071,-16.842459,-17.504864,-18.042444,-19.367538,-21.222275,-21.701378,-22.232443,-22.74647,-24.226221,4.951534,93
1000101000012,1000101000057,1000101000011,1000101000012,51000100000516,51000100000516,1000101000000,1000101000013,1000101000058,0,51,0.36234027,77.45911,6592,30.035593,40.12373,29.997606,89962,3,4,3,275.08694,119.70442,37.727688,1049,77.45911,0.13407746,157.62617,177.10257,2.349503,2.7644897,0.052931003,5.4668565,1.996059,5.5288017E-4,0.038077388,0.035721093,2.9120655E-4,0.0548948,0.017748768,6.24796,0.0,44.001476,0.014951791,0.07423288,-21.440445,-21.878536,-22.381989,-22.85753,-24.247385,-15.679657,-16.461311,-17.126253,-17.66784,-19.005991,-21.153742,-21.652025,-22.197985,-22.71966,-24.201492,4.7965283,810
1000101000013,1000101000057,1000101000012,1000101000013,50000100000511,50000100000511,1000101000000,1000101000014,-1,0,50,0.40789944,75.47959,6592,29.927015,40.080032,29.980928,89962,3,4,3,269.22876,114.650635,36.77334,1019,75.47959,0.13088775,157.48357,179.71417,2.3478518,2.6681418,0.052931003,5.2799473,1.9497099,5.5250636E-4,0.03712106,0.03418626,2.9120655E-4,0.053174272,0.016873112,7.4151344,0.0,44.002125,0.013288048,0.07317469,-21.515486,-21.926037,-22.414333,-22.88009,-24.254414,-15.727242,-16.505186,-17.1677,-17.706863,-19.043228,-21.153427,-21.638954,-22.18057,-22.704317,-24.195112,4.592441,491
1000101000014,1000101000057,1000101000013,1000101000014,49000100000506,49000100000506,1000101000000,1000101000015,-1,0,49,0.45657724,74.87714,6592,29.817657,40.036495,29.965181,89960,3,4,3,264.8865,111.57266,36.04566,1005,74.87714,0.12836204,158.38945,175.27719,2.4591522,2.5528095,0.052931003,5.311149,1.8249204,5.521262E-4,0.036749933,0.032422904,2.9120655E-4,0.050869446,0.015219521,7.1218123,0.0,44.021366,0.014216834,0.071389906,-21.495613,-21.901415,-22.385168,-22.847298,-24.215881,-15.773915,-16.547207,-17.206522,-17.74269,-19.076412,-21.201946,-21.67007,-22.197725,-22.706964,-24.168964,4.4176106,508
1000101000015,1000101000057,1000101000014,1000101000015,48000100000512,48000100000512,1000101000000,1000101000016,-1,0,48,0.5085914,76.77058,6592,29.706991,39.98843,29.956556,89960,3,4,3,258.7308,108.17635,34.14824,980,76.77058,0.12709239,161.17868,176.49614,2.4739912,2.4414346,0.052931003,5.841677,1.7168163,5.5171334E-4,0.035515342,0.03080591,2.9120655E-4,0.049042393,0.014004988,7.8029037,0.0,44.079773,0.013483595,0.0690409,-21.51449,-21.904476,-22.380543,-22.837605,-24.19771,-15.824539,-16.593418,-17.24968,-17.783312,-19.11622,-21.151289,-21.62194,-22.151085,-22.663519,-24.135536,4.234712,157
1000101000016,1000101000057,1000101000015,1000101000016,47000100000497,47000100000497,1000101000000,1000101000017,-1,0,47,0.5641766,75.99599,6592,29.59934,39.946712,29.94429,89960,3,4,3,256.85922,112.87518,36.773136,975,75.99599,0.12418055,162.23274,179.46016,2.5298052,2.3191361,0.052931003,5.898446,1.5980837,5.512663E-4,0.034743212,0.029101083,2.9120655E-4,0.04599337,0.013052006,6.156675,0.0,44.098854,0.016118398,0.06675884,-21.384472,-21.79919,-22.286915,-22.749794,-24.117966,-15.878836,-16.643745,-17.297483,-17.829489,-19.163912,-21.156506,-21.624165,-22.146389,-22.64458,-24.082016,4.071375,504
1000101000017,1000101000057,1000101000016,1000101000017,46000100000504,46000100000504,1000101000000,1000101000018,-1,0,46,0.6235901,75.2214,6592,29.4856,39.89863,29.937323,89960,3,4,3,249.86343,109.6881,32.65067,953,75.2214,0.12113584,163.41968,174.15788,2.3635051,2.2227385,0.052931003,6.056764,1.5724609,5.5079826E-4,0.03267993,0.027786097,2.9120655E-4,0.044246078,0.013048773,5.818247,0.0,44.132492,0.0155399125,0.06512009,-21.354187,-21.7735,-22.263634,-22.72715,-24.096302,-15.933927,-16.693624,-17.343315,-17.871664,-19.204401,-21.13835,-21.606136,-22.129116,-22.626898,-24.062944,3.8636122,414
1000101000018,1000101000057,1000101000017,1000101000018,45000100000509,45000100000509,1000101000000,1000101000019,-1,0,45,0.6871088,73.24189,6592,29.371954,39.851864,29.923979,89960,3,4,3,247.51315,107.85688,27.614737,879,73.24189,0.117322914,163.85448,176.81007,2.1211314,2.132038,0.052931003,6.042208,1.5830501,5.50312E-4,0.030660873,0.026519982,2.9120655E-4,0.042240955,0.013495678,5.9676337,0.0,44.150726,0.0137853,0.06358355,-21.350834,-21.769053,-22.259499,-22.721952,-24.088064,-15.990502,-16.74417,-17.388588,-17.911615,-19.239548,-21.08502,-21.559746,-22.090324,-22.595821,-24.04661,3.6455424,501
1000101000019,1000101000057,1000101000018,1000101000019,44000100000538,44000100000538,1000101000000,1000101000020,-1,0,44,0.75503564,64.97958,6599,29.260744,39.80935,29.921375,89953,3,4,3,241.05754,103.058014,23.015915,765,64.97958,0.10996797,159.41359,179.33748,1.9661673,2.0397289,0.052931003,4.862027,1.6025674,5.4986286E-4,0.029520871,0.02516653,2.9120655E-4,0.039273176,0.014015046,5.359764,0.0,44.081,0.013559627,0.06353361,-21.305704,-21.736992,-22.233318,-22.697798,-24.068499,-16.046148,-16.792591,-17.430931,-17.947382,-19.268316,-21.033659,-21.525394,-22.061773,-22.568462,-24.02398,3.4305034,204
1000101000020,1000101000057,1000101000019,1000101000020,43000100000506,43000100000506,1000101000000,1000101000021,-1,0,43,0.8276991,60.159904,6599,29.136152,39.754158,29.919243,89953,3,4,3,235.27126,98.3324,22.465405,741,60.159904,0.10436042,157.4547,177.94264,1.7543999,1.9577475,0.052931003,4.432148,1.6235042,5.4946024E-4,0.027784688,0.023917522,2.9120655E-4,0.037290577,0.014425376,5.9675503,0.0,44.068096,0.011279317,0.06301793,-21.351349,-21.771414,-22.262533,-22.722479,-24.085531,-16.103556,-16.841406,-17.47248,-17.980663,-19.29007,-20.963657,-21.465601,-22.012243,-22.5322,-24.0187,3.199056,108
1000101000021,1000101000057,1000101000020,1000101000021,42000100000517,42000100000517,1000101000000,1000101000022,-1,0,42,0.9054624,55.68449,6599,29.027647,39.69964,29.905764,89953,3,4,3,231.9155,97.93902,23.090256,732,55.68449,0.09884735,155.65195,170.3971,1.6540818,1.867797,0.052931003,3.8860123,1.6086864,5.4909964E-4,0.026997874,0.022481889,2.9120655E-4,0.034810796,0.014389568,5.126028,0.0,44.037315,0.011711759,0.061921414,-21.322277,-21.751406,-22.243105,-22.700829,-24.061167,-16.159935,-16.888227,-17.512001,-18.013891,-19.316408,-21.0134,-21.503977,-22.04132,-22.549812,-24.011766,2.982253,354
1000101000022,1000101000057,1000101000021,1000101000022,41000100000547,41000100000547,1000101000000,1000101000023,-1,0,41,0.98870814,51.29514,6599,28.902391,39.648106,29.901606,89953,3,4,3,224.8428,91.35795,23.118261,663,51.29514,0.093299314,153.76901,175.48303,1.5039524,1.7919288,0.052931003,3.3446755,1.6396805,5.487787E-4,0.02557543,0.02122644,2.9120655E-4,0.033357006,0.0145229725,7.794653,0.0,44.006557,0.008196065,0.06120633,-21.500122,-21.882805,-22.354563,-22.80088,-24.1432,-16.227196,-16.949305,-17.568588,-18.067541,-19.37086,-20.799347,-21.313227,-21.872074,-22.417366,-23.982468,2.7454476,479
1000101000023,1000101000057,1000101000022,1000101000023,40000100000524,40000100000524,1000101000000,1000101000024,-1,0,40,1.0778745,49.573826,6599,28.792608,39.610325,29.89403,89953,3,4,3,219.9894,86.49484,17.164185,619,49.573826,0.089310564,154.5058,169.99577,1.6337584,1.6790321,0.052931003,3.1959095,1.4886479,5.484812E-4,0.026535582,0.019362882,2.9120655E-4,0.03012783,0.012706489,6.90899,0.0,44.008636,0.009594163,0.058106784,-21.456776,-21.843243,-22.312582,-22.754354,-24.09024,-16.30025,-17.016932,-17.63213,-18.128332,-19.43229,-20.926424,-21.422192,-21.961594,-22.479267,-23.98112,2.5700758,700
1000101000024,1000101000057,1000101000023,1000101000024,39000100000533,39000100000533,1000101000000,1000101000025,-1,0,39,1.173417,47.76645,6599,28.669434,39.565468,29.886917,89953,3,4,3,215.43503,86.17558,19.265276,622,47.76645,0.08524199,155.24037,167.20706,1.6723558,1.581459,0.052931003,3.0526855,1.3934612,5.4819044E-4,0.026540147,0.017807696,2.9120655E-4,0.027685829,0.011554101,6.2978525,0.0,44.01369,0.010506432,0.055413842,-21.448574,-21.833635,-22.296423,-22.731037,-24.05728,-16.386461,-17.100636,-17.714945,-18.21345,-19.52764,-21.007639,-21.48647,-22.012583,-22.514645,-23.98028,2.378725,415
1000101000025,1000101000057,1000101000024,1000101000025,38000100000495,38000100000495,1000101000000,1000101000026,-1,0,38,1.2758462,43.979557,6599,28.57733,39.50513,29.851423,89953,3,4,3,205.52779,79.50693,20.123892,569,43.979557,0.07998034,153.78139,172.61137,1.6925406,1.4950346,0.052931003,2.5343618,1.3443955,5.479247E-4,0.026049593,0.016459273,2.9120655E-4,0.025860716,0.010656808,7.644674,0.0,43.96898,0.009316285,0.053738676,-21.557056,-21.910414,-22.352278,-22.77106,-24.073118,-16.49087,-17.205486,-17.819103,-18.317291,-19.634256,-21.08087,-21.525242,-22.039114,-22.538116,-23.999218,2.1768858,278
1000101000026,1000101000057,1000101000025,1000101000026,37000100000503,37000100000503,1000101000000,1000101000027,-1,0,37,1.3857181,44.065624,6599,28.460976,39.462425,29.843721,89953,3,4,3,202.13533,76.98462,21.231688,501,44.065624,0.07704004,156.84175,170.62102,1.8091952,1.3934487,0.052931003,2.6901703,1.1977465,5.4767076E-4,0.025559667,0.014971803,2.9120655E-4,0.024517126,0.008614551,7.003676,0.0,44.034546,0.010451739,0.05100795,-21.55324,-21.902174,-22.334438,-22.742891,-24.028948,-16.592428,-17.300308,-17.906569,-18.395723,-19.704897,-21.049032,-21.506048,-22.008345,-22.488228,-23.925081,2.004437,257
1000101000027,1000101000057,1000101000026,1000101000027,36000100000477,36000100000477,1000101000000,1000101000028,-1,0,36,1.5036365,44.409885,6599,28.324724,39.432644,29.833248,89953,3,4,3,196.67921,73.4246,19.38689,512,44.409885,0.074210346,160.42703,169.57585,1.7773981,1.3036362,0.052931003,2.960682,1.1167696,5.4739043E-4,0.023904573,0.013746289,2.9120655E-4,0.023803746,0.007460197,7.9682007,0.0,44.124798,0.009332367,0.04889852,-21.63618,-21.95844,-22.37056,-22.762402,-24.018074,-16.719313,-17.422445,-18.022907,-18.503902,-19.80567,-21.140543,-21.56911,-22.056204,-22.525349,-23.936106,1.8237612,865
1000101000028,1000101000057,1000101000027,1000101000028,35000100000486,35000100000486,1000101000000,1000101000029,-1,0,35,1.6302707,44.495953,6599,28.208105,39.39132,29.83497,89952,3,4,3,189.85753,71.70684,17.472462,539,44.495953,0.07121116,163.92915,169.21864,1.728654,1.2053552,0.052931003,3.2161593,1.0320513,5.4707733E-4,0.022356153,0.012466667,2.9120655E-4,0.022335196,0.006557137,7.6254992,0.0,44.20096,0.009345678,0.046265457,-21.636776,-21.95021,-22.35141,-22.732235,-23.968761,-16.833399,-17.522783,-18.11432,-18.588648,-19.881964,-21.155453,-21.570969,-22.046164,-22.50369,-23.892307,1.6640217,295
1000101000029,1000101000057,1000101000028,1000101000029,34000100000457,34000100000457,1000101000000,1000101000030,-1,0,34,1.766336,41.397587,6599,28.091837,39.376976,29.823483,89952,3,4,3,187.21527,69.250626,14.470382,534,41.397587,0.0665428,163.57124,169.78342,1.6294193,1.1151954,0.052931003,2.9166818,1.0030819,5.467604E-4,0.020712528,0.011319881,2.9120655E-4,0.02073578,0.006168346,9.263292,0.0,44.20448,0.007695619,0.044637132,-21.732494,-22.020597,-22.404684,-22.770847,-23.981579,-16.943419,-17.608198,-18.18458,-18.64781,-19.924026,-21.155668,-21.557207,-22.030556,-22.493038,-23.893637,1.5030577,690
1000101000030,1000101000057,1000101000029,1000101000030,33000100000446,33000100000446,1000101000000,1000101000031,-1,0,33,1.9126327,40.450867,6599,27.975595,39.310616,29.815376,89952,3,4,3,191.75916,69.68409,6.5777206,499,40.450867,0.063091114,166.05417,179.10442,1.617838,1.0105386,0.052931003,2.9669685,0.9160593,5.464501E-4,0.019379701,0.010043343,2.9120655E-4,0.018547334,0.005417423,9.459612,0.0,44.24762,0.0075649633,0.04166176,-21.723862,-22.005423,-22.38279,-22.741062,-23.936638,-17.066248,-17.714891,-18.281374,-18.736565,-20.004929,-21.13004,-21.52891,-21.997316,-22.45279,-23.843206,1.3731605,526
1000101000031,1000101000057,1000101000030,1000101000031,32000100000458,32000100000458,1000101000000,1000101000032,-1,0,32,2.0700274,37.868896,6599,27.84444,39.263542,29.825714,89952,3,4,3,182.40291,64.182846,5.4683704,470,37.868896,0.05886684,166.33205,168.28865,1.6170986,0.90873486,0.052931003,2.702894,0.85092145,5.4614514E-4,0.018073611,0.008873916,2.9120655E-4,0.016067311,0.0049668704,7.1343403,0.0,44.24397,0.0090505555,0.03907046,-21.59585,-21.89014,-22.270002,-22.627901,-23.823608,-17.251284,-17.880604,-18.436522,-18.882854,-20.145594,-21.301544,-21.655348,-22.082815,-22.491566,-23.783438,1.2538762,354
1000101000032,1000101000057,1000101000031,1000101000032,31000100000452,31000100000452,1000101000000,1000101000033,-1,0,31,2.2394855,34.512333,6599,27.756292,39.204964,29.823542,89952,3,4,3,181.12003,71.185974,-1.1348852,412,34.512333,0.054342493,165.26746,170.82574,1.4144349,0.83581597,0.052931003,2.4827402,0.8660417,5.4585084E-4,0.015874669,0.008069279,2.9120655E-4,0.014772899,0.005061985,6.738336,0.0,44.259884,0.008061159,0.03797214,-21.58766,-21.857237,-22.216175,-22.558973,-23.728281,-17.447803,-18.044456,-18.58379,-19.023085,-20.29607,-21.100512,-21.47893,-21.915497,-22.335703,-23.657322,1.1072068,245
1000101000033,1000101000057,1000101000032,1000101000033,30000100000404,30000100000404,1000101000000,1000101000034,-1,0,30,2.422044,32.532825,6599,27.658253,39.173157,29.80751,89952,3,4,3,176.6627,73.74146,-1.4223433,386,32.532825,0.050648954,166.2056,169.36363,1.1623628,0.7706045,0.052931003,2.4299352,0.9069084,5.45577E-4,0.013524133,0.007338304,2.9120655E-4,0.014153794,0.005291432,5.8086886,0.0,44.30739,0.007140972,0.03682544,-21.594896,-21.850769,-22.198265,-22.53548,-23.707663,-17.704536,-18.277668,-18.807278,-19.247766,-20.555288,-21.20364,-21.54378,-21.95616,-22.36068,-23.657255,0.9588717,893
1000101000034,1000101000057,1000101000033,1000101000034,29000100000388,29000100000388,1000101000000,1000101000035,-1,0,29,2.6188614,27.885277,6599,27.559761,39.16941,29.7998,89952,3,4,3,170.08266,61.71137,10.733949,352,27.885277,0.045659818,162.06541,162.93845,0.87535506,0.71752715,0.052931003,1.8815784,1.0118543,5.453319E-4,0.011079948,0.0067030275,2.9120655E-4,0.013879278,0.0058110147,10.4233675,0.0,44.268463,0.0036563782,0.037034497,-21.858877,-22.040237,-22.340538,-22.646036,-23.762163,-17.926182,-18.433464,-18.912636,-19.31234,-20.514719,-20.720045,-21.111635,-21.583511,-22.0795,-23.58121,0.8025712,625
1000101000035,1000101000057,1000101000034,1000101000035,28000100000350,28000100000350,1000101000000,1000101000036,-1,0,28,2.8311827,28.22954,6599,27.460657,39.104992,29.778639,89952,3,4,3,161.19447,62.313404,6.5116534,343,28.22954,0.0434421,167.17313,171.37492,0.7904044,0.62785524,0.052931003,2.1436698,0.9880221,5.4509955E-4,0.009402909,0.005636927,2.9120655E-4,0.0123109,0.0053615677,11.650598,0.0,44.366726,0.003147645,0.033935595,-21.900408,-22.05264,-22.332964,-22.625715,-23.718622,-18.148727,-18.57465,-18.996426,-19.358072,-20.478765,-20.756475,-21.119972,-21.574837,-22.062449,-23.546173,0.69594127,428
1000101000036,1000101000057,1000101000035,1000101000036,27000100000318,27000100000318,1000101000000,1000101000037,-1,0,27,3.060419,24.959045,6588,27.343933,39.043663,29.758928,89074,3,4,3,156.98302,61.435062,1.7585742,331,24.959045,0.03944803,164.9572,172.36494,0.82459897,0.5337327,0.052931003,1.6312432,1.0086322,5.448759E-4,0.008530354,0.004591055,2.9120655E-4,0.009196599,0.005400028,18.264933,0.11448313,44.271717,0.0029191198,0.030473635,-21.97401,-22.085426,-22.33472,-22.597776,-23.616026,-18.446371,-18.787668,-19.159256,-19.497215,-20.579355,-20.912529,-21.216427,-21.625755,-22.070135,-23.450155,0.60731095,525
1000101000037,1000101000049,1000101000036,1000101000037,26000100000321,26000100000321,1000101000000,1000101000038,1000101000050,0,26,3.3080978,21.86068,6565,27.26154,39.035656,29.791815,89019,3,4,3,153.3202,61.10025,-2.3017097,261,21.86068,0.035656326,162.38036,167.5503,0.53002644,0.343463,0.0,1.7917198,0.85531086,0.0,0.0045831306,0.0031106984,0.0,0.0067521445,0.004809974,8.023114,0.0,44.43575,0.0021830425,0.02897636,-21.466991,-21.568773,-21.814352,-22.07361,-23.114796,99.0,99.0,99.0,99.0,99.0,-20.39445,-20.698854,-21.111313,-21.55716,-22.957262,0.6143912,243
1000101000038,1000101000049,1000101000037,1000101000038,25000100000319,25000100000319,1000101000000,1000101000039,-1,0,25,3.575905,17.385265,6565,27.153288,38.96651,29.753653,89019,3,4,3,145.5025,68.94766,7.413381,191,17.385265,0.031164015,154.89377,155.21559,0.24767566,0.28674597,0.0,1.3066951,0.91656566,0.0,0.0026221983,0.0026246042,0.0,0.0052337004,0.005571624,7.533374,0.0,44.33,0.0011383451,0.027937485,-21.311676,-21.4123,-21.661535,-21.927286,-22.96724,99.0,99.0,99.0,99.0,99.0,-19.372982,-19.756557,-20.265814,-20.85387,-22.618439,0.55159456,54
1000101000039,1000101000049,1000101000038,1000101000039,24000100000293,24000100000293,1000101000000,1000101000040,-1,0,24,3.8656828,11.188538,6565,27.071295,38.915257,29.696978,89019,3,4,3,147.86478,57.497917,18.075052,156,11.188538,0.025346924,137.78249,136.38266,0.23370744,0.23711655,0.0,0.25189644,0.96838295,0.0,0.0028929773,0.0020269472,0.0,0.0019514195,0.0062573515,5.106731,0.0,43.52158,0.0020499204,0.0213024,-20.929764,-21.081676,-21.35504,-21.64363,-22.704437,99.0,99.0,99.0,99.0,99.0,-20.0391,-20.355387,-20.766222,-21.211456,-22.575249,0.4929176,274
1000101000040,1000101000049,1000101000039,1000101000040,23000100000288,23000100000288,1000101000000,1000101000041,-1,0,23,4.1794686,7.573779,6565,26.977129,38.90568,29.643744,89019,3,4,3,144.1842,39.350563,48.335636,105,7.573779,0.02093758,124.72774,125.43211,0.40215966,0.20583913,0.0,0.007908762,0.97710305,0.0,0.003108258,0.0017175319,0.0,5.2816333E-5,0.0060613067,6.231054,0.0,41.420704,0.0028023955,0.0049328986,-20.988626,-21.10038,-21.343147,-21.603834,-22.625408,99.0,99.0,99.0,99.0,99.0,-20.518276,-20.731886,-21.053905,-21.398327,-22.568542,0.40819448,559
1000101000041,1000101000049,1000101000040,1000101000041,22000100000475,22000100000475,1000101000000,1000101000042,-1,0,22,4.5195556,6.799188,6565,26.868862,38.87523,29.62454,89019,3,4,3,148.66432,50.516926,40.90257,84,6.799188,0.018976731,124.133156,124.430824,0.07895368,0.17043698,0.0,0.093751244,0.76777416,0.0,0.0015187758,0.001515269,0.0,9.4830734E-4,0.0049560466,6.833265,0.0,43.137253,8.245123E-4,0.018767064,-20.803661,-20.928402,-21.196,-21.488808,-22.553387,99.0,99.0,99.0,99.0,99.0,-18.569853,-18.947577,-19.459137,-20.08548,-22.027355,0.34094334,555
1000101000042,1000101000049,1000101000041,1000101000042,21000100000352,21000100000352,1000101000000,1000101000043,-1,0,21,4.888449,6.7131224,6565,26.792753,38.84331,29.604551,89019,3,4,3,138.42175,49.71037,35.531963,87,6.7131224,0.017730819,127.60505,129.73973,0.19549467,0.13450341,0.0,0.12504166,0.6510618,0.0,0.0023122039,0.0010393081,0.0,7.1107724E-4,0.0029845664,3.8148663,0.0,43.330666,0.0016880898,0.017537588,-20.710363,-20.818998,-21.071857,-21.352934,-22.385555,99.0,99.0,99.0,99.0,99.0,-19.66343,-19.942032,-20.336231,-20.786707,-22.160208,0.28422478,718
1000101000043,1000101000049,1000101000042,1000101000043,20000100000319,20000100000319,1000101000000,1000101000044,-1,0,20,5.2888336,6.196728,6565,26.767963,38.837284,29.586327,89019,2,4,3,114.39229,36.251045,35.076088,73,6.196728,0.016178869,128.34445,137.24512,0.16201378,0.11598024,0.0,0.056512494,0.69264513,0.0,0.0019474644,8.3755975E-4,0.0,3.3711502E-4,0.0029501119,10.080978,0.0,42.74399,6.6505343E-4,0.01044766,-21.11839,-21.161768,-21.380089,-21.628248,-22.589794,99.0,99.0,99.0,99.0,99.0,-18.276337,-18.584885,-19.063902,-19.687763,-21.779024,0.20426013,776
1000101000044,1000101000049,1000101000043,1000101000044,19000100000294,19000100000294,1000101000000,1000101000045,-1,0,19,5.7238646,4.905743,6565,26.709438,38.81679,29.536722,89019,2,4,3,108.93279,27.202143,39.63283,61,4.905743,0.014008581,122.72282,129.4319,0.24000823,0.07086954,0.0,0.022985436,0.4814883,0.0,0.0018198746,3.8530992E-4,0.0,9.092617E-5,0.0014018931,6.5327954,0.0,42.149128,0.0012215084,0.0063069384,-20.643282,-20.69251,-20.899277,-21.123652,-22.019995,99.0,99.0,99.0,99.0,99.0,-19.354898,-19.585918,-19.954128,-20.381721,-21.723064,0.19182684,460
1000101000045,1000101000049,1000101000044,1000101000045,18000100000293,18000100000293,1000101000000,1000101000046,-1,0,18,6.1968336,4.131152,6565,26.6458,38.807125,29.550854,89019,2,4,3,88.05015,24.613192,26.716331,48,4.131152,0.012366733,119.86105,123.24206,0.23394436,0.043990813,0.0,0.07342052,0.3385892,0.0,0.0010859959,2.2174377E-4,0.0,1.1899652E-4,8.565982E-4,3.320733,0.0,43.01974,0.001281684,0.009996351,-20.188644,-20.235819,-20.43676,-20.653109,-21.5295,99.0,99.0,99.0,99.0,99.0,-19.36456,-19.548323,-19.87131,-20.220835,-21.383898,0.1798431,829
1000101000046,1000101000049,1000101000045,1000101000046,17000100000266,17000100000266,1000101000000,1000101000047,-1,0,17,6.7115865,2.065576,6565,26.575964,38.771782,29.49772,89019,2,4,3,101.9434,25.628803,31.521801,40,2.065576,0.0091648605,98.452705,107.71726,0.036033742,0.03145175,0.0,0.0024329713,0.29459485,0.0,5.1562936E-4,1.6857148E-4,0.0,1.7635997E-5,9.215472E-4,2.31418,0.0,41.22556,6.3243334E-4,0.004649066,-19.55574,-19.63156,-19.858313,-20.121714,-21.057072,99.0,99.0,99.0,99.0,99.0,-18.086763,-18.364481,-18.78551,-19.297731,-20.784689,0.15014352,418
1000101000047,1000101000049,1000101000046,1000101000047,16000100000294,16000100000294,1000101000000,1000101000048,-1,0,16,7.272188,2.2377074,6565,26.519703,38.7568,29.500277,89019,2,4,3,107.13489,39.583954,23.093454,29,2.2377074,0.008778398,104.70417,115.052765,0.092568286,0.023450019,0.0,0.011360407,0.2496681,0.0,6.912374E-4,8.7160726E-5,0.0,3.1240666E-5,4.2457235E-4,2.3198414,0.0,42.10341,0.0010582699,0.006075999,-19.602201,-19.632439,-19.824656,-20.048397,-20.910027,99.0,99.0,99.0,99.0,99.0,-18.788485,-18.952393,-19.2614,-19.620543,-20.755337,0.10131168,132
1000101000048,1000101000049,1000101000047,1000101000048,15000100000194,15000100000194,1000101000000,1000101000049,-1,0,15,7.8832035,1.9795104,6565,26.47792,38.738033,29.519894,89019,2,4,3,103.679855,43.55965,22.70171,26,1.9795104,0.0078499075,104.13976,115.69058,0.09768491,0.016119944,0.0,0.013945459,0.20675112,0.0,5.566548E-4,3.982395E-5,0.0,2.6932794E-5,2.2500628E-4,3.6436725,0.0,42.349445,9.8596E-4,0.006514303,-19.522774,-19.533665,-19.712404,-19.89222,-20.68801,99.0,99.0,99.0,99.0,99.0,-18.750816,-18.883041,-19.16774,-19.465775,-20.515446,0.054165557,328
1000101000049,1000101000049,1000101000048,1000101000049,14000100000135,14000100000135,1000101000000,-1,-1,0,14,8.549912,1.6352477,6565,26.437284,38.71156,29.490505,89019,2,4,3,98.53441,46.43111,17.493353,23,1.6352477,0.0068532587,101.30087,107.86129,0.17150445,0.0056171813,0.0,0.0058949497,0.09395258,0.0,2.6650392E-4,4.7457593E-6,0.0,3.1980073E-6,2.1193482E-5,2.1407194,0.0,44.575584,8.273935E-4,0.0072998297,-19.10997,-18.96043,-18.995283,-19.000883,-19.186764,99.0,99.0,99.0,99.0,99.0,-18.56788,-18.499699,-18.608578,-18.689894,-19.0571,0.014234208,839
1000101000050,1000101000057,1000101000036,1000101000037,26000100000321,26000100000321,1000101000000,1000101000051,-1,2,26,3.3080978,21.86068,6565,27.22022,38.963795,29.696817,89019,3,4,3,83.028694,-5.552009,1.6807683,28,2.4098396,0.016128315,80.162186,120.71184,0.049884632,0.052064747,0.0,0.0,0.0,0.0,7.757703E-4,2.7736215E-4,0.0,0.0,0.0,0.34885406,0.0,43.509895,0.0019784519,0.014840185,-18.86873,-19.099619,-19.41225,-19.720743,-20.755919,99.0,99.0,99.0,99.0,99.0,-18.358402,-18.681498,-19.0735,-19.47267,-20.6825,0.5587059,419
1000101000051,1000101000057,1000101000050,1000101000050,25000100000320,25000100000319,1000101000000,1000101000052,-1,1,25,3.575905,17.385265,6565,27.15941,38.997826,29.727316,89019,3,4,3,135.15485,-21.984068,-101.23642,28,2.4098396,0.016128315,80.162186,120.71184,0.06749359,0.049598623,0.0,0.0,0.0,0.0,9.000339E-4,2.420205E-4,0.0,0.0,0.0,0.643346,0.0,43.509895,0.0019784519,0.014840185,-19.190548,-19.357882,-19.633131,-19.922783,-20.911608,99.0,99.0,99.0,99.0,99.0,-18.637686,-18.910013,-19.2731,-19.661009,-20.83527,0.4119257,855
1000101000052,1000101000057,1000101000051,1000101000051,24000100000294,24000100000293,1000101000000,1000101000053,-1,1,24,3.8656828,11.188538,6565,27.069784,38.975777,29.795542,89019,3,4,3,162.5322,69.604805,-92.37697,27,2.3237739,0.015010625,81.59575,98.11023,0.09775672,0.04536029,0.0,0.0,0.0,0.0,0.0010384454,1.9189496E-4,0.0,0.0,0.0,1.7043297,0.0,43.509895,0.0015858099,0.014840185,-19.609009,-19.703362,-19.933516,-20.192532,-21.11863,99.0,99.0,99.0,99.0,99.0,-18.812004,-19.038685,-19.388414,-19.788832,-20.99657,0.28396678,578
1000101000053,1000101000057,1000101000052,1000101000052,23000100000289,23000100000288,1000101000000,1000101000054,-1,1,23,4.1794686,7.573779,6565,26.993366,38.936737,29.867577,89019,3,4,3,136.94696,78.07473,-81.74612,54,4.6475477,0.017792223,105.99046,112.62943,0.17229187,0.034921717,0.0,0.0,0.0,0.0,0.0011178392,1.05703104E-4,0.0,0.0,0.0,2.654252,0.0,43.509895,0.0021949178,0.014840185,-19.765738,-19.81271,-20.009127,-20.232615,-21.0956,99.0,99.0,99.0,99.0,99.0,-19.259583,-19.412172,-19.69475,-20.008953,-21.034317,0.19710684,31
1000101000054,1000101000057,1000101000053,1000101000053,22000100000625,22000100000625,1000101000000,1000101000055,-1,0,22,4.5195556,4.991809,6565,26.927097,38.886444,29.890308,89019,3,4,3,122.32015,73.73898,-60.86622,67,4.991809,0.017119395,111.98368,121.29794,0.2799705,0.019841408,0.0,0.28852803,0.21574397,0.0,8.233051E-4,3.8109734E-5,0.0,1.3089691E-4,5.1972966E-5,1.5452536,0.0,43.509895,0.003690641,0.014840185,-19.424795,-19.45954,-19.634605,-19.830715,-20.55049,99.0,99.0,99.0,99.0,99.0,-19.299376,-19.358753,-19.554548,-19.771236,-20.531294,0.15325299,549
1000101000055,1000101000057,1000101000054,1000101000054,21000100000642,21000100000642,1000101000000,1000101000056,-1,0,21,4.888449,3.9590209,6565,26.862427,38.850876,29.894924,89019,3,4,3,114.69018,86.627426,-53.87492,53,3.9590209,0.014869049,107.00948,105.78335,0.20179765,0.0117155025,0.0,0.2622857,0.16260436,0.0,5.0760456E-4,1.6539214E-5,0.0,7.023932E-5,2.222247E-5,1.7159184,0.0,43.468533,0.0025420017,0.013079461,-19.081,-19.067331,-19.218687,-19.376019,-20.021467,99.0,99.0,99.0,99.0,99.0,-18.982944,-18.988255,-19.155586,-19.329765,-20.007133,0.0928754,439
1000101000056,1000101000057,1000101000055,1000101000055,20000100000522,20000100000522,1000101000000,1000101000057,-1,0,20,5.2888336,2.2377074,6565,26.793344,38.827347,29.897842,89019,3,4,3,108.19462,73.10584,-52.003197,52,2.2377074,0.011521131,91.39534,95.1605,0.1779638,0.0033838155,0.0,0.10371422,0.06981583,0.0,1.669872E-4,1.6374502E-6,0.0,7.0460023E-6,2.4249237E-6,0.6146008,0.0,42.999107,0.0042795865,0.010847141,-17.67861,-17.600033,-17.698141,-17.787771,-18.189243,99.0,99.0,99.0,99.0,99.0,-17.671186,-17.59426,-17.693632,-17.784555,-18.188284,0.06613391,801
1000101000057,1000101000057,1000101000056,1000101000056,19000100000670,19000100000670,1000101000000,-1,-1,0,19,5.7238646,1.3770508,6565,26.722845,38.775124,29.96004,89019,2,4,3,105.34025,68.418465,-34.898144,35,1.3770508,0.009172249,80.35391,86.98114,0.16472887,6.3358026E-4,0.0,0.031469267,0.019333882,0.0,3.2877615E-5,5.8601085E-8,0.0,2.977465E-7,1.1236354E-7,0.15398984,0.0,42.125626,0.004450991,0.0057745166,-16.259424,-15.975764,-15.896416,-15.741472,-15.459633,99.0,99.0,99.0,99.0,99.0,-16.258558,-15.975052,-15.895828,-15.741017,-15.459449,0.018296089,56
1000101000058,1000101000084,1000101000011,1000101000012,51000100000516,51000100000516,1000101000000,1000101000059,-1,2,51,0.36234027,77.45911,6592,29.98587,40.14311,29.996248,89962,3,4,3,251.95341,160.38934,58.759193,20,1.7213135,0.02000329,60.8344,64.29549,0.052874554,0.022838816,0.0,0.0,0.0,0.0,5.4156367E-4,9.3716044E-5,0.0,0.0,0.0,1.3427456E-5,0.0,40.525436,0.00457428,0.013595425,-14.902203,-15.660627,-16.310904,-16.833944,-18.126593,99.0,99.0,99.0,99.0,99.0,-14.873418,-15.636886,-16.291689,-16.819962,-18.122501,7.7961106,564
1000101000059,1000101000084,1000101000058,1000101000013,50000100000511,50000100000511,1000101000000,1000101000060,-1,2,50,0.40789944,75.47959,6592,29.94204,40.068832,29.978111,89962,3,4,3,6.538179,164.81235,3.1539588,20,1.7213135,0.02000329,60.8344,64.29549,0.052876033,0.022838607,0.0,0.0,0.0,0.0,5.415679E-4,9.371392E-5,0.0,0.0,0.0,2.122349E-5,0.0,40.525436,0.00457428,0.013595425,-14.9511,-15.705316,-16.352741,-16.873306,-18.165123,99.0,99.0,99.0,99.0,99.0,-14.922308,-15.68157,-16.333523,-16.859324,-18.161032,7.4255753,580
1000101000060,1000101000084,1000101000059,1000101000014,49000100000506,49000100000506,1000101000000,1000101000061,-1,2,49,0.45657724,74.87714,6592,29.883148,40.02829,29.97734,89960,3,4,3,238.06932,70.75812,10.959768,20,1.7213135,0.02000329,60.8344,64.29549,0.052878395,0.022838278,0.0,0.0,0.0,0.0,5.415747E-4,9.3710536E-5,0.0,0.0,0.0,3.3658394E-5,0.0,40.525436,0.00457428,0.013595425,-15.003293,-15.753076,-16.397482,-16.915558,-18.207039,99.0,99.0,99.0,99.0,99.0,-14.974502,-15.729331,-16.378263,-16.901573,-18.202948,7.0518966,710
1000101000061,1000101000084,1000101000060,1000101000015,48000100000512,48000100000512,1000101000000,1000101000062,-1,2,48,0.5085914,76.77058,6592,29.74811,39.999573,29.963263,89960,3,4,3,420.7916,85.18678,67.34877,20,1.7213135,0.02000329,60.8344,64.29549,0.052882172,0.022837749,0.0,0.0,0.0,0.0,5.415856E-4,9.370514E-5,0.0,0.0,0.0,5.346229E-5,0.0,40.525436,0.00457428,0.013595425,-15.057305,-15.801835,-16.442488,-16.957188,-18.246445,99.0,99.0,99.0,99.0,99.0,-15.028449,-15.778061,-16.42325,-16.94319,-18.242348,6.676218,196
1000101000062,1000101000084,1000101000061,1000101000016,47000100000497,47000100000497,1000101000000,1000101000063,-1,2,47,0.5641766,75.99599,6592,29.558184,39.92377,29.938452,89960,3,4,3,296.92862,185.22131,10.712471,20,1.7213135,0.02000329,60.8344,64.29549,0.052888162,0.022836907,0.0,0.0,0.0,0.0,5.416026E-4,9.369656E-5,0.0,0.0,0.0,8.483031E-5,0.0,40.525436,0.00457428,0.013595425,-15.114014,-15.852139,-16.487764,-16.997427,-18.281607,99.0,99.0,99.0,99.0,99.0,-15.085169,-15.828368,-16.468529,-16.98343,-18.277512,6.2997775,234
1000101000063,1000101000084,1000101000062,1000101000017,46000100000504,46000100000504,1000101000000,1000101000064,-1,2,46,0.6235901,75.2214,6592,29.475958,39.87821,29.93914,89960,3,4,3,68.93298,5.334073,-21.96877,20,1.7213135,0.02000329,60.8344,64.29549,0.052897643,0.02283558,0.0,0.0,0.0,0.0,5.4162985E-4,9.368296E-5,0.0,0.0,0.0,1.3438753E-4,0.0,40.525436,0.00457428,0.013595425,-15.173778,-15.904476,-16.534037,-17.037582,-18.31531,99.0,99.0,99.0,99.0,99.0,-15.144919,-15.880696,-16.514795,-17.023582,-18.311213,5.9238405,935
1000101000064,1000101000084,1000101000063,1000101000018,45000100000509,45000100000509,1000101000000,1000101000065,-1,2,45,0.6871088,73.24189,6592,29.395084,39.902622,29.920122,89960,3,4,3,299.80948,29.808702,59.18866,20,1.7213135,0.02000329,60.8344,64.29549,0.0529126,0.022833487,0.0,0.0,0.0,0.0,5.4167246E-4,9.36615E-5,0.0,0.0,0.0,2.1227416E-4,0.0,40.525436,0.00457428,0.013595425,-15.233862,-15.955557,-16.578316,-17.075253,-18.346657,99.0,99.0,99.0,99.0,99.0,-15.204901,-15.931727,-16.55904,-17.061228,-18.342548,5.5497174,623
1000101000065,1000101000084,1000101000064,1000101000019,44000100000538,44000100000538,1000101000000,1000101000066,-1,2,44,0.75503564,64.97958,6599,29.242222,39.818947,29.916548,89953,3,4,3,273.57584,365.27957,-56.988365,20,1.7213135,0.02000329,60.8344,64.29549,0.052936036,0.022830205,0.0,0.0,0.0,0.0,5.417396E-4,9.36279E-5,0.0,0.0,0.0,3.3382775E-4,0.0,40.525436,0.00457428,0.013595425,-15.298587,-16.010357,-16.62597,-17.116526,-18.382631,99.0,99.0,99.0,99.0,99.0,-15.269668,-15.986541,-16.606703,-17.102505,-18.378529,5.1787477,932
1000101000066,1000101000084,1000101000065,1000101000020,43000100000506,43000100000506,1000101000000,1000101000067,-1,2,43,0.8276991,60.159904,6599,29.163698,39.705994,29.932602,89953,3,4,3,173.7623,79.20933,7.0598316,20,1.7213135,0.02000329,60.8344,64.29549,0.05297249,0.022825101,0.0,0.0,0.0,0.0,5.4184376E-4,9.3575654E-5,0.0,0.0,0.0,5.219097E-4,0.0,40.525436,0.00457428,0.013595425,-15.371862,-16.07446,-16.68402,-17.170427,-18.436628,99.0,99.0,99.0,99.0,99.0,-15.34288,-16.050606,-16.664722,-17.156387,-18.432518,4.8122635,475
1000101000067,1000101000084,1000101000066,1000101000021,42000100000517,42000100000517,1000101000000,1000101000068,-1,2,42,0.9054624,55.68449,6599,29.022984,39.717655,29.90617,89953,3,4,3,426.53418,-21.599834,79.35619,20,1.7213135,0.02000329,60.8344,64.29549,0.053028673,0.022817235,0.0,0.0,0.0,0.0,5.4200395E-4,9.349523E-5,0.0,0.0,0.0,8.09926E-4,0.0,40.525436,0.00457428,0.013595425,-15.454248,-16.147781,-16.751558,-17.234205,-18.501648,99.0,99.0,99.0,99.0,99.0,-15.424808,-16.123695,-16.732107,-17.22005,-18.49749,4.4516106,63
1000101000068,1000101000084,1000101000067,1000101000022,41000100000547,41000100000547,1000101000000,1000101000069,-1,2,41,0.98870814,51.29514,6599,28.854101,39.67413,29.879827,89953,3,4,3,216.31404,142.1635,25.666775,20,1.7213135,0.02000329,60.8344,64.29549,0.053114273,0.022805247,0.0,0.0,0.0,0.0,5.422476E-4,9.337277E-5,0.0,0.0,0.0,0.0012457623,0.0,40.525436,0.00457428,0.013595425,-15.549593,-16.234066,-16.832354,-17.312035,-18.58217,99.0,99.0,99.0,99.0,99.0,-15.519138,-16.209454,-16.812542,-17.297617,-18.577902,4.0981493,496
1000101000069,1000101000084,1000101000068,1000101000023,40000100000524,40000100000524,1000101000000,1000101000070,-1,2,40,1.0778745,49.573826,6599,28.813494,39.599983,29.906605,89953,3,4,3,2.6597247,82.88435,-70.86944,20,1.7213135,0.02000329,60.8344,64.29549,0.05324311,0.0227872,0.0,0.0,0.0,0.0,5.426123E-4,9.318874E-5,0.0,0.0,0.0,0.0018967205,0.0,40.525436,0.00457428,0.013595425,-15.660165,-16.335094,-16.92788,-17.405207,-18.676994,99.0,99.0,99.0,99.0,99.0,-15.628867,-16.31003,-16.907759,-17.390566,-18.672644,3.7531617,259
1000101000070,1000101000084,1000101000069,1000101000024,39000100000533,39000100000533,1000101000000,1000101000071,-1,2,39,1.173417,47.76645,6599,28.755129,39.55898,29.911697,89953,3,4,3,183.13292,73.4999,40.24789,20,1.7213135,0.02000329,60.8344,64.29549,0.053434376,0.022760412,0.0,0.0,0.0,0.0,5.431492E-4,9.291612E-5,0.0,0.0,0.0,0.0028552306,0.0,40.525436,0.00457428,0.013595425,-15.778675,-16.440527,-17.02423,-17.4942,-18.75886,99.0,99.0,99.0,99.0,99.0,-15.74833,-16.415903,-17.004395,-17.479773,-18.75461,3.4179614,753
1000101000071,1000101000084,1000101000070,1000101000025,38000100000495,38000100000495,1000101000000,1000101000072,-1,2,38,1.2758462,43.979557,6599,28.625692,39.515354,29.871773,89953,3,4,3,316.8154,79.97878,111.23161,20,1.7213135,0.02000329,60.8344,64.29549,0.05371416,0.022721233,0.0,0.0,0.0,0.0,5.439257E-4,9.251863E-5,0.0,0.0,0.0,0.0042449804,0.0,40.525436,0.00457428,0.013595425,-15.911862,-16.559021,-17.13251,-17.593288,-18.85244,99.0,99.0,99.0,99.0,99.0,-15.881869,-16.53452,-17.112738,-17.578905,-18.848217,3.0937545,249
1000101000072,1000101000084,1000101000071,1000101000026,37000100000503,37000100000503,1000101000000,1000101000073,-1,2,37,1.3857181,44.065624,6599,28.381134,39.442932,29.825602,89953,3,4,3,393.86765,178.91026,18.53324,20,1.7213135,0.02000329,60.8344,64.29549,0.05411695,0.022664826,0.0,0.0,0.0,0.0,5.4502464E-4,9.194904E-5,0.0,0.0,0.0,0.00622717,0.0,40.525436,0.00457428,0.013595425,-16.061775,-16.691452,-17.254284,-17.706877,-18.95867,99.0,99.0,99.0,99.0,99.0,-16.031221,-16.666586,-17.234245,-17.6923,-18.95439,2.7816718,341
1000101000073,1000101000084,1000101000072,1000101000027,36000100000477,36000100000477,1000101000000,1000101000074,-1,2,36,1.5036365,44.409885,6599,28.193758,39.335594,29.816345,89952,3,4,3,244.13965,155.61494,2.4656851,20,1.7213135,0.02000329,60.8344,64.29549,0.054687142,0.02258497,0.0,0.0,0.0,0.0,5.46543E-4,9.1148046E-5,0.0,0.0,0.0,0.009006199,0.0,40.525436,0.00457428,0.013595425,-16.205885,-16.80584,-17.351404,-17.792732,-19.028257,99.0,99.0,99.0,99.0,99.0,-16.175188,-16.780787,-17.3312,-17.778038,-19.023947,2.4827452,243
1000101000074,1000101000084,1000101000073,1000101000028,35000100000486,35000100000486,1000101000000,1000101000075,-1,2,35,1.6302707,44.495953,6599,28.067335,39.30058,29.820995,89952,3,4,3,211.22412,24.385357,-23.861933,20,1.7213135,0.02000329,60.8344,64.29549,0.05548032,0.022473883,0.0,0.0,0.0,0.0,5.485825E-4,9.004407E-5,0.0,0.0,0.0,0.012833469,0.0,40.525436,0.00457428,0.013595425,-16.353157,-16.920986,-17.448149,-17.87745,-19.0955,99.0,99.0,99.0,99.0,99.0,-16.320406,-16.894646,-17.427027,-17.862103,-19.090982,2.197818,778
1000101000075,1000101000084,1000101000074,1000101000029,34000100000457,34000100000457,1000101000000,1000101000076,-1,2,34,1.766336,41.397587,6599,27.970991,39.28426,29.837492,89952,3,4,3,112.12403,34.064583,-27.805798,20,1.7213135,0.02000329,60.8344,64.29549,0.056563765,0.022322142,0.0,0.0,0.0,0.0,5.512348E-4,8.855513E-5,0.0,0.0,0.0,0.018008487,0.0,40.525436,0.00457428,0.013595425,-16.528051,-17.067081,-17.578716,-17.998537,-19.205393,99.0,99.0,99.0,99.0,99.0,-16.491041,-17.038033,-17.555656,-17.981806,-19.200441,1.9275877,636
1000101000076,1000101000084,1000101000075,1000101000030,33000100000446,33000100000446,1000101000000,1000101000077,-1,2,33,1.9126327,40.450867,6599,27.95503,39.282646,29.8154,89952,3,4,3,-33.75697,-110.5864,109.18318,20,1.7213135,0.02000329,60.8344,64.29549,0.058016546,0.022118676,0.0,0.0,0.0,0.0,5.5455306E-4,8.6592365E-5,0.0,0.0,0.0,0.024876317,0.0,40.525436,0.00457428,0.013595425,-16.723618,-17.226397,-17.717913,-18.12624,-19.318207,99.0,99.0,99.0,99.0,99.0,-16.689333,-17.199646,-17.696764,-18.110914,-19.313688,1.6724789,2
1000101000077,1000101000084,1000101000076,1000101000031,32000100000458,32000100000458,1000101000000,1000101000078,-1,2,32,2.0700274,37.868896,6599,27.962214,39.370037,29.847557,89952,3,4,3,-0.5384504,-45.931606,-63.34125,20,1.7213135,0.02000329,60.8344,64.29549,0.059928153,0.02185096,0.0,0.0,0.0,0.0,5.585135E-4,8.406715E-5,0.0,0.0,0.0,0.03382042,0.0,40.525436,0.00457428,0.013595425,-16.942263,-17.411648,-17.88637,-18.288475,-19.49262,99.0,99.0,99.0,99.0,99.0,-16.90842,-17.385038,-17.865295,-18.273237,-19.48819,1.4326637,494
1000101000078,1000101000084,1000101000077,1000101000060,31000100004114,31000100004114,1000101000000,1000101000079,-1,0,31,2.2394855,1.7213135,6599,27.935257,39.399162,29.832726,89952,3,4,3,74.54798,-45.33437,19.726019,20,1.7213135,0.02000329,60.8344,64.29549,0.062396385,0.021505287,0.0,0.0027491322,0.18804617,0.0,5.629675E-4,8.0899874E-5,0.0,5.3695303E-6,3.0409254E-4,0.047691233,0.0,40.525436,0.00457428,0.013595425,-17.112902,-17.54315,-17.989328,-18.3712,-19.531174,99.0,99.0,99.0,99.0,99.0,-17.083645,-17.519014,-17.969791,-18.356983,-19.527016,1.2079866,527
1000101000079,1000101000084,1000101000078,1000101000061,29000100003633,29000100003633,1000101000000,1000101000080,-1,0,29,2.6188614,1.4631164,6599,27.835262,39.436,29.792349,89952,3,4,3,94.10264,-15.088862,8.112605,22,1.4631164,0.017093677,60.67247,76.46376,0.06663397,0.020607965,0.0,0.0024176098,0.24515615,0.0,5.68639E-4,7.304254E-5,0.0,4.7888043E-6,3.7494965E-4,0.11240597,0.0,40.56144,0.0041226037,0.012686466,-17.569313,-17.868435,-18.22386,-18.547646,-19.571478,99.0,99.0,99.0,99.0,99.0,-17.536188,-17.841105,-18.201736,-18.531546,-19.566769,0.7979646,590
1000101000080,1000101000084,1000101000079,1000101000062,27000100002979,27000100002979,1000101000000,1000101000081,-1,0,27,3.060419,1.549182,6599,27.712317,39.423985,29.789942,89952,3,4,3,99.56392,21.356554,5.6032367,20,1.549182,0.01561889,65.31247,82.97441,0.07889984,0.01873284,0.0,0.0,0.26985228,0.0,5.745127E-4,5.828032E-5,0.0,0.0,3.5309463E-4,0.30939668,0.0,0.0,0.0031304415,0.01561889,-18.204836,-18.356737,-18.618021,-18.890917,-19.812798,99.0,99.0,99.0,99.0,99.0,-18.084612,-18.268959,-18.552359,-18.845793,-19.800766,0.45522302,211
1000101000081,1000101000084,1000101000080,1000101000063,26000100002905,26000100002905,1000101000000,1000101000082,-1,0,26,3.3080978,1.9795104,6599,27.6547,39.386192,29.768986,89952,3,4,3,92.872215,37.046978,-3.627171,22,1.9795104,0.016011596,72.917465,83.91162,0.09561616,0.016391736,0.0,0.0,0.255477,0.0,5.612683E-4,4.30216E-5,0.0,0.0,2.583816E-4,0.67940265,0.0,0.0,0.0025399819,0.016011596,-18.566936,-18.651382,-18.865715,-19.102898,-19.955873,99.0,99.0,99.0,99.0,99.0,-18.472252,-18.576595,-18.807089,-19.061077,-19.944258,0.32465377,978
1000101000082,1000101000084,1000101000081,1000101000064,25000100001745,25000100001745,1000101000000,1000101000083,-1,0,25,3.575905,2.5819702,6599,27.605663,39.373272,29.75367,89952,3,4,3,87.787544,16.539068,20.064684,38,2.5819702,0.016503524,82.02708,86.528656,0.12990998,0.011588901,0.0,4.5488865E-5,0.225986,0.0,4.7069739E-4,2.0770687E-5,0.0,5.1440285E-8,1.18422766E-4,0.46113056,0.0,0.0,0.0041286144,0.016503524,-18.337358,-18.418447,-18.624619,-18.853624,-19.631363,99.0,99.0,99.0,99.0,99.0,-18.315895,-18.40115,-18.610882,-18.8437,-19.628553,0.25148287,527
1000101000083,1000101000084,1000101000082,1000101000065,24000100001687,24000100001687,1000101000000,1000101000084,-1,0,24,3.8656828,2.5819702,6599,27.549263,39.352856,29.74876,89952,3,4,3,79.18317,40.437508,10.697551,29,2.5819702,0.015547166,84.51231,77.33891,0.1473966,0.008551002,0.0,0.024441496,0.1957929,0.0,3.7477122E-4,1.15811E-5,0.0,1.1123186E-5,5.257719E-5,0.582845,0.0,41.97828,0.0033277767,0.012062388,-18.394558,-18.42523,-18.601006,-18.789885,-19.464901,99.0,99.0,99.0,99.0,99.0,-18.36292,-18.399965,-18.581001,-18.775225,-19.4604,0.15323085,118
1000101000084,1000101000084,1000101000083,1000101000066,22000100002362,22000100002362,1000101000000,-1,-1,0,22,4.5195556,1.2909851,6599,27.469364,39.322605,29.758661,89952,3,4,3,79.24341,45.95296,7.036231,20,1.2909851,0.010907104,71.34702,72.41702,0.099325135,0.0016697535,0.0,0.012239457,0.06587119,0.0,8.286143E-5,6.947127E-7,0.0,1.0504289E-6,3.2751877E-6,0.31752676,0.0,41.486595,0.00216719,0.0067603174,-17.730232,-17.606604,-17.644363,-17.662424,-17.794838,99.0,99.0,99.0,99.0,99.0,-17.72035,-17.598398,-17.637638,-17.657225,-17.792885,0.032911405,232
1000101000085,1000101000113,1000101000010,1000101000011,52000100000521,52000100000521,1000101000000,1000101000086,-1,2,52,0.31970343,77.200905,6592,30.150003,40.1518,30.014757,89962,3,4,3,365.1179,55.05339,147.80112,25,0.774591,0.011048003,54.911625,56.679718,0.05755675,0.021868976,0.0,0.0,0.0,0.0,5.5588334E-4,8.284744E-5,0.0,0.0,0.0,1.7448177E-4,0.0,0.0,0.005512119,0.011048003,-14.905114,-15.649631,-16.291868,-16.807665,-18.087275,99.0,99.0,99.0,99.0,99.0,-14.884037,-15.632414,-16.277973,-16.797562,-18.084309,7.7508473,837
1000101000086,1000101000113,1000101000085,1000101000012,51000100000516,51000100000516,1000101000000,1000101000087,-1,2,51,0.36234027,77.45911,6592,30.023129,40.140316,29.987198,89962,3,4,3,234.73076,103.13207,8.925686,25,0.774591,0.011048003,54.911625,56.679718,0.057575732,0.021866314,0.0,0.0,0.0,0.0,5.559266E-4,8.282176E-5,0.0,0.0,0.0,2.445318E-4,0.0,0.0,0.005512119,0.011048003,-14.95887,-15.698499,-16.33758,-16.850567,-18.128647,99.0,99.0,99.0,99.0,99.0,-14.93815,-15.681442,-16.323784,-16.84053,-18.12571,7.385488,17
1000101000087,1000101000113,1000101000086,1000101000013,50000100000511,50000100000511,1000101000000,1000101000088,-1,2,50,0.40789944,75.47959,6592,29.936607,40.052963,29.985304,89962,3,4,3,299.79977,169.57928,77.741,25,0.774591,0.011048003,54.911625,56.679718,0.05760265,0.021862544,0.0,0.0,0.0,0.0,5.5598794E-4,8.2785344E-5,0.0,0.0,0.0,3.4386074E-4,0.0,0.0,0.005512119,0.011048003,-15.0144825,-15.747928,-16.38286,-16.892105,-18.167088,99.0,99.0,99.0,99.0,99.0,-14.993205,-15.730618,-16.368908,-16.881962,-18.164104,7.016125,423
1000101000088,1000101000113,1000101000087,1000101000014,49000100000506,49000100000506,1000101000000,1000101000089,-1,2,49,0.45657724,74.87714,6592,29.814175,40.046616,29.966244,89962,3,4,3,264.60745,-21.289282,-59.419674,25,0.774591,0.011048003,54.911625,56.679718,0.05764084,0.021857195,0.0,0.0,0.0,0.0,5.560749E-4,8.273375E-5,0.0,0.0,0.0,4.8470247E-4,0.0,0.0,0.005512119,0.011048003,-15.072887,-15.798643,-16.428284,-16.932634,-18.20243,99.0,99.0,99.0,99.0,99.0,-15.051955,-15.781484,-16.414423,-16.922552,-18.199476,6.6440105,77
1000101000089,1000101000113,1000101000088,1000101000015,48000100000512,48000100000512,1000101000000,1000101000090,-1,2,48,0.5085914,76.77058,6592,29.704967,39.97674,29.948395,89960,3,4,3,294.7785,232.93532,103.515396,25,0.774591,0.011048003,54.911625,56.679718,0.057694957,0.021849617,0.0,0.0,0.0,0.0,5.5619795E-4,8.266065E-5,0.0,0.0,0.0,6.8411516E-4,0.0,0.0,0.005512119,0.011048003,-15.135035,-15.851581,-16.47487,-16.973337,-18.236446,99.0,99.0,99.0,99.0,99.0,-15.113411,-15.834099,-16.460808,-16.963116,-18.233433,6.2704043,197
1000101000090,1000101000113,1000101000089,1000101000016,47000100000497,47000100000497,1000101000000,1000101000091,-1,2,47,0.5641766,75.99599,6592,29.60361,39.964695,29.952063,89960,3,4,3,235.28789,-39.357296,-52.759953,25,0.774591,0.011048003,54.911625,56.679718,0.057771526,0.021838896,0.0,0.0,0.0,0.0,5.563714E-4,8.255732E-5,0.0,0.0,0.0,9.6572057E-4,0.0,0.0,0.005512119,0.011048003,-15.203009,-15.909028,-16.525244,-17.017494,-18.274714,99.0,99.0,99.0,99.0,99.0,-15.181957,-15.891795,-16.51133,-17.007374,-18.271748,5.896711,798
1000101000091,1000101000113,1000101000090,1000101000017,46000100000504,46000100000504,1000101000000,1000101000092,-1,2,46,0.6235901,75.2214,6592,29.485325,39.896935,29.938944,89960,3,4,3,234.68082,329.51678,132.74675,25,0.774591,0.011048003,54.911625,56.679718,0.057879496,0.021823775,0.0,0.0,0.0,0.0,5.5661437E-4,8.241181E-5,0.0,0.0,0.0,0.0013618685,0.0,0.0,0.005512119,0.011048003,-15.278134,-15.972509,-16.58129,-17.067682,-18.32165,99.0,99.0,99.0,99.0,99.0,-15.25689,-15.955173,-16.567303,-17.057512,-18.318663,5.5243654,917
1000101000092,1000101000113,1000101000091,1000101000018,45000100000509,45000100000509,1000101000000,1000101000093,-1,2,45,0.6871088,73.24189,6592,29.372997,39.828953,29.916643,89960,3,4,3,248.59312,-41.338737,-53.087406,25,0.774591,0.011048003,54.911625,56.679718,0.05803108,0.021802546,0.0,0.0,0.0,0.0,5.569534E-4,8.220785E-5,0.0,0.0,0.0,0.0019163784,0.0,0.0,0.005512119,0.011048003,-15.360075,-16.041689,-16.642904,-17.124086,-18.377527,99.0,99.0,99.0,99.0,99.0,-15.338419,-16.024136,-16.628773,-17.113813,-18.374498,5.1549067,357
1000101000093,1000101000113,1000101000092,1000101000019,44000100000538,44000100000538,1000101000000,1000101000094,-1,2,44,0.75503564,64.97958,6599,29.256702,39.85476,29.92854,89953,3,4,3,224.98657,108.08986,27.835337,25,0.774591,0.011048003,54.911625,56.679718,0.058242746,0.0217729,0.0,0.0,0.0,0.0,5.574218E-4,8.192376E-5,0.0,0.0,0.0,0.0026877462,0.0,0.0,0.005512119,0.011048003,-15.453415,-16.121637,-16.715248,-17.191607,-18.446245,99.0,99.0,99.0,99.0,99.0,-15.434642,-16.106426,-16.703005,-17.182705,-18.443623,4.7899127,854
1000101000094,1000101000113,1000101000093,1000101000020,43000100000506,43000100000506,1000101000000,1000101000095,-1,2,43,0.8276991,60.159904,6599,29.136175,39.72903,29.917728,89953,3,4,3,270.2712,297.1117,-44.708725,25,0.774591,0.011048003,54.911625,56.679718,0.058536295,0.02173179,0.0,0.0,0.0,0.0,5.580622E-4,8.153109E-5,0.0,0.0,0.0,0.003752887,0.0,0.0,0.005512119,0.011048003,-15.557106,-16.210373,-16.795443,-17.266378,-18.521,99.0,99.0,99.0,99.0,99.0,-15.538455,-16.195183,-16.783195,-17.257473,-18.518381,4.4310102,79
1000101000095,1000101000113,1000101000094,1000101000021,42000100000517,42000100000517,1000101000000,1000101000096,-1,2,42,0.9054624,55.68449,6599,29.01729,39.6558,29.926844,89953,3,4,3,207.14838,8.309565,13.632706,25,0.774591,0.011048003,54.911625,56.679718,0.058940202,0.021675222,0.0,0.0,0.0,0.0,5.5892573E-4,8.0993275E-5,0.0,0.0,0.0,0.0052111447,0.0,0.0,0.005512119,0.011048003,-15.671751,-16.308258,-16.88368,-17.348436,-18.60117,99.0,99.0,99.0,99.0,99.0,-15.650037,-16.291473,-16.87037,-17.338764,-18.59824,4.0798306,210
1000101000096,1000101000113,1000101000095,1000101000022,41000100000547,41000100000547,1000101000000,1000101000097,-1,2,41,0.98870814,51.29514,6599,28.898018,39.69201,29.882221,89953,3,4,3,271.77188,7.835425,59.335434,25,0.774591,0.011048003,54.911625,56.679718,0.059490923,0.021598095,0.0,0.0,0.0,0.0,5.600706E-4,8.026465E-5,0.0,0.0,0.0,0.0071885805,0.0,0.0,0.005512119,0.011048003,-15.798035,-16.415659,-16.979927,-17.437357,-18.685007,99.0,99.0,99.0,99.0,99.0,-15.778625,-16.399971,-16.967312,-17.428183,-18.682299,3.7380292,226
1000101000097,1000101000113,1000101000096,1000101000023,40000100000524,40000100000524,1000101000000,1000101000098,-1,2,40,1.0778745,49.573826,6599,28.77615,39.615753,29.89137,89953,3,4,3,144.15666,313.68845,-87.61493,25,0.774591,0.011048003,54.911625,56.679718,0.060234364,0.021493977,0.0,0.0,0.0,0.0,5.6155684E-4,7.928944E-5,0.0,0.0,0.0,0.009841711,0.0,0.0,0.005512119,0.011048003,-15.933542,-16.529093,-17.080034,-17.52849,-18.767492,99.0,99.0,99.0,99.0,99.0,-15.909322,-16.510757,-17.065613,-17.518007,-18.764278,3.4071636,600
1000101000098,1000101000113,1000101000097,1000101000024,39000100000533,39000100000533,1000101000000,1000101000099,-1,2,39,1.173417,47.76645,6599,28.726358,39.51309,29.914532,89953,3,4,3,127.9832,83.73574,7.767729,25,0.774591,0.011048003,54.911625,56.679718,0.061226815,0.021354984,0.0,0.0,0.0,0.0,5.63436E-4,7.800245E-5,0.0,0.0,0.0,0.013360408,0.0,0.0,0.005512119,0.011048003,-16.078194,-16.649284,-17.185436,-17.623857,-18.85206,99.0,99.0,99.0,99.0,99.0,-16.056398,-16.632114,-17.171757,-17.613914,-18.849087,3.0887733,788
1000101000099,1000101000113,1000101000098,1000101000025,38000100000495,38000100000495,1000101000000,1000101000100,-1,2,38,1.2758462,43.979557,6599,28.623394,39.490597,29.888363,89953,3,4,3,251.67204,20.655903,101.14539,25,0.774591,0.011048003,54.911625,56.679718,0.06253595,0.021171644,0.0,0.0,0.0,0.0,5.657349E-4,7.633029E-5,0.0,0.0,0.0,0.01796978,0.0,0.0,0.005512119,0.011048003,-16.231287,-16.775677,-17.295788,-17.723583,-18.938683,99.0,99.0,99.0,99.0,99.0,-16.201582,-16.753834,-17.27885,-17.711277,-18.934849,2.7842216,961
1000101000100,1000101000113,1000101000099,1000101000026,37000100000503,37000100000503,1000101000000,1000101000101,-1,2,37,1.3857181,44.065624,6599,28.415129,39.484974,29.818106,89953,3,4,3,413.46332,81.78385,7.8967767,25,0.774591,0.011048003,54.911625,56.679718,0.06424099,0.020932855,0.0,0.0,0.0,0.0,5.684282E-4,7.419502E-5,0.0,0.0,0.0,0.023929343,0.0,0.0,0.005512119,0.011048003,-16.38898,-16.903473,-17.405588,-17.821753,-19.019403,99.0,99.0,99.0,99.0,99.0,-16.366035,-16.885288,-17.391092,-17.811218,-19.016268,2.4947171,355
1000101000101,1000101000113,1000101000100,1000101000027,36000100000477,36000100000477,1000101000000,1000101000102,-1,2,36,1.5036365,44.409885,6599,28.226776,39.41653,29.839397,89952,3,4,3,255.76964,119.87046,-42.94093,25,0.774591,0.011048003,54.911625,56.679718,0.066432066,0.020625995,0.0,0.0,0.0,0.0,5.714028E-4,7.151984E-5,0.0,0.0,0.0,0.031530205,0.0,0.0,0.005512119,0.011048003,-16.546116,-17.027374,-17.509386,-17.91298,-19.08982,99.0,99.0,99.0,99.0,99.0,-16.524572,-17.01042,-17.495918,-17.903193,-19.086899,2.221247,760
1000101000102,1000101000113,1000101000101,1000101000028,35000100000486,35000100000486,1000101000000,1000101000103,-1,2,35,1.6302707,44.495953,6599,28.121962,39.370644,29.865171,89952,3,4,3,117.76675,63.945015,-47.562687,25,0.774591,0.011048003,54.911625,56.679718,0.06920892,0.020237098,0.0,0.0,0.0,0.0,5.744131E-4,6.8236805E-5,0.0,0.0,0.0,0.04108786,0.0,0.0,0.005512119,0.011048003,-16.706116,-17.153816,-17.615412,-18.006395,-19.160742,99.0,99.0,99.0,99.0,99.0,-16.681839,-17.134836,-17.600391,-17.995474,-19.157467,1.9645334,578
1000101000103,1000101000113,1000101000102,1000101000029,34000100000457,34000100000457,1000101000000,1000101000104,-1,2,34,1.766336,41.397587,6599,28.09214,39.33294,29.852652,89952,3,4,3,10.937711,16.28497,126.47444,25,0.774591,0.011048003,54.911625,56.679718,0.07267768,0.0197513,0.0,0.0,0.0,0.0,5.7702756E-4,6.42974E-5,0.0,0.0,0.0,0.05293291,0.0,0.0,0.005512119,0.011048003,-16.870098,-17.286362,-17.728785,-18.10795,-19.239672,99.0,99.0,99.0,99.0,99.0,-16.842653,-17.26526,-17.712221,-18.095867,-19.235994,1.7250606,899
1000101000104,1000101000113,1000101000103,1000101000030,33000100000446,33000100000446,1000101000000,1000101000105,-1,2,33,1.9126327,40.450867,6599,28.01006,39.374264,29.785904,89952,3,4,3,282.0608,-49.313305,100.73715,25,0.774591,0.011048003,54.911625,56.679718,0.07694787,0.019153262,0.0,0.0,0.0,0.0,5.785814E-4,5.9682472E-5,0.0,0.0,0.0,0.06739796,0.0,0.0,0.005512119,0.011048003,-17.039394,-17.422544,-17.84492,-18.211788,-19.31968,99.0,99.0,99.0,99.0,99.0,-17.019924,-17.406736,-17.832222,-18.202553,-19.316967,1.5029874,467
1000101000105,1000101000113,1000101000104,1000101000031,32000100000458,32000100000458,1000101000000,1000101000106,-1,2,32,2.0700274,37.868896,6599,27.835432,39.372017,29.75961,89952,3,4,3,311.73367,56.509804,-22.636082,25,0.774591,0.011048003,54.911625,56.679718,0.08212699,0.018427927,0.0,0.0,0.0,0.0,5.781381E-4,5.4413136E-5,0.0,0.0,0.0,0.08480205,0.0,0.0,0.005512119,0.011048003,-17.201431,-17.54314,-17.939705,-18.290474,-19.366184,99.0,99.0,99.0,99.0,99.0,-17.177551,-17.524673,-17.925276,-18.280058,-19.363167,1.2982179,468
1000101000106,1000101000113,1000101000105,1000101000032,31000100000452,31000100000452,1000101000000,1000101000107,-1,2,31,2.2394855,34.512333,6599,27.662464,39.283085,29.771706,89952,3,4,3,274.7723,219.57698,-4.9605255,25,0.774591,0.011048003,54.911625,56.679718,0.08831586,0.01756118,0.0,0.0,0.0,0.0,5.744715E-4,4.8557813E-5,0.0,0.0,0.0,0.105432756,0.0,0.0,0.005512119,0.011048003,-17.340273,-17.637413,-18.004744,-18.337486,-19.37424,99.0,99.0,99.0,99.0,99.0,-17.321278,-17.622522,-17.99304,-18.329071,-19.371832,1.1103706,708
1000101000107,1000101000113,1000101000106,1000101000033,30000100000404,30000100000404,1000101000000,1000101000108,-1,2,30,2.422044,32.532825,6599,27.561224,39.155952,29.791178,89952,3,4,3,48.79173,215.0546,-68.892204,25,0.774591,0.011048003,54.911625,56.679718,0.09560146,0.016540833,0.0,0.0,0.0,0.0,5.6608336E-4,4.2237258E-5,0.0,0.0,0.0,0.12952812,0.0,0.0,0.005512119,0.011048003,-17.46152,-17.72038,-18.060501,-18.374681,-19.362652,99.0,99.0,99.0,99.0,99.0,-17.438902,-17.703617,-18.047796,-18.365753,-19.3602,0.938859,46
1000101000108,1000101000113,1000101000107,1000101000034,29000100000388,29000100000388,1000101000000,1000101000109,-1,2,29,2.6188614,27.885277,6599,27.58166,39.066868,29.81749,89952,3,4,3,-91.45622,59.20557,5.588724,25,0.774591,0.011048003,54.911625,56.679718,0.10405259,0.015357259,0.0,0.0,0.0,0.0,5.512552E-4,3.562162E-5,0.0,0.0,0.0,0.1572595,0.0,0.0,0.005512119,0.011048003,-17.567057,-17.786806,-18.09625,-18.388252,-19.316113,99.0,99.0,99.0,99.0,99.0,-17.547441,-17.772085,-18.085005,-18.380352,-19.313934,0.7828717,736
1000101000109,1000101000113,1000101000108,1000101000035,28000100000350,28000100000350,1000101000000,1000101000110,-1,2,28,2.8311827,28.22954,6599,27.610678,39.066895,29.81618,89952,3,4,3,-26.2765,-29.227745,-16.49065,25,0.774591,0.011048003,54.911625,56.679718,0.113712765,0.01400436,0.0,0.0,0.0,0.0,5.2813964E-4,2.892479E-5,0.0,0.0,0.0,0.18871859,0.0,0.0,0.005512119,0.011048003,-17.674164,-17.852528,-18.129934,-18.402552,-19.286213,99.0,99.0,99.0,99.0,99.0,-17.658339,-17.840162,-18.120255,-18.395647,-19.284267,0.64144963,447
1000101000110,1000101000113,1000101000109,1000101000036,27000100000318,27000100000318,1000101000000,1000101000111,-1,2,27,3.060419,24.959045,6599,27.607306,39.07933,29.804337,89952,3,4,3,76.855095,-21.971415,45.2585,25,0.774591,0.011048003,54.911625,56.679718,0.12459907,0.012479746,0.0,0.0,0.0,0.0,4.948724E-4,2.239006E-5,0.0,0.0,0.0,0.24380393,0.0,0.0,0.005512119,0.011048003,-17.742188,-17.916105,-18.188902,-18.461956,-19.328875,99.0,99.0,99.0,99.0,99.0,-17.726748,-17.903744,-18.178959,-18.454544,-19.326336,0.51345056,82
1000101000111,1000101000113,1000101000110,1000101000057,25000100002525,25000100002525,1000101000000,1000101000112,-1,0,25,3.575905,0.774591,6599,27.381058,39.117554,29.70306,89952,3,4,3,132.94687,-57.131187,26.466572,25,0.774591,0.011048003,54.911625,56.679718,0.15007788,0.008911459,0.0,0.0,0.096827224,0.0,3.9093976E-4,1.0854348E-5,0.0,0.0,6.723008E-5,0.32860452,0.0,0.0,0.005512119,0.011048003,-17.832329,-17.924715,-18.138563,-18.369143,-19.116999,99.0,99.0,99.0,99.0,99.0,-17.810724,-17.908121,-18.12563,-18.35967,-19.113895,0.29312137,311
1000101000112,1000101000113,1000101000111,1000101000058,23000100002149,23000100002149,1000101000000,1000101000113,-1,0,23,4.1794686,0.6885254,6600,27.233316,39.133377,29.69874,89897,3,4,3,159.24629,-64.66582,18.604437,24,0.6885254,0.009414464,56.08312,59.684063,0.17990632,0.0047340114,0.0,0.0,0.07117624,0.0,2.2902791E-4,2.9777307E-6,0.0,0.0,1.7152846E-5,0.5251751,0.0,0.0,0.0046334444,0.009414464,-17.986786,-17.97289,-18.110058,-18.2644,-18.76921,99.0,99.0,99.0,99.0,99.0,-17.974749,-17.963173,-18.102419,-18.258696,-18.767372,0.10520936,756
1000101000113,1000101000113,1000101000112,1000101000059,22000100002284,22000100002284,1000101000000,-1,-1,0,22,4.5195556,1.8073797,6600,27.189962,39.250534,29.667398,89897,3,4,3,153.17165,-56.583786,18.750443,21,1.8073797,0.012201658,79.81513,62.845894,0.13974753,0.0017501949,0.0,0.07020237,0.053669147,0.0,8.795564E-5,4.918375E-7,0.0,2.5165716E-6,1.1514697E-6,0.3328238,0.0,42.576458,0.0031370942,0.011102461,-17.752127,-17.608612,-17.628237,-17.624647,-17.676003,99.0,99.0,99.0,99.0,99.0,-17.747492,-17.604748,-17.625048,-17.622154,-17.675014,0.028714724,287
1000101000114,1000101000144,-1,1000101000000,63000100000553,63000100000553,1000101000000,1000101000115,-1,2,63,0.0,79.52468,6592,31.078598,40.73526,30.212894,89963,3,4,3,357.90594,58.683517,-49.464867,21,1.8073797,0.03415698,47.704014,61.18544,0.04230386,0.022400185,0.0,0.0,0.0,0.0,4.8701273E-4,9.70145E-5,0.0,0.0,0.0,4.0124197E-4,0.0,0.0,0.0046550264,0.038095154,-14.95572,-15.70598,-16.350622,-16.871847,-18.180603,99.0,99.0,99.0,99.0,99.0,-14.9245,-15.68032,-16.329876,-16.856758,-18.17619,7.4808946,428
1000101000115,1000101000144,1000101000114,1000101000001,62000100000552,62000100000552,1000101000000,1000101000116,-1,2,62,0.019932542,79.26648,6592,31.007833,40.72241,30.221058,89963,3,4,3,358.0635,72.19861,-31.962988,21,1.8073797,0.03415698,47.704014,61.18544,0.042335264,0.022395788,0.0,0.0,0.0,0.0,4.871427E-4,9.696389E-5,0.0,0.0,0.0,5.172557E-4,0.0,0.0,0.0046550264,0.038095154,-14.998102,-15.742944,-16.383904,-16.901735,-18.206835,99.0,99.0,99.0,99.0,99.0,-14.970748,-15.720611,-16.36589,-16.888643,-18.203003,7.2189026,555
1000101000116,1000101000144,1000101000115,1000101000002,61000100000557,61000100000557,1000101000000,1000101000117,-1,2,61,0.041403063,78.75009,6592,30.932268,40.706116,30.226236,89963,3,4,3,358.40366,82.32396,-17.12014,21,1.8073797,0.03415698,47.704014,61.18544,0.04237766,0.022389852,0.0,0.0,0.0,0.0,4.8731788E-4,9.68956E-5,0.0,0.0,0.0,6.745705E-4,0.0,0.0,0.0046550264,0.038095154,-15.0447445,-15.782997,-16.419563,-16.93333,-18.233887,99.0,99.0,99.0,99.0,99.0,-15.017064,-15.760501,-16.401443,-16.920164,-18.230028,6.944923,910
1000101000117,1000101000144,1000101000116,1000101000003,60000100000529,60000100000529,1000101000000,1000101000118,-1,2,60,0.064493395,79.52468,6592,30.85072,40.686264,30.2288,89963,3,4,3,364.65027,92.80869,-8.552827,21,1.8073797,0.03415698,47.704014,61.18544,0.04243535,0.02238177,0.0,0.0,0.0,0.0,4.8755587E-4,9.680272E-5,0.0,0.0,0.0,8.8949513E-4,0.0,0.0,0.0046550264,0.038095154,-15.095986,-15.826276,-16.45769,-16.966827,-18.262377,99.0,99.0,99.0,99.0,99.0,-15.068955,-15.804071,-16.439741,-16.953772,-18.258556,6.6595244,506
1000101000118,1000101000144,1000101000117,1000101000004,59000100000496,59000100000496,1000101000000,1000101000119,-1,2,59,0.08928783,78.664024,6592,30.763481,40.66367,30.23112,89963,3,4,3,361.86362,94.45433,-10.891717,21,1.8073797,0.03415698,47.704014,61.18544,0.042514443,0.022370696,0.0,0.0,0.0,0.0,4.8788116E-4,9.667554E-5,0.0,0.0,0.0,0.001185403,0.0,0.0,0.0046550264,0.038095154,-15.1523695,-15.873252,-16.498816,-17.003073,-18.294048,99.0,99.0,99.0,99.0,99.0,-15.125322,-15.851021,-16.48084,-16.989996,-18.29022,6.363426,150
1000101000119,1000101000144,1000101000118,1000101000005,58000100000483,58000100000483,1000101000000,1000101000120,-1,2,58,0.11588337,78.75009,6592,30.672886,40.640163,30.234383,89963,3,4,3,344.6166,89.12148,-15.946833,21,1.8073797,0.03415698,47.704014,61.18544,0.042623714,0.022355394,0.0,0.0,0.0,0.0,4.8832875E-4,9.650008E-5,0.0,0.0,0.0,0.0015957697,0.0,0.0,0.0046550264,0.038095154,-15.2161255,-15.926334,-16.545603,-17.045094,-18.332794,99.0,99.0,99.0,99.0,99.0,-15.187483,-15.903315,-16.527111,-17.031649,-18.328823,6.0574164,209
1000101000120,1000101000144,1000101000119,1000101000006,57000100000478,57000100000478,1000101000000,1000101000121,-1,2,57,0.14438343,78.664024,6592,30.581,40.61591,30.23864,89963,3,4,3,329.6663,88.72342,-11.74064,21,1.8073797,0.03415698,47.704014,61.18544,0.042775717,0.022334108,0.0,0.0,0.0,0.0,4.889478E-4,9.6256495E-5,0.0,0.0,0.0,0.002168583,0.0,0.0,0.0046550264,0.038095154,-15.289469,-15.987932,-16.60063,-17.095543,-18.381544,99.0,99.0,99.0,99.0,99.0,-15.260055,-15.964493,-16.58184,-17.081871,-18.37748,5.74244,666
1000101000121,1000101000144,1000101000120,1000101000007,56000100000494,56000100000494,1000101000000,1000101000122,-1,2,56,0.17489761,77.28697,6592,30.487768,40.58968,30.237507,89963,3,4,3,327.23132,100.732346,20.527367,21,1.8073797,0.03415698,47.704014,61.18544,0.04298849,0.022304315,0.0,0.0,0.0,0.0,4.8980786E-4,9.591645E-5,0.0,0.0,0.0,0.0029729835,0.0,0.0,0.0046550264,0.038095154,-15.374224,-16.059536,-16.665121,-17.155333,-18.440628,99.0,99.0,99.0,99.0,99.0,-15.345449,-16.036356,-16.646477,-17.141762,-18.436607,5.4196506,478
1000101000122,1000101000144,1000101000121,1000101000008,55000100000480,55000100000480,1000101000000,1000101000123,-1,2,55,0.20754863,75.73779,6592,30.388697,40.55419,30.228716,89963,3,4,3,328.75885,130.13206,33.70639,21,1.8073797,0.03415698,47.704014,61.18544,0.043288074,0.022262359,0.0,0.0,0.0,0.0,4.910056E-4,9.543955E-5,0.0,0.0,0.0,0.0041087484,0.0,0.0,0.0046550264,0.038095154,-15.472709,-16.143028,-16.740597,-17.225565,-18.510256,99.0,99.0,99.0,99.0,99.0,-15.444029,-16.11982,-16.721903,-17.211956,-18.506227,5.0903764,511
1000101000123,1000101000144,1000101000122,1000101000009,54000100000496,54000100000496,1000101000000,1000101000124,-1,2,54,0.24246909,76.426315,6592,30.28324,40.508106,30.21801,89963,3,4,3,331.1036,157.29321,30.048372,21,1.8073797,0.03415698,47.704014,61.18544,0.043712035,0.022202985,0.0,0.0,0.0,0.0,4.926747E-4,9.476833E-5,0.0,0.0,0.0,0.005719857,0.0,0.0,0.0046550264,0.038095154,-15.585415,-16.2376,-16.82522,-17.303444,-18.585583,99.0,99.0,99.0,99.0,99.0,-15.556434,-16.214151,-16.806334,-17.28969,-18.58151,4.756202,845
1000101000124,1000101000144,1000101000123,1000101000010,53000100000535,53000100000535,1000101000000,1000101000125,-1,2,53,0.2798018,76.34025,6592,30.177248,40.454376,30.20877,89962,3,4,3,304.96008,164.14702,28.642366,21,1.8073797,0.03415698,47.704014,61.18544,0.04431459,0.022118596,0.0,0.0,0.0,0.0,4.949951E-4,9.3821676E-5,0.0,0.0,0.0,0.008014082,0.0,0.0,0.0046550264,0.038095154,-15.71153,-16.341442,-16.916573,-17.386086,-18.66302,99.0,99.0,99.0,99.0,99.0,-15.681854,-16.317513,-16.897318,-17.37206,-18.65885,4.41907,162
1000101000125,1000101000144,1000101000124,1000101000011,52000100000521,52000100000521,1000101000000,1000101000126,-1,2,52,0.31970343,77.200905,6592,30.074501,40.396538,30.196615,89962,3,4,3,282.03503,165.72658,44.919056,21,1.8073797,0.03415698,47.704014,61.18544,0.045173977,0.02199824,0.0,0.0,0.0,0.0,4.9820123E-4,9.248627E-5,0.0,0.0,0.0,0.011290557,0.0,0.0,0.0046550264,0.038095154,-15.853096,-16.456272,-17.016357,-17.475653,-18.745092,99.0,99.0,99.0,99.0,99.0,-15.8143635,-16.42744,-16.993658,-17.459007,-18.739746,4.0812774,190
1000101000126,1000101000144,1000101000125,1000101000012,51000100000516,51000100000516,1000101000000,1000101000127,-1,2,51,0.36234027,77.45911,6592,29.970154,40.332706,30.175358,89962,3,4,3,288.60855,184.9401,67.32911,21,1.8073797,0.03415698,47.704014,61.18544,0.046402648,0.021826167,0.0,0.0,0.0,0.0,5.025777E-4,9.060648E-5,0.0,0.0,0.0,0.01597907,0.0,0.0,0.0046550264,0.038095154,-16.009872,-16.581038,-17.123053,-17.570684,-18.829815,99.0,99.0,99.0,99.0,99.0,-15.9764595,-16.55472,-17.102022,-17.555342,-18.82515,3.745653,473
1000101000127,1000101000144,1000101000126,1000101000013,50000100000511,50000100000511,1000101000000,1000101000128,-1,2,50,0.40789944,75.47959,6592,29.85719,40.256477,30.150148,89962,3,4,3,291.0858,216.66803,58.99871,21,1.8073797,0.03415698,47.704014,61.18544,0.04816208,0.021579755,0.0,0.0,0.0,0.0,5.084311E-4,8.797337E-5,0.0,0.0,0.0,0.022694185,0.0,0.0,0.0046550264,0.038095154,-16.182983,-16.717278,-17.238298,-17.672932,-18.918406,99.0,99.0,99.0,99.0,99.0,-16.143074,-16.687067,-17.214453,-17.655472,-18.912859,3.415584,703
1000101000128,1000101000144,1000101000127,1000101000014,49000100000506,49000100000506,1000101000000,1000101000129,-1,2,49,0.45657724,74.87714,6592,29.748228,40.162273,30.126318,89962,3,4,3,250.94199,248.55823,68.72151,21,1.8073797,0.03415698,47.704014,61.18544,0.05068244,0.02122678,0.0,0.0,0.0,0.0,5.160001E-4,8.431734E-5,0.0,0.0,0.0,0.032309752,0.0,0.0,0.0046550264,0.038095154,-16.37184,-16.864075,-17.360617,-17.780676,-19.007936,99.0,99.0,99.0,99.0,99.0,-16.340305,-16.83914,-17.34069,-17.76614,-19.003506,3.0952964,453
1000101000129,1000101000144,1000101000128,1000101000015,48000100000512,48000100000512,1000101000000,1000101000130,-1,2,48,0.5085914,76.77058,6592,29.6523,40.052666,30.090717,89962,3,4,3,210.2677,279.85068,108.66482,21,1.8073797,0.03415698,47.704014,61.18544,0.054290306,0.0207215,0.0,0.0,0.0,0.0,5.2524765E-4,7.930889E-5,0.0,0.0,0.0,0.046059668,0.0,0.0,0.0046550264,0.038095154,-16.57158,-17.016731,-17.485157,-17.888964,-19.093466,99.0,99.0,99.0,99.0,99.0,-16.527647,-16.984047,-17.459581,-17.87019,-19.087263,2.7900856,876
1000101000130,1000101000144,1000101000129,1000101000016,47000100000497,47000100000497,1000101000000,1000101000131,-1,2,47,0.5641766,75.99599,6592,29.56935,39.922764,30.0266,89960,3,4,3,181.59203,302.87003,202.50963,21,1.8073797,0.03415698,47.704014,61.18544,0.05944503,0.01999959,0.0,0.0,0.0,0.0,5.3543894E-4,7.258123E-5,0.0,0.0,0.0,0.06567108,0.0,0.0,0.0046550264,0.038095154,-16.771082,-17.162094,-17.596422,-17.978973,-19.144457,99.0,99.0,99.0,99.0,99.0,-16.707289,-17.11717,-17.56203,-17.953424,-19.134907,2.5069237,624
1000101000131,1000101000144,1000101000130,1000101000017,46000100000504,46000100000504,1000101000000,1000101000132,-1,2,46,0.6235901,75.2214,6592,29.49603,39.816586,29.90759,89960,3,4,3,148.40828,154.52654,284.38412,21,1.8073797,0.03415698,47.704014,61.18544,0.06678705,0.018971348,0.0,0.0,0.0,0.0,5.4436066E-4,6.379068E-5,0.0,0.0,0.0,0.09353632,0.0,0.0,0.0046550264,0.038095154,-16.965363,-17.301432,-17.70143,-18.063185,-19.188976,99.0,99.0,99.0,99.0,99.0,-16.932047,-17.275204,-17.680592,-18.047987,-19.184227,2.2557106,123
1000101000132,1000101000144,1000101000131,1000101000067,45000100000510,45000100000509,1000101000000,1000101000133,-1,1,45,0.6871088,73.24189,6592,29.427525,39.755432,29.788189,89960,3,4,3,158.67302,80.926346,228.7009,21,1.8073797,0.03415698,47.704014,61.18544,0.077198654,0.017513216,0.0,0.0,0.0,0.0,5.470006E-4,5.2740215E-5,0.0,0.0,0.0,0.13292904,0.0,0.0,0.0046550264,0.038095154,-17.11572,-17.407036,-17.780891,-18.12675,-19.212337,99.0,99.0,99.0,99.0,99.0,-17.08339,-17.381842,-17.760965,-18.11215,-19.20757,2.0523636,958
1000101000133,1000101000144,1000101000132,1000101000068,44000100000539,44000100000538,1000101000000,1000101000134,-1,1,44,0.75503564,64.97958,6592,29.336117,39.736862,29.686045,89960,3,4,3,174.20811,53.909397,188.42293,35,3.0122995,0.0395039,57.266293,63.06642,0.09188054,0.015457033,0.0,0.0,0.0,0.0,5.3348654E-4,3.9590403E-5,0.0,0.0,0.0,0.1042911,0.0,0.0,0.0058001345,0.038095154,-16.940998,-17.249432,-17.632935,-17.982672,-19.05217,99.0,99.0,99.0,99.0,99.0,-16.918314,-17.232231,-17.619503,-17.972803,-19.04881,1.9274743,15
1000101000134,1000101000144,1000101000133,1000101000069,43000100002473,43000100002473,1000101000000,1000101000135,-1,0,43,0.8276991,2.9262328,6599,29.251726,39.698383,29.606743,89953,3,4,3,180.77898,41.833374,161.23572,38,2.9262328,0.038095154,57.4764,63.989113,0.10327081,0.013861832,0.0,0.0,0.22374646,0.0,5.108504E-4,3.106166E-5,0.0,0.0,1.8716262E-4,0.08808574,0.0,0.0,0.006786951,0.038095154,-16.832333,-17.153452,-17.544573,-17.897142,-18.957224,99.0,99.0,99.0,99.0,99.0,-16.819628,-17.14373,-17.536964,-17.891577,-18.955402,1.759368,681
1000101000135,1000101000144,1000101000134,1000101000070,42000100002475,42000100002475,1000101000000,1000101000136,-1,0,42,0.9054624,3.0122986,6599,29.156172,39.672356,29.528202,89953,3,4,3,186.3423,36.260944,144.08734,39,3.0122986,0.037384044,58.86753,61.53366,0.11275132,0.012534096,0.0,0.0,0.21559371,0.0,4.8486865E-4,2.4950683E-5,0.0,0.0,1.4937436E-4,0.0657117,0.0,0.0,0.00784244,0.037384044,-16.709698,-17.05058,-17.450842,-17.80522,-18.853703,99.0,99.0,99.0,99.0,99.0,-16.701366,-17.04417,-17.445822,-17.801563,-18.852545,1.5634047,605
1000101000136,1000101000144,1000101000135,1000101000071,41000100002728,41000100002728,1000101000000,1000101000137,-1,0,41,0.98870814,2.6680357,6599,29.068676,39.661606,29.46573,89953,3,4,3,186.08414,32.38578,125.317535,36,2.6680357,0.034827072,57.399395,66.0113,0.11969561,0.011561525,0.0,1.5185511E-4,0.20962198,0.0,4.620563E-4,2.0995181E-5,0.0,1.3158595E-7,1.2495447E-4,0.05090826,0.0,37.856995,0.008869053,0.0022605658,-16.68862,-17.028534,-17.42278,-17.770239,-18.794785,99.0,99.0,99.0,99.0,99.0,-16.68378,-17.024685,-17.419716,-17.768013,-18.794115,1.3236538,433
1000101000137,1000101000144,1000101000136,1000101000072,40000100002596,40000100002596,1000101000000,1000101000138,-1,0,40,1.0778745,2.840167,6599,28.979742,39.64974,29.407589,89953,3,4,3,186.05179,27.670092,117.403564,40,2.840167,0.034429707,59.56282,60.152313,0.124960065,0.0108241765,0.0,0.0,0.20566833,0.0,4.427617E-4,1.8272403E-5,0.0,0.0,1.08659384E-4,0.08258456,0.0,0.0,0.008156488,0.034429707,-16.941545,-17.218472,-17.566473,-17.880701,-18.819656,99.0,99.0,99.0,99.0,99.0,-16.936092,-17.214151,-17.563044,-17.878204,-18.818893,1.0534729,883
1000101000138,1000101000144,1000101000137,1000101000073,39000100002684,39000100002684,1000101000000,1000101000139,-1,0,39,1.173417,2.1516418,6599,28.889479,39.652,29.35191,89953,3,4,3,182.39139,25.613976,106.59202,39,2.1516418,0.030329779,55.23576,60.559258,0.13328792,0.009657865,0.0,0.0,0.19850677,0.0,4.089566E-4,1.4433775E-5,0.0,0.0,8.491826E-5,0.0963067,0.0,0.0,0.008535098,0.030329779,-17.050478,-17.274597,-17.581635,-17.869404,-18.740456,99.0,99.0,99.0,99.0,99.0,-17.045652,-17.270853,-17.578693,-17.867264,-18.73979,0.8200219,939
1000101000139,1000101000144,1000101000138,1000101000074,38000100002682,38000100002682,1000101000000,1000101000140,-1,0,38,1.2758462,3.18443,6596,28.779364,39.640987,29.294987,89925,3,4,3,174.7295,23.333403,96.19832,39,3.18443,0.03333575,64.09597,79.458015,0.14263186,0.008336259,0.0,0.008464716,0.18996876,0.0,3.6590997E-4,1.0732048E-5,0.0,2.8960858E-6,5.921243E-5,0.1547566,0.0,40.453575,0.00747533,0.010421464,-17.286785,-17.439926,-17.697386,-17.956507,-18.76372,99.0,99.0,99.0,99.0,99.0,-17.27571,-17.431665,-17.691053,-17.951912,-18.762222,0.59323716,284
1000101000140,1000101000144,1000101000139,1000101000075,37000100002938,37000100002938,1000101000000,1000101000141,-1,0,37,1.3857181,2.3237731,6596,28.680355,39.642136,29.236431,89925,3,4,3,168.83342,26.798458,86.14578,34,2.3237731,0.028890014,58.81566,69.38008,0.15712613,0.0062797833,0.0,0.0,0.11709661,0.0,2.901464E-4,6.24252E-6,0.0,0.0,3.4126064E-5,0.31374055,0.0,0.0,0.006005451,0.028890014,-17.52764,-17.597496,-17.802607,-18.018879,-18.720736,99.0,99.0,99.0,99.0,99.0,-17.512686,-17.586206,-17.793953,-18.012667,-18.718775,0.41369992,728
1000101000141,1000101000144,1000101000140,1000101000076,36000100002887,36000100002887,1000101000000,1000101000142,-1,0,36,1.5036365,2.6680357,6596,28.575829,39.618034,29.198132,89925,3,4,3,167.10034,23.947992,80.91365,35,2.6680357,0.029064875,62.832096,70.11867,0.10721398,0.0022564977,0.0,0.08043335,0.09348675,0.0,1.0954659E-4,1.4892473E-6,0.0,4.275498E-6,3.451724E-6,0.05502404,0.0,41.96405,0.0064470363,0.024565829,-16.118948,-16.181677,-16.378649,-16.57419,-17.207205,99.0,99.0,99.0,99.0,99.0,-16.116861,-16.180145,-16.377497,-16.57339,-17.206976,0.5557528,77
1000101000142,1000101000144,1000101000141,1000101000077,35000100003449,35000100003449,1000101000000,1000101000143,-1,0,35,1.6302707,2.2377074,6596,28.470678,39.60352,29.158955,89925,3,4,3,165.2274,22.805449,67.89146,28,2.2377074,0.02628506,60.508602,70.11569,0.08229854,0.001577823,0.0,0.06699772,0.07414879,0.0,7.732449E-5,8.5102783E-7,0.0,2.4046562E-6,2.4631681E-6,0.030284096,0.0,41.89494,0.0055954414,0.02349617,-15.723395,-15.777144,-15.960384,-16.147928,-16.751064,99.0,99.0,99.0,99.0,99.0,-15.722299,-15.776304,-15.959734,-16.14747,-16.750935,0.44944724,491
1000101000143,1000101000144,1000101000142,1000101000078,34000100003891,34000100003891,1000101000000,1000101000144,-1,0,34,1.766336,1.7213135,6596,28.375458,39.572582,29.126358,89925,3,4,3,158.43286,24.904255,65.21481,24,1.7213135,0.0230531,56.66766,61.374725,0.06722885,0.0012197616,0.0,0.018495848,0.068844736,0.0,6.0259565E-5,5.289396E-7,0.0,1.1309756E-6,2.278505E-6,0.055292957,0.0,41.181538,0.004844873,0.015743816,-15.6878395,-15.730809,-15.9115505,-16.11137,-16.72203,99.0,99.0,99.0,99.0,99.0,-15.687134,-15.7302265,-15.911079,-16.111029,-16.721931,0.26780343,121
1000101000144,1000101000144,1000101000143,1000101000079,32000100004063,32000100004063,1000101000000,-1,-1,0,32,2.0700274,1.1188537,6596,28.185646,39.534748,29.036707,89924,3,4,3,139.01227,30.951265,58.211826,22,1.1188537,0.018198444,51.42088,58.8043,0.067769,0.0,0.0,0.016318314,0.0,0.0,0.0,0.0,0.0,0.0,0.0,0.0,0.0,41.11313,0.010181058,0.016159086,99.0,99.0,99.0,99.0,99.0,99.0,99.0,99.0,99.0,99.0,99.0,99.0,99.0,99.0,99.0,0.0,316
1000101000145,1000101000166,-1,1000101000000,63000100000553,63000100000553,1000101000000,1000101000146,-1,2,63,0.0,79.52468,6592,30.998917,40.666027,29.99107,89963,3,4,3,221.48866,199.02946,40.134277,21,1.3770508,0.035492316,40.848656,44.38887,0.024052871,0.002062602,0.0,0.0,0.0,0.0,8.3771345E-5,3.4809577E-6,0.0,0.0,0.0,3.63185E-4,0.0,0.0,0.0030893874,0.035492316,-13.1884365,-13.797932,-14.352467,-14.790805,-15.933939,99.0,99.0,99.0,99.0,99.0,-13.172758,-13.7850275,-14.342033,-14.783217,-15.931723,4.9296064,486
1000101000146,1000101000166,1000101000145,1000101000001,62000100000552,62000100000552,1000101000000,1000101000147,-1,2,62,0.019932542,79.26648,6592,30.95786,40.624485,29.985785,89963,3,4,3,193.21141,221.4393,11.277478,21,1.3770508,0.035492316,40.848656,44.38887,0.024081297,0.0020586208,0.0,0.0,0.0,0.0,8.366067E-5,3.4671107E-6,0.0,0.0,0.0,5.043724E-4,0.0,0.0,0.0030893874,0.035492316,-13.287459,-13.880314,-14.4255,-14.858211,-15.996263,99.0,99.0,99.0,99.0,99.0,-13.273637,-13.86904,-14.416419,-14.851617,-15.99434,4.675437,190
1000101000147,1000101000166,1000101000146,1000101000002,61000100000557,61000100000557,1000101000000,1000101000148,-1,2,61,0.041403063,78.75009,6592,30.920517,40.57577,29.986855,89963,3,4,3,163.56332,235.988,-20.847012,21,1.3770508,0.035492316,40.848656,44.38887,0.024122633,0.0020528315,0.0,0.0,0.0,0.0,8.3499326E-5,3.4470363E-6,0.0,0.0,0.0,7.1098504E-4,0.0,0.0,0.0030893874,0.035492316,-13.402973,-13.974655,-14.508268,-14.93442,-16.065851,99.0,99.0,99.0,99.0,99.0,-13.387718,-13.962666,-14.49877,-14.927562,-16.063864,4.412356,572
1000101000148,1000101000166,1000101000147,1000101000003,60000100000529,60000100000529,1000101000000,1000101000149,-1,2,60,0.064493395,79.52468,6592,30.885212,40.52138,29.995623,89963,3,4,3,157.9134,246.16817,-51.25922,21,1.3770508,0.035492316,40.848656,44.38887,0.024183441,0.0020443154,0.0,0.0,0.0,0.0,8.3261075E-5,3.417642E-6,0.0,0.0,0.0,0.0010167325,0.0,0.0,0.0030893874,0.035492316,-13.532944,-14.077686,-14.596649,-15.014842,-16.13652,99.0,99.0,99.0,99.0,99.0,-13.518448,-14.066042,-14.587335,-15.008095,-16.134554,4.1422515,902
1000101000149,1000101000166,1000101000148,1000101000004,59000100000496,59000100000496,1000101000000,1000101000150,-1,2,59,0.08928783,78.664024,6592,30.844416,40.460922,30.01247,89963,3,4,3,187.10071,253.02615,-87.72904,21,1.3770508,0.035492316,40.848656,44.38887,0.024273856,0.0020316525,0.0,0.0,0.0,0.0,8.29047E-5,3.3742278E-6,0.0,0.0,0.0,0.0014740571,0.0,0.0,0.0030893874,0.035492316,-13.678924,-14.190639,-14.691405,-15.099781,-16.208525,99.0,99.0,99.0,99.0,99.0,-13.6640835,-14.178778,-14.681943,-15.092931,-16.206528,3.8677647,33
1000101000150,1000101000166,1000101000149,1000101000005,58000100000483,58000100000483,1000101000000,1000101000151,-1,2,58,0.11588337,78.75009,6592,30.791534,40.39785,30.038465,89963,3,4,3,230.64389,236.79134,-112.73589,21,1.3770508,0.035492316,40.848656,44.38887,0.02440973,0.0020126228,0.0,0.0,0.0,0.0,8.2364546E-5,3.309646E-6,0.0,0.0,0.0,0.0021651387,0.0,0.0,0.0030893874,0.035492316,-13.845913,-14.320736,-14.800911,-15.198284,-16.292707,99.0,99.0,99.0,99.0,99.0,-13.831342,-14.308974,-14.791487,-15.19145,-16.29071,3.5925221,658
1000101000151,1000101000166,1000101000150,1000101000006,57000100000478,57000100000478,1000101000000,1000101000152,-1,2,57,0.14438343,78.664024,6592,30.72222,40.336193,30.070362,89963,3,4,3,271.19662,220.56206,-123.44892,21,1.3770508,0.035492316,40.848656,44.38887,0.024615962,0.0019837406,0.0,0.0,0.0,0.0,8.153412E-5,3.2131318E-6,0.0,0.0,0.0,0.0032193903,0.0,0.0,0.0030893874,0.035492316,-14.037479,-14.470827,-14.926889,-15.3110485,-16.3877,99.0,99.0,99.0,99.0,99.0,-14.021994,-14.458489,-14.9170685,-15.303938,-16.385614,3.3217561,891
1000101000152,1000101000166,1000101000151,1000101000007,56000100000494,56000100000494,1000101000000,1000101000153,-1,2,56,0.17489761,77.28697,6592,30.641947,40.274002,30.108408,89963,3,4,3,289.9441,214.69551,-141.88715,21,1.3770508,0.035492316,40.848656,44.38887,0.02493183,0.0019395036,0.0,0.0,0.0,0.0,8.0237754E-5,3.0687952E-6,0.0,0.0,0.0,0.00484173,0.0,0.0,0.0030893874,0.035492316,-14.240978,-14.626107,-15.051941,-15.418649,-16.467337,99.0,99.0,99.0,99.0,99.0,-14.223416,-14.6124325,-15.0411825,-15.410877,-16.46503,3.0632732,843
1000101000153,1000101000166,1000101000152,1000101000008,55000100000480,55000100000480,1000101000000,1000101000154,-1,2,55,0.20754863,75.73779,6592,30.55327,40.2111,30.154425,89963,3,4,3,292.62915,204.74054,-161.8966,21,1.3770508,0.035492316,40.848656,44.38887,0.025419721,0.0018711758,0.0,0.0,0.0,0.0,7.817805E-5,2.854039E-6,0.0,0.0,0.0,0.0073580947,0.0,0.0,0.0030893874,0.035492316,-14.454813,-14.787705,-15.17852,-15.523895,-16.52906,99.0,99.0,99.0,99.0,99.0,-14.4384985,-14.775039,-15.16857,-15.516697,-16.526888,2.8293595,50
1000101000154,1000101000166,1000101000153,1000101000009,54000100000496,54000100000496,1000101000000,1000101000155,-1,2,54,0.24246909,76.426315,6592,30.459412,40.14801,30.205822,89963,3,4,3,309.7464,185.56348,-155.31314,21,1.3770508,0.035492316,40.848656,44.38887,0.026178963,0.001764845,0.0,0.0,0.0,0.0,7.483703E-5,2.5391887E-6,0.0,0.0,0.0,0.011288142,0.0,0.0,0.0030893874,0.035492316,-14.644924,-14.910711,-15.254667,-15.571539,-16.50961,99.0,99.0,99.0,99.0,99.0,-14.631168,-14.899819,-15.246023,-15.56526,-16.507696,2.6413376,846
1000101000155,1000101000166,1000101000154,1000101000010,53000100000535,53000100000535,1000101000000,1000101000156,-1,2,53,0.2798018,76.34025,6592,30.350296,40.09112,30.257158,89963,3,4,3,339.16272,159.07999,-146.03069,21,1.3770508,0.035492316,40.848656,44.38887,0.027368117,0.0015983048,0.0,0.0,0.0,0.0,6.928227E-5,2.0919329E-6,0.0,0.0,0.0,0.017462159,0.0,0.0,0.0030893874,0.035492316,-14.817174,-15.022876,-15.329151,-15.626095,-16.527168,99.0,99.0,99.0,99.0,99.0,-14.804697,-15.01293,-15.321229,-15.620336,-16.525402,2.5421987,125
1000101000156,1000101000166,1000101000155,1000101000083,52000100003652,52000100003652,1000101000000,1000101000157,-1,0,52,0.31970343,1.3770508,6592,30.23012,40.03786,30.304615,89964,3,4,3,337.2862,161.31308,-102.22299,21,1.3770508,0.035492316,40.848656,44.38887,0.029240672,0.0013360551,0.0,0.0,0.037783783,0.0,5.9775426E-5,1.4958837E-6,0.0,0.0,6.1117726E-6,0.026095135,0.0,0.0,0.0030893874,0.035492316,-14.866024,-15.014934,-15.290339,-15.56438,-16.41916,99.0,99.0,99.0,99.0,99.0,-14.854359,-15.005737,-15.283069,-15.559102,-16.417507,2.6422665,376
1000101000157,1000101000166,1000101000156,1000101000084,51000100003471,51000100003471,1000101000000,1000101000158,-1,0,51,0.36234027,1.4631164,6592,30.109882,39.984905,30.34054,89964,3,4,3,338.69427,154.31941,-90.94523,24,1.4631164,0.035707373,41.97884,46.581856,0.030050473,9.383487E-4,0.0,0.034466345,0.008029138,0.0,4.3658827E-5,8.2254996E-7,0.0,5.1133975E-7,1.5294733E-6,0.0,0.0,40.962727,0.006902612,0.030089863,-12.543578,-13.132266,-13.667683,-14.083976,-15.157427,99.0,99.0,99.0,99.0,99.0,-12.542695,-13.131537,-13.667093,-14.083547,-15.157302,3.3148456,737
1000101000158,1000101000166,1000101000157,1000101000085,50000100003610,50000100003610,1000101000000,1000101000159,-1,0,50,0.40789944,1.1188537,6592,29.978731,39.936764,30.390911,89964,3,4,3,339.53125,144.6824,-81.2617,23,1.1188537,0.032152414,38.685642,39.56411,0.02523849,9.383487E-4,0.0,0.0072004558,0.009453085,0.0,4.3568918E-5,8.2254996E-7,0.0,3.30007E-7,1.8007214E-6,0.0,0.0,39.902836,0.008137768,0.013155523,-12.6614895,-13.237164,-13.764162,-14.17497,-15.240601,99.0,99.0,99.0,99.0,99.0,-12.66077,-13.23657,-13.763682,-14.174622,-15.2404995,2.9442458,638
1000101000159,1000101000166,1000101000158,1000101000086,49000100003630,49000100003630,1000101000000,1000101000160,-1,0,49,0.45657724,0.86065674,6592,29.852894,39.872444,30.430311,89964,3,4,3,338.0834,135.4066,-72.530815,23,0.86065674,0.028968781,35.745373,44.312096,0.02483564,9.383487E-4,0.0,9.756007E-5,0.011188593,0.0,4.3549742E-5,8.2254996E-7,0.0,1.8584249E-8,2.1313185E-6,0.0,0.0,37.1898,0.008931662,0.001832256,-12.791077,-13.349918,-13.867488,-14.272838,-15.330422,99.0,99.0,99.0,99.0,99.0,-12.790489,-13.349434,-13.867096,-14.2725525,-15.330339,2.5704522,586
1000101000160,1000101000166,1000101000159,1000101000087,48000100003790,48000100003790,1000101000000,1000101000161,-1,0,48,0.5085914,0.9467224,6592,29.706663,39.813404,30.461308,89964,3,4,3,336.42114,124.85172,-65.5552,22,0.9467224,0.029362667,37.23776,42.224075,0.02483319,9.383487E-4,0.0,1.195935E-4,0.013312742,0.0,4.354927E-5,8.2254996E-7,0.0,2.2781402E-8,2.5359482E-6,0.0,0.0,37.344418,0.0058663185,0.001938629,-12.961811,-13.498789,-14.004643,-14.402513,-15.448637,99.0,99.0,99.0,99.0,99.0,-12.960449,-13.497666,-14.003736,-14.401853,-15.448444,2.1946144,996
1000101000161,1000101000166,1000101000160,1000101000088,47000100003447,47000100003447,1000101000000,1000101000162,-1,0,47,0.5641766,0.86065674,6592,29.564074,39.75833,30.485294,89964,3,4,3,334.70404,119.85602,-58.89466,25,0.86065674,0.027886886,36.432163,41.418972,0.024829945,9.383487E-4,0.0,1.4720632E-4,0.015923543,0.0,4.354865E-5,8.2254996E-7,0.0,2.8041377E-8,3.0332806E-6,0.0,0.0,37.50678,0.007238279,0.0022040932,-13.208291,-13.721404,-14.214932,-14.605737,-15.654561,99.0,99.0,99.0,99.0,99.0,-13.2073965,-13.720667,-14.214336,-14.605303,-15.654435,1.8179393,257
1000101000162,1000101000166,1000101000161,1000101000089,46000100003591,46000100003591,1000101000000,1000101000163,-1,0,46,0.6235901,1.1188537,6592,29.414907,39.70428,30.502012,89964,3,4,3,326.61407,111.29861,-52.141872,24,1.1188537,0.029790876,40.18972,42.442326,0.02479232,9.383487E-4,0.0,0.0025099374,0.019146288,0.0,4.3506774E-5,8.2254996E-7,0.0,1.4102736E-6,3.647182E-6,0.0,0.0,39.582577,0.0053130058,0.011744066,-13.475177,-13.926139,-14.375998,-14.735431,-15.71326,99.0,99.0,99.0,99.0,99.0,-13.473519,-13.924773,-14.374893,-14.734628,-15.713025,1.4416482,114
1000101000163,1000101000166,1000101000162,1000101000090,45000100003936,45000100003936,1000101000000,1000101000164,-1,0,45,0.6871088,1.2049193,6599,29.252127,39.655956,30.512764,89957,3,4,3,325.34894,102.48035,-48.843887,21,1.2049193,0.029838867,41.67329,42.938072,0.02371315,9.383487E-4,0.0,0.009067985,0.023141468,0.0,4.3288124E-5,8.2254996E-7,0.0,8.6788754E-7,4.4082253E-6,0.0,0.0,40.27379,0.0041333274,0.016855601,-13.843883,-14.205907,-14.592491,-14.9146,-15.799767,99.0,99.0,99.0,99.0,99.0,-13.840844,-14.2034025,-14.590466,-14.913127,-15.799336,1.067004,568
1000101000164,1000101000166,1000101000163,1000101000091,44000100004011,44000100004011,1000101000000,1000101000165,-1,0,44,0.75503564,1.1188537,6599,29.08202,39.61825,30.539455,89957,3,4,3,318.50992,92.31633,-41.741325,21,1.1188537,0.028396511,41.16462,48.612305,0.022891473,9.383487E-4,0.0,0.0,0.028115738,0.0,4.3208453E-5,8.2254996E-7,0.0,0.0,5.3557756E-6,0.0137714315,0.0,0.0,0.0026498735,0.028396511,-14.650509,-14.831505,-15.105254,-15.365044,-16.139889,99.0,99.0,99.0,99.0,99.0,-14.642965,-14.825341,-15.1002865,-15.361431,-16.138819,0.6952596,568
1000101000165,1000101000166,1000101000164,1000101000092,43000100003897,43000100003897,1000101000000,1000101000166,-1,0,43,0.8276991,1.1188537,6599,28.917936,39.567535,30.538898,89957,3,4,3,313.6661,82.82397,-37.049458,21,1.1188537,0.02764975,41.7168,44.31499,0.024395533,7.2770595E-4,0.0,0.0,0.02682232,0.0,3.4617802E-5,4.7734216E-7,0.0,0.0,3.2051664E-6,0.020631248,0.0,0.0,0.002761588,0.02764975,-14.607883,-14.732153,-14.96117,-15.198237,-15.910569,99.0,99.0,99.0,99.0,99.0,-14.603404,-14.72846,-14.958183,-15.196065,-15.909934,0.4710706,591
1000101000166,1000101000166,1000101000165,1000101000093,41000100004235,41000100004235,1000101000000,-1,-1,0,41,0.98870814,0.9467224,6599,28.590563,39.493366,30.576357,89957,3,4,3,310.78745,65.604744,-28.786963,20,0.9467224,0.024656264,40.636627,41.311268,0.028796375,1.1137219E-4,0.0,0.0,0.010547736,0.0,5.7708776E-6,8.877043E-9,0.0,0.0,8.193924E-8,0.007689386,0.0,0.0,0.0028724838,0.024656264,-14.005007,-13.817272,-13.806724,-13.773022,-13.743128,99.0,99.0,99.0,99.0,99.0,-14.004602,-13.816949,-13.806464,-13.772832,-13.743064,0.04430062,831