galaxyID,lastProgenitorId,descendantId,haloID,subHaloID,fofID,treeId,firstProgenitorId,nextProgenitorId,type,snapnum,redshift,centralMvir,phkey,x,y,z,zIndex,ix,iy,iz,velX,velY,velZ,np,mvir,rvir,vvir,vmax,coldGas,stellarMass,bulgeMass,hotGas,ejectedMass,blackHoleMass,metalsColdGas,metalsStellarMass,metalsBulgeMass,metalsHotGas,metalsEjectedMass,sfr,sfrBulge,xrayLum,diskRadius,coolingRadius,mag_b,mag_v,mag_r,mag_i,mag_k,mag_bBulge,mag_vBulge,mag_rBulge,mag_iBulge,mag_kBulge,mag_bDust,mag_vDust,mag_rDust,mag_iDust,mag_kDust,massWeightedAge,random
1000103000000,1000103000175,-1,1000103000000,63000100000557,63000100000557,1000103000000,1000103000001,-1,0,63,0.0,81.245995,6628,29.2058,45.460373,26.64862,89845,3,5,2,223.5854,123.21889,188.73067,1087,81.245995,0.15174478,151.74489,177.1717,0.56433195,2.7742822,0.70020896,9.332604,0.61704063,0.0030592182,0.013975233,0.033976216,0.006386518,0.091565125,0.0067466507,0.0,0.0,0.0,0.026912743,0.104912035,-19.73532,-20.594292,-21.300724,-21.908285,-23.441574,-18.050522,-18.907703,-19.619118,-20.219591,-21.702057,-19.659193,-20.531233,-21.24958,-21.870863,-23.430414,8.428291,557
1000103000001,1000103000175,1000103000000,1000103000001,62000100000553,62000100000553,1000103000000,1000103000002,-1,0,62,0.019932542,78.49189,6628,29.16111,45.43486,26.612099,89845,3,5,2,224.59053,122.55169,189.06323,1075,78.49189,0.14925554,150.38936,174.27267,0.56433195,2.7742822,0.70020896,8.803837,0.6800588,0.003057649,0.013975233,0.033976216,0.006386518,0.09086213,0.0074364687,0.0,0.0,0.0,0.026985178,0.105702415,-19.791994,-20.63996,-21.341019,-21.945257,-23.47545,-18.07698,-18.931934,-19.64176,-20.240574,-21.720518,-19.715687,-20.576893,-21.289917,-21.907885,-23.46431,8.16485,106
1000103000002,1000103000175,1000103000001,1000103000002,61000100000558,61000100000558,1000103000000,1000103000003,-1,0,61,0.041403063,77.889435,6628,29.118969,45.41362,26.57665,89845,3,5,2,224.21417,123.420296,190.3361,1068,77.889435,0.14804584,150.42192,168.15955,0.56433195,2.7742822,0.70020896,8.629537,0.75027084,0.0030560412,0.013975233,0.033976216,0.006386518,0.09003306,0.008206662,0.0,0.0,0.0,0.025621304,0.10494484,-19.875793,-20.700047,-21.391453,-21.989857,-23.513487,-18.1053,-18.957813,-19.6659,-20.262913,-21.740135,-19.79024,-20.629658,-21.334501,-21.948229,-23.501081,7.8890038,534
1000103000003,1000103000175,1000103000002,1000103000003,60000100000527,60000100000527,1000103000000,1000103000004,-1,0,60,0.064493395,76.77058,6628,29.06776,45.38404,26.52771,89845,3,5,2,223.51459,124.35745,191.3405,1068,76.77058,0.14643127,150.15869,166.3,0.56433195,2.7742822,0.70020896,8.356331,0.83650774,0.0030543932,0.013975233,0.033976216,0.006386518,0.08908247,0.0091501605,0.6908048,2.0354459E-7,0.0,0.024391802,0.104018494,-20.831434,-21.247478,-21.808147,-22.352974,-23.80827,-18.135803,-18.985691,-19.691916,-20.287075,-21.761688,-20.444574,-21.007479,-21.635248,-22.224018,-23.757252,7.601143,809
1000103000004,1000103000145,1000103000003,1000103000004,59000100000491,59000100000491,1000103000000,1000103000005,1000103000146,0,59,0.08928783,75.04926,6628,29.013277,45.350212,26.48074,89845,3,5,2,223.07185,123.98657,191.8424,1063,75.04926,0.14434844,149.53304,172.41434,0.599236,2.7547204,0.6892507,7.958863,0.8878537,0.0030058105,0.014770746,0.033726957,0.0063440087,0.08714802,0.009725468,0.0,0.0,0.0,0.022951491,0.103752375,-19.907734,-20.749987,-21.445124,-22.042126,-23.56254,-18.144281,-18.993423,-19.698828,-20.293488,-21.768984,-19.795698,-20.6572,-21.36983,-21.986992,-23.546072,7.320454,840
1000103000005,1000103000145,1000103000004,1000103000005,58000100000488,58000100000488,1000103000000,1000103000006,-1,0,58,0.11588337,75.56566,6628,28.96088,45.321236,26.438375,89845,3,5,2,219.6259,122.44515,189.81859,1037,75.56566,0.14360508,150.43445,176.85641,0.599236,2.7547204,0.6892507,8.051504,0.99555326,0.0030040606,0.014770746,0.033726957,0.0063440087,0.08524092,0.010906953,0.032674048,0.0,0.0,0.020512166,0.10181758,-19.988058,-20.815823,-21.50374,-22.095503,-23.611174,-18.179232,-19.025349,-19.72861,-20.321278,-21.79445,-19.847046,-20.699385,-21.40926,-22.026253,-23.590422,7.010199,863
1000103000006,1000103000145,1000103000005,1000103000006,57000100000481,57000100000481,1000103000000,1000103000007,-1,0,57,0.14438343,75.2214,6628,28.892805,45.283916,26.376307,89845,3,5,2,218.0783,123.39167,191.59984,1010,75.2214,0.1422169,150.82213,175.60574,0.60234827,2.7542841,0.6892507,7.8636904,1.1267117,0.0030022871,0.01482446,0.033716217,0.0063440087,0.08373731,0.012344638,0.08268616,0.0,0.0,0.019920606,0.10021142,-20.087254,-20.896408,-21.574991,-22.159304,-23.667553,-18.216555,-19.059378,-19.760298,-20.350828,-21.821815,-19.935123,-20.771206,-21.473509,-22.084967,-23.645271,6.6906967,96
1000103000007,1000103000145,1000103000006,1000103000007,56000100000501,56000100000501,1000103000000,1000103000008,-1,0,56,0.17489761,74.36074,6628,28.844,45.248493,26.328892,89841,3,5,2,218.2105,123.38324,193.22371,1007,74.36074,0.1404032,150.92227,170.87187,0.61046106,2.7531483,0.6892507,7.5631375,1.2788478,0.0030005013,0.014963936,0.033688318,0.0063440087,0.081897795,0.014012764,0.19396679,0.0,0.0,0.018874671,0.09865972,-20.209856,-20.992031,-21.657043,-22.230618,-23.727455,-18.256342,-19.095541,-19.793825,-20.381952,-21.85044,-20.035543,-20.849281,-21.541498,-22.145998,-23.702042,6.363161,660
1000103000008,1000103000145,1000103000007,1000103000008,55000100000497,55000100000497,1000103000000,1000103000009,-1,0,55,0.20754863,74.36074,6628,28.770226,45.208855,26.263292,89841,3,5,2,214.22983,121.1269,192.81148,977,74.36074,0.13902318,151.66948,175.49309,0.6300063,2.750411,0.6892507,7.378127,1.4521152,0.0029987015,0.015296777,0.033621565,0.0063440087,0.079587065,0.015913354,0.30791637,0.0,0.0,0.018229805,0.096235216,-20.346025,-21.09891,-21.748383,-22.30983,-23.79569,-18.298975,-19.134209,-19.829573,-20.41499,-21.880526,-20.15038,-20.939297,-21.61935,-22.21537,-23.767263,6.03016,674
1000103000009,1000103000145,1000103000008,1000103000009,54000100000511,54000100000511,1000103000000,1000103000010,-1,0,54,0.24246909,73.67222,6628,28.707687,45.17185,26.201942,89841,3,5,2,216.16624,120.06138,195.08562,946,73.67222,0.13709989,152.02089,175.11357,0.66177833,2.7459614,0.6892507,7.039764,1.6515286,0.002996912,0.01582843,0.033514384,0.0063440087,0.0767405,0.018101228,0.553398,0.0,0.0,0.016955705,0.09378682,-20.538086,-21.248722,-21.87629,-22.421827,-23.894192,-18.344288,-19.174936,-19.866976,-20.449274,-21.911182,-20.326675,-21.077633,-21.738317,-22.320831,-23.863613,5.692345,35
1000103000010,1000103000145,1000103000009,1000103000010,53000100000543,53000100000543,1000103000000,1000103000011,-1,0,53,0.2798018,71.606636,6628,28.638123,45.127792,26.133127,89841,3,5,2,214.481,119.32375,196.60559,951,71.606636,0.1342052,151.48232,175.12025,0.7200761,2.7377965,0.6892507,6.4223123,1.8735693,0.0029952012,0.016775372,0.0333218,0.0063440087,0.073129654,0.020528002,0.7572634,0.0,0.0,0.016874928,0.09151799,-20.745228,-21.391462,-21.98439,-22.508034,-23.956125,-18.39298,-19.218733,-19.907286,-20.486523,-21.945353,-20.510328,-21.201872,-21.831974,-22.396746,-23.922596,5.3542013,494
1000103000011,1000103000145,1000103000010,1000103000011,52000100000544,52000100000544,1000103000000,1000103000012,-1,0,52,0.31970343,69.28287,6628,28.569283,45.08874,26.07228,89841,3,5,2,212.1384,116.48524,198.79556,933,69.28287,0.13102666,150.8006,172.61963,0.80128115,2.7264237,0.6892507,5.711516,2.1256902,0.002993626,0.018037288,0.03306164,0.0063440087,0.068809,0.023248341,10.14567,3.683589E-5,0.0,0.018142829,0.088717975,-21.090101,-21.626978,-22.162695,-22.654884,-24.071327,-18.446283,-19.266798,-19.951645,-20.527647,-21.983442,-20.853642,-21.437744,-22.011297,-22.544466,-24.037836,5.0148163,475
1000103000012,1000103000112,1000103000011,1000103000012,51000100000537,51000100000537,1000103000000,1000103000013,1000103000113,0,51,0.36234027,67.64762,6628,28.490177,45.052032,26.006874,89841,3,5,2,208.43828,113.19685,201.92004,941,67.64762,0.128159,150.66823,171.48276,1.8223009,2.1486754,0.26612806,4.880714,1.749243,0.0014065519,0.031347383,0.025894754,0.0019436036,0.05364112,0.017945534,3.3009226,0.0,43.594627,0.018747393,0.079852045,-20.965546,-21.465618,-21.99823,-22.487076,-23.887411,-17.434702,-18.232157,-18.90571,-19.462662,-20.85749,-20.595083,-21.170967,-21.759512,-22.309492,-23.830147,4.680879,655
1000103000013,1000103000112,1000103000012,1000103000013,50000100000526,50000100000526,1000103000000,1000103000014,-1,0,50,0.40789944,65.06565,6628,28.40942,45.007996,25.933102,89841,3,5,2,204.51146,110.32625,204.10631,937,65.06565,0.12456798,149.87964,166.96347,1.9116294,2.0977726,0.26612806,4.362869,1.796506,0.0014057348,0.03172988,0.025035623,0.0019436036,0.051229745,0.018151859,3.3933012,0.0,43.549446,0.019363098,0.078004785,-21.063383,-21.535885,-22.048416,-22.524672,-23.908762,-17.486223,-18.279247,-18.949759,-19.504042,-20.897135,-20.76043,-21.292368,-21.851648,-22.379612,-23.863676,4.419317,258
1000103000014,1000103000112,1000103000013,1000103000014,49000100000521,49000100000521,1000103000000,1000103000015,-1,0,49,0.45657724,63.774662,6628,28.324398,44.950703,25.845285,89841,3,5,2,202.76582,110.090004,205.81116,921,63.774662,0.12167545,150.13867,169.12424,2.0303679,2.0449944,0.26612806,4.0345387,1.8462696,0.0014049684,0.03198852,0.024183324,0.0019436036,0.049046587,0.018145643,8.204069,1.2866793E-4,43.522507,0.019493163,0.07560425,-21.343977,-21.728405,-22.193184,-22.643545,-23.992981,-17.540075,-18.32808,-18.994978,-19.546022,-20.936884,-21.038523,-21.479782,-21.9923,-22.496212,-23.948324,4.1546893,775
1000103000015,1000103000087,1000103000014,1000103000015,48000100000521,48000100000521,1000103000000,1000103000016,1000103000088,0,48,0.5085914,64.72138,6627,28.242682,44.90946,25.76438,89826,3,5,2,201.97285,108.34977,209.78273,956,64.72138,0.12006153,152.26213,171.12747,2.5127654,1.865077,0.21450876,4.120954,1.5136975,9.7270205E-4,0.03361667,0.022076419,0.0016541845,0.04627228,0.013543698,4.5970173,0.0,43.783173,0.019868448,0.07252267,-21.107645,-21.533514,-22.025354,-22.488598,-23.850973,-17.32489,-18.116528,-18.784529,-19.337797,-20.7396,-20.79983,-21.290426,-21.83011,-22.344553,-23.805319,3.9863389,885
1000103000016,1000103000087,1000103000015,1000103000016,47000100000503,47000100000503,1000103000000,1000103000017,-1,0,47,0.5641766,72.295166,6627,28.15865,44.859,25.667374,89826,3,5,2,200.35014,102.26463,214.44322,955,72.295166,0.12213115,159.55536,167.3147,2.451184,1.7930256,0.21450876,5.609801,1.4520621,9.7204687E-4,0.03092529,0.021148736,0.0016541845,0.0469378,0.012683447,4.748131,0.0,43.95082,0.0189634,0.06911139,-21.116892,-21.53417,-22.021315,-22.48045,-23.837385,-17.38233,-18.168188,-18.831673,-19.380392,-20.778187,-20.8363,-21.312162,-21.843344,-22.349648,-23.796518,3.7623215,772
1000103000017,1000103000087,1000103000016,1000103000017,46000100000505,46000100000505,1000103000000,1000103000018,-1,0,46,0.6235901,77.80337,6627,28.076097,44.816372,25.579308,89826,3,5,2,197.909,95.924644,216.17957,937,77.80337,0.12250627,165.26848,172.669,2.2809012,1.7186822,0.21450876,6.796348,1.4524146,9.7118854E-4,0.028332168,0.020229023,0.0016541845,0.046164963,0.0130132185,4.0370297,0.0,44.058037,0.019560415,0.065705895,-21.036215,-21.47379,-21.97078,-22.43389,-23.795315,-17.440157,-18.218771,-18.87639,-19.419111,-20.810097,-20.791203,-21.280432,-21.816025,-22.32036,-23.760056,3.5407584,829
1000103000018,1000103000087,1000103000017,1000103000018,45000100000512,45000100000512,1000103000000,1000103000019,-1,0,45,0.6871088,76.77058,6627,27.970842,44.808025,25.47299,89826,3,5,2,199.52829,91.7696,223.45299,882,76.77058,0.119177595,166.44473,186.4017,1.9898294,1.6557488,0.21450876,6.881171,1.5510919,9.7021874E-4,0.02576469,0.019440169,0.0016541845,0.04477142,0.014366014,3.4154043,0.0,44.092148,0.01857517,0.064130194,-20.985395,-21.44309,-21.949377,-22.416065,-23.783197,-17.501036,-18.272388,-18.924212,-19.461437,-20.847244,-20.727907,-21.23706,-21.783718,-22.29462,-23.746084,3.2937984,200
1000103000019,1000103000087,1000103000018,1000103000019,44000100000512,44000100000512,1000103000000,1000103000020,-1,0,44,0.75503564,74.36074,6624,27.884315,44.742413,25.377054,89798,3,5,2,193.9853,89.410774,224.42305,863,74.36074,0.115024,166.743,205.27347,1.5991842,1.6029184,0.21450876,6.750568,1.7177079,9.6922735E-4,0.023136806,0.018730048,0.0016541845,0.04315384,0.016376905,4.5495896,8.753725E-8,44.11341,0.017194603,0.06283908,-21.005281,-21.468374,-21.974985,-22.439804,-23.807364,-17.564695,-18.328144,-18.97362,-19.504622,-20.883335,-20.727787,-21.245785,-21.795437,-22.307693,-23.766605,3.024809,678
1000103000020,1000103000065,1000103000019,1000103000020,43000100000474,43000100000474,1000103000000,1000103000021,1000103000066,0,43,0.8276991,68.76647,6624,27.793177,44.664253,25.260643,89798,3,5,2,165.94809,117.78066,208.03836,696,68.76647,0.10911699,164.63121,162.85858,1.2848576,1.502911,0.18408996,5.998456,1.8797817,7.700452E-4,0.021826245,0.017491514,0.001482043,0.03899986,0.018582191,3.378429,0.0,44.131973,0.0119414,0.060925063,-20.99511,-21.477726,-22.00094,-22.476194,-23.869604,-17.451881,-18.21507,-18.85917,-19.390512,-20.778395,-20.43493,-21.017448,-21.624544,-22.19652,-23.78302,2.7470677,217
1000103000021,1000103000065,1000103000020,1000103000021,42000100000473,42000100000473,1000103000000,1000103000022,-1,0,42,0.9054624,46.30333,6624,27.71412,44.576324,25.154568,89798,3,4,2,166.15054,111.287895,209.20844,689,46.30333,0.092951775,146.36836,156.41101,1.1094515,1.4519869,0.18408996,2.1479223,2.124336,7.6955487E-4,0.021273633,0.016554616,0.001482043,0.03469541,0.021136502,2.596423,0.0,43.699646,0.012678149,0.0643914,-21.00327,-21.501503,-22.018343,-22.48235,-23.856455,-17.536907,-18.29393,-18.933556,-19.461512,-20.84701,-20.472559,-21.071575,-21.666006,-22.217737,-23.76984,2.4750726,147
1000103000022,1000103000065,1000103000021,1000103000022,41000100000495,41000100000495,1000103000000,1000103000023,-1,0,41,0.98870814,43.979557,6624,27.63562,44.515347,25.05255,89798,3,4,2,162.05739,112.02044,207.48463,609,43.979557,0.08863461,146.081,158.29851,1.047079,1.4135582,0.18408996,1.5950544,2.2782588,7.693219E-4,0.018121876,0.015847383,0.001482043,0.035858188,0.019697672,3.899751,0.0,43.648354,0.008669055,0.06343948,-21.300264,-21.721178,-22.19365,-22.629953,-23.961336,-17.632853,-18.383015,-19.016947,-19.539452,-20.921227,-20.408924,-20.988903,-21.581064,-22.155445,-23.78684,2.1818998,786
1000103000023,1000103000065,1000103000022,1000103000023,40000100000552,40000100000552,1000103000000,1000103000024,-1,0,40,1.0778745,44.237755,6624,27.550209,44.451477,24.940348,89798,3,4,2,160.55064,107.319496,208.36034,568,44.237755,0.08598375,148.75046,158.25642,0.69970083,1.3570744,0.18408996,2.7057624,2.2831182,7.689283E-4,0.012212123,0.014942015,0.001482043,0.029865235,0.016749045,12.121074,5.128254E-4,43.891323,0.005182601,0.061402548,-21.614697,-21.948591,-22.368322,-22.773071,-24.057531,-17.748531,-18.491667,-19.11985,-19.636328,-21.017065,-20.252287,-20.796877,-21.3931,-22.011375,-23.788694,1.9178748,474
1000103000024,1000103000044,1000103000023,1000103000024,39000100000569,39000100000569,1000103000000,1000103000025,1000103000045,0,39,1.173417,46.991856,6624,27.4646,44.389545,24.825394,89798,3,4,2,156.24814,101.525185,210.97139,544,46.991856,0.08477871,154.39665,158.12758,1.1432308,1.0018101,0.0,3.265819,1.8934976,0.0,0.015572934,0.010934333,0.0,0.02406103,0.011942534,9.902247,0.0,44.155155,0.005081513,0.054215215,-21.64674,-21.922651,-22.313837,-22.69572,-23.931849,99.0,99.0,99.0,99.0,99.0,-19.971916,-20.47801,-21.064676,-21.694845,-23.519531,1.5620877,813
1000103000025,1000103000044,1000103000024,1000103000025,38000100000516,38000100000516,1000103000000,1000103000026,-1,0,38,1.2758462,45.18448,6624,27.392212,44.339043,24.701477,89798,3,4,2,150.51735,94.37588,212.94756,520,45.18448,0.08070419,155.17314,170.0401,1.2050227,0.8659228,0.0,3.2102964,1.7226605,0.0,0.014772206,0.009201713,0.0,0.02090674,0.010424729,7.567969,0.0,44.171165,0.006121335,0.05101309,-21.510672,-21.793522,-22.181463,-22.555676,-23.78174,99.0,99.0,99.0,99.0,99.0,-20.292303,-20.7732,-21.326696,-21.897543,-23.553846,1.4513073,238
1000103000026,1000103000044,1000103000025,1000103000026,37000100000505,37000100000505,1000103000000,1000103000027,-1,0,37,1.3857181,43.54923,6635,27.312376,44.291252,24.586645,89743,3,4,2,147.19978,91.458534,215.51404,510,43.54923,0.07673792,156.22668,172.4781,0.99416536,0.76535624,0.0,3.277157,1.693302,0.0,0.012555411,0.007990873,0.0,0.019216718,0.010162032,8.153833,0.0,44.21029,0.004866623,0.04892671,-21.51982,-21.785366,-22.161812,-22.526983,-23.737423,99.0,99.0,99.0,99.0,99.0,-19.864044,-20.362541,-20.94045,-21.556892,-23.350504,1.3024296,587
1000103000027,1000103000044,1000103000026,1000103000027,36000100000498,36000100000498,1000103000000,1000103000028,-1,0,36,1.5036365,38.041027,6635,27.212116,44.244278,24.46071,89743,3,4,2,146.0797,89.643845,216.40527,474,38.041027,0.07047828,152.35912,165.33702,0.90465647,0.66079473,0.0,2.5671456,1.6607721,0.0,0.011696917,0.006674141,0.0,0.015935691,0.0099755395,6.1060305,0.0,44.126194,0.005331715,0.046901762,-21.362062,-21.636324,-22.009808,-22.369513,-23.568285,99.0,99.0,99.0,99.0,99.0,-20.029486,-20.513762,-21.068558,-21.64608,-23.322796,1.1764573,689
1000103000028,1000103000044,1000103000027,1000103000028,35000100000584,35000100000584,1000103000000,1000103000029,-1,0,35,1.6302707,31.930365,6635,27.15137,44.16551,24.357988,89739,3,4,2,140.89601,95.295685,207.11136,390,31.930365,0.06375425,146.76324,151.61899,0.7631879,0.585482,0.0,1.7471324,1.7079387,0.0,0.010456238,0.0056831692,0.0,0.013843142,0.010004114,7.033167,0.0,43.999123,0.004223302,0.046412867,-21.41748,-21.65595,-22.001013,-22.33882,-23.490458,99.0,99.0,99.0,99.0,99.0,-19.802591,-20.271366,-20.825178,-21.42436,-23.175507,1.0130054,463
1000103000029,1000103000044,1000103000028,1000103000029,34000100000570,34000100000570,1000103000000,1000103000030,-1,0,34,1.766336,29.348394,6635,27.100466,44.081448,24.247835,89739,3,4,2,130.47618,103.07986,209.24591,343,29.348394,0.05933407,145.85123,153.52423,0.71752596,0.50232583,0.0,1.6331738,1.6584034,0.0,0.009298082,0.0046035443,0.0,0.01179305,0.008920524,8.295871,0.0,44.00667,0.0035995508,0.04449816,-21.489626,-21.69881,-22.022331,-22.343943,-23.46479,99.0,99.0,99.0,99.0,99.0,-19.557812,-20.005579,-20.556156,-21.178503,-23.038609,0.8732957,801
1000103000030,1000103000044,1000103000029,1000103000030,33000100000555,33000100000555,1000103000000,1000103000031,-1,0,33,1.9126327,29.43446,6635,27.009722,44.026066,24.122742,89739,3,4,2,129.33104,99.90589,209.85597,331,29.43446,0.05674718,149.3571,157.01727,0.7472219,0.4085988,0.0,1.8377156,1.5328926,0.0,0.008468755,0.0034952231,0.0,0.009845199,0.007641818,9.557018,0.0,44.073723,0.0035478577,0.03987717,-21.509605,-21.696733,-22.001104,-22.304047,-23.366608,99.0,99.0,99.0,99.0,99.0,-19.781134,-20.185219,-20.698246,-21.276041,-22.994387,0.77070016,518
1000103000031,1000103000044,1000103000030,1000103000031,32000100000622,32000100000622,1000103000000,1000103000032,-1,0,32,2.0700274,26.508226,6635,26.960085,43.96887,24.001438,89739,3,4,2,117.73479,91.26707,201.01869,247,26.508226,0.052268103,147.68689,146.57939,0.941682,0.30574661,0.0,1.3915726,1.3779447,0.0,0.0077760406,0.0024866036,0.0,0.0065188045,0.0068324828,9.206838,0.0,43.962173,0.0035362823,0.03481274,-21.501808,-21.654324,-21.926765,-22.194065,-23.151888,99.0,99.0,99.0,99.0,99.0,-19.974768,-20.336357,-20.811153,-21.331846,-22.865747,0.7260171,934
1000103000032,1000103000044,1000103000031,1000103000032,31000100000624,31000100000624,1000103000000,1000103000033,-1,0,31,2.2394855,22.377075,6635,26.850365,43.931984,23.869566,89737,3,4,2,135.75339,91.36541,209.37402,249,22.377075,0.04703443,143.04204,165.10551,0.47449166,0.21164505,0.0,1.8675481,1.0903844,0.0,0.003995914,0.0018061143,0.0,0.0041147214,0.006336514,1.5858618,0.0,44.13489,0.004830975,0.03626357,-20.4776,-20.697073,-21.01163,-21.318232,-22.40598,99.0,99.0,99.0,99.0,99.0,-20.02544,-20.326153,-20.711187,-21.097635,-22.340588,0.7546253,676
1000103000033,1000103000044,1000103000032,1000103000033,30000100000619,30000100000619,1000103000000,1000103000034,-1,0,30,2.422044,14.372967,6635,26.723385,43.917904,23.743486,89737,2,4,2,168.00137,54.118652,229.12965,136,14.372967,0.03857554,126.58643,132.34886,0.20551096,0.1962976,0.0,0.19151491,1.3133752,0.0,0.0033768096,0.0016340527,0.0,0.002489077,0.007945563,3.9573157,0.0,43.104847,0.0021218748,0.028959671,-20.669386,-20.83724,-21.126923,-21.426105,-22.499977,99.0,99.0,99.0,99.0,99.0,-18.675383,-19.094757,-19.625326,-20.241438,-22.087002,0.5745185,140
1000103000034,1000103000044,1000103000033,1000103000034,29000100000878,29000100000878,1000103000000,1000103000035,-1,0,29,2.6188614,10.758209,6635,26.642155,43.89004,23.596214,89737,2,4,2,159.24702,63.2335,229.46164,118,10.758209,0.033239603,117.98099,125.15271,0.2942309,0.16013733,0.0,0.09415179,1.1501079,0.0,0.004160629,0.0011219556,0.0,6.939329E-4,0.006258035,6.7022667,0.0,42.5576,0.00227663,0.018419974,-20.824213,-20.934515,-21.184216,-21.455637,-22.460169,99.0,99.0,99.0,99.0,99.0,-18.93739,-19.26346,-19.73534,-20.308535,-22.065561,0.45795697,957
1000103000035,1000103000044,1000103000034,1000103000035,28000100000561,28000100000561,1000103000000,1000103000036,-1,0,28,2.8311827,8.520501,6635,26.556627,43.869377,23.494085,89737,2,4,2,142.19115,71.58029,221.54596,130,8.520501,0.029140562,112.1382,113.166985,0.70064807,0.10247795,0.0,0.0,0.78186095,0.0,0.0054929885,5.216862E-4,0.0,0.0,0.003185172,5.6443973,0.0,0.0,0.004638164,0.029140562,-20.596643,-20.65761,-20.866568,-21.098543,-22.023474,99.0,99.0,99.0,99.0,99.0,-19.770561,-19.99057,-20.330843,-20.70769,-21.905245,0.44129166,740
1000103000036,1000103000044,1000103000035,1000103000036,27000100000780,27000100000780,1000103000000,1000103000037,-1,0,27,3.060419,5.7664,6420,26.477589,43.8085,23.394579,87981,2,4,2,138.51872,72.52827,220.49207,106,5.7664,0.024205698,101.21935,102.1187,0.31317428,0.05687816,0.0,0.034503046,0.47429597,0.0,0.0018318755,2.3511749E-4,0.0,6.676867E-5,8.5982645E-4,1.3482726,0.0,41.94872,0.0038480295,0.011279392,-19.675968,-19.779434,-20.01558,-20.26094,-21.18309,99.0,99.0,99.0,99.0,99.0,-19.352947,-19.523895,-19.814653,-20.116796,-21.14252,0.5175193,286
1000103000037,1000103000044,1000103000036,1000103000037,26000100000862,26000100000862,1000103000000,1000103000038,-1,0,26,3.3080978,4.6475463,6420,26.389713,43.736324,23.291668,87981,2,4,2,132.16069,71.95465,213.7645,86,4.6475463,0.021280898,96.91408,95.85464,0.2085598,0.046676215,0.0,0.033925984,0.41266593,0.0,0.001482988,1.6884663E-4,0.0,8.890968E-5,7.158988E-4,1.0201807,0.0,42.206505,0.0043763625,0.015928624,-19.34668,-19.481384,-19.735264,-20.006495,-20.943861,99.0,99.0,99.0,99.0,99.0,-19.161854,-19.331608,-19.615263,-19.91968,-20.918718,0.43202767,69
1000103000038,1000103000044,1000103000037,1000103000038,25000100001043,25000100001043,1000103000000,1000103000039,-1,0,25,3.575905,4.131152,6420,26.307756,43.695198,23.162575,87980,2,4,2,123.20601,77.77803,216.69487,61,4.131152,0.019302638,95.939445,101.14255,0.25528213,0.03946436,0.0,0.0,0.38331932,0.0,0.0014204,1.2345449E-4,0.0,0.0,5.332171E-4,1.9349805,0.0,0.0,0.0035736405,0.019302638,-19.631315,-19.711168,-19.927013,-20.165327,-21.042656,99.0,99.0,99.0,99.0,99.0,-19.339409,-19.47749,-19.741968,-20.032326,-21.005194,0.3247537,387
1000103000039,1000103000044,1000103000038,1000103000039,24000100000869,24000100000869,1000103000000,1000103000040,-1,0,24,3.8656828,4.3893495,6420,26.248306,43.64517,23.018026,87980,2,4,2,112.67573,73.741516,208.54288,69,4.3893495,0.01855528,100.86402,100.94781,0.25092313,0.026716819,0.0,0.09538081,0.3077802,0.0,0.0010310895,6.821163E-5,0.0,1.2116245E-4,1.85685E-4,1.5443212,0.0,42.909065,0.0036788594,0.017534822,-19.41354,-19.48261,-19.686268,-19.907808,-20.728783,99.0,99.0,99.0,99.0,99.0,-19.270239,-19.366388,-19.593569,-19.84064,-20.709614,0.2811578,591
1000103000040,1000103000044,1000103000039,1000103000040,23000100000875,23000100000875,1000103000000,1000103000041,-1,0,23,4.1794686,4.217218,6420,26.187998,43.62357,22.90426,87980,2,4,2,106.364365,73.39467,207.36325,58,4.217218,0.0172252,102.61263,108.83689,0.24143389,0.017258251,0.0,0.18978596,0.21397212,0.0,7.0975616E-4,3.5830057E-5,0.0,9.423766E-5,6.850514E-5,1.1250873,0.0,43.238995,0.00391571,0.015752805,-19.113493,-19.159693,-19.3401,-19.538244,-20.267078,99.0,99.0,99.0,99.0,99.0,-19.039639,-19.099274,-19.291594,-19.50291,-20.256823,0.24799526,782
1000103000041,1000103000044,1000103000040,1000103000041,22000100000732,22000100000732,1000103000000,1000103000042,-1,0,22,4.5195556,3.6147583,6420,26.145708,43.612286,22.792908,87980,2,4,2,93.9314,65.89994,204.9206,59,3.6147583,0.015373125,100.56075,100.256516,0.18129131,0.010865991,0.0,0.2198036,0.158618,0.0,4.6192357E-4,1.8872966E-5,0.0,4.7459478E-5,4.3638232E-5,0.6995374,0.0,43.289867,0.0038391356,0.013508584,-18.577253,-18.620089,-18.799429,-18.995335,-19.706364,99.0,99.0,99.0,99.0,99.0,-18.524382,-18.577305,-18.765266,-18.970314,-19.698772,0.22010456,407
1000103000042,1000103000044,1000103000041,1000103000042,21000100000788,21000100000788,1000103000000,1000103000043,-1,0,21,4.888449,1.9795104,6420,26.109005,43.600853,22.69258,87980,2,4,2,90.35109,46.38499,203.44374,44,1.9795104,0.011801572,84.93349,90.84095,0.1551722,0.0071873856,0.0,0.004424797,0.13626985,0.0,3.230162E-4,1.003691E-5,0.0,1.9076792E-6,4.332277E-5,0.25447968,0.0,40.81401,0.0046807155,0.004256803,-17.93288,-17.97728,-18.166039,-18.385088,-19.12404,99.0,99.0,99.0,99.0,99.0,-17.908,-17.95767,-18.15061,-18.374046,-19.120792,0.17582582,225
1000103000043,1000103000044,1000103000042,1000103000043,20000100001055,20000100001055,1000103000000,1000103000044,-1,0,20,5.2888336,1.6352477,6420,26.047297,43.58945,22.568586,87980,2,4,2,66.08559,41.681618,225.40262,27,1.6352477,0.0103774,82.322296,90.21252,0.09988676,0.0059517534,0.0,0.002666769,0.1443756,0.0,2.6047506E-4,7.223589E-6,0.0,1.6604743E-6,4.3891087E-5,0.8172965,0.0,41.002956,0.0023335237,0.0051693576,-18.151846,-18.155714,-18.326601,-18.508945,-19.186745,99.0,99.0,99.0,99.0,99.0,-18.050669,-18.075832,-18.263712,-18.463396,-19.172634,0.0860741,450
1000103000044,1000103000044,1000103000043,1000103000044,19000100001099,19000100001099,1000103000000,-1,-1,0,19,5.7238646,1.3770508,6420,26.013985,43.575134,22.422369,87976,2,4,2,59.233696,40.530243,222.69406,24,1.3770508,0.009172249,80.35391,89.53902,0.12201769,0.0022944883,0.0,0.023487084,0.06836631,0.0,1.1322847E-4,1.0489242E-6,0.0,2.367361E-6,4.1177796E-6,0.55766875,0.0,42.150246,0.0019273096,0.007791507,-17.689075,-17.52751,-17.558147,-17.564787,-17.77138,99.0,99.0,99.0,99.0,99.0,-17.650417,-17.496534,-17.533428,-17.546701,-17.765627,0.025634557,262
1000103000045,1000103000065,1000103000023,1000103000024,39000100000569,39000100000569,1000103000000,1000103000046,-1,2,39,1.173417,46.991856,6624,27.480885,44.370388,24.81617,89798,3,4,2,226.12039,43.529575,258.01437,38,3.2704966,0.026020426,73.52239,101.350716,0.033902787,0.18408272,0.0,0.0,0.0,0.0,7.467399E-4,0.0014818833,0.0,0.0,0.0,0.0023240445,0.0,0.0,0.0024164394,0.028282387,-17.877518,-18.60917,-19.230303,-19.741089,-21.118074,99.0,99.0,99.0,99.0,99.0,-17.184385,-18.024864,-18.748014,-19.382185,-21.00861,3.2694032,157
1000103000046,1000103000065,1000103000045,1000103000025,38000100000516,38000100000516,1000103000000,1000103000047,-1,2,38,1.2758462,45.18448,6624,27.37478,44.35553,24.709568,89798,3,4,2,76.44183,72.30092,186.85226,38,3.2704966,0.026020426,73.52239,101.350716,0.034130502,0.18405078,0.0,0.0,0.0,0.0,7.5007183E-4,0.0014811814,0.0,0.0,0.0,0.005819125,0.0,0.0,0.0024164394,0.028282387,-18.01362,-18.72242,-19.330294,-19.831526,-21.19913,99.0,99.0,99.0,99.0,99.0,-17.316391,-18.134598,-18.84505,-19.470377,-21.088966,2.9401424,266
1000103000047,1000103000065,1000103000046,1000103000026,37000100000505,37000100000505,1000103000000,1000103000048,-1,2,37,1.3857181,43.54923,6635,27.306263,44.284508,24.581694,89743,3,4,2,197.0348,80.469635,178.56836,38,3.2704966,0.026020426,73.52239,101.350716,0.034682646,0.18397342,0.0,0.0,0.0,0.0,7.5810484E-4,0.0014794869,0.0,0.0,0.0,0.014119079,0.0,0.0,0.0024164394,0.028282387,-18.1766,-18.862131,-19.456541,-19.946568,-21.30502,99.0,99.0,99.0,99.0,99.0,-17.554684,-18.339869,-19.026646,-19.62755,-21.208172,2.6219447,749
1000103000048,1000103000065,1000103000047,1000103000027,36000100000498,36000100000498,1000103000000,1000103000049,-1,2,36,1.5036365,38.041027,6635,27.213823,44.260746,24.468395,89743,3,4,2,131.75304,142.55608,253.90012,38,3.2704966,0.026020426,73.52239,101.350716,0.035975464,0.18379235,0.0,0.0,0.0,0.0,7.766656E-4,0.0014755551,0.0,0.0,0.0,0.03313573,0.0,0.0,0.0024164394,0.028282387,-18.392586,-19.039816,-19.613485,-20.087946,-21.432224,99.0,99.0,99.0,99.0,99.0,-17.74536,-18.497532,-19.167126,-19.75637,-21.33115,2.316168,592
1000103000049,1000103000065,1000103000048,1000103000028,35000100000584,35000100000584,1000103000000,1000103000050,-1,2,35,1.6302707,31.930365,6635,27.171907,44.14045,24.346304,89739,3,4,2,41.69562,157.27496,143.40427,38,3.2704966,0.026020426,73.52239,101.350716,0.03889372,0.18338366,0.0,0.0,0.0,0.0,8.1733987E-4,0.001466857,0.0,0.0,0.0,0.07510665,0.0,0.0,0.0024164394,0.028282387,-18.640963,-19.236597,-19.7838,-20.243563,-21.578941,99.0,99.0,99.0,99.0,99.0,-17.93859,-18.649807,-19.300667,-19.883938,-21.468485,2.0245318,486
1000103000050,1000103000065,1000103000049,1000103000029,34000100000570,34000100000570,1000103000000,1000103000051,-1,2,34,1.766336,29.348394,6635,27.097254,44.085922,24.250935,89739,3,4,2,195.46228,62.348347,252.22365,38,3.2704966,0.026020426,73.52239,101.350716,0.04523447,0.18249567,0.0,0.0,0.0,0.0,9.0037467E-4,0.0014487265,0.0,0.0,0.0,0.16423313,0.0,0.0,0.0024164394,0.028282387,-18.944752,-19.478432,-19.991224,-20.428059,-21.73122,99.0,99.0,99.0,99.0,99.0,-18.244703,-18.892515,-19.508846,-20.069376,-21.621737,1.749451,321
1000103000051,1000103000065,1000103000050,1000103000030,33000100000555,33000100000555,1000103000000,1000103000052,-1,2,33,1.9126327,29.43446,6635,26.98053,44.0649,24.126776,89739,3,4,2,193.066,69.27496,241.75107,38,3.2704966,0.026020426,73.52239,101.350716,0.058483478,0.18064016,0.0,0.0,0.0,0.0,0.0010538746,0.001413707,0.0,0.0,0.0,0.34618148,0.0,0.0,0.0024164394,0.028282387,-19.204664,-19.637486,-20.087841,-20.484709,-21.713873,99.0,99.0,99.0,99.0,99.0,-18.420958,-18.982817,-19.548624,-20.08288,-21.59047,1.4943278,103
1000103000052,1000103000065,1000103000051,1000103000055,32000100000623,32000100000622,1000103000000,1000103000053,-1,1,32,2.0700274,26.508226,6635,26.867254,44.018982,23.990177,89739,3,4,2,142.40945,122.53538,233.30301,38,3.2704966,0.026020426,73.52239,101.350716,0.08508545,0.17691457,0.0,0.0,0.0,0.0,0.0012997106,0.0013522656,0.0,0.0,0.0,1.0633394,0.0,0.0,0.0024164394,0.028282387,-19.49677,-19.865427,-20.282618,-20.667627,-21.883268,99.0,99.0,99.0,99.0,99.0,-18.585304,-19.089844,-19.637215,-20.182888,-21.732964,1.264107,996
1000103000053,1000103000065,1000103000052,1000103000056,30000100000620,30000100000619,1000103000000,1000103000054,-1,1,30,2.422044,14.372967,6635,26.85273,43.834194,23.759333,89737,3,4,2,48.84207,145.71422,180.93733,65,5.5942707,0.028165082,92.4243,110.34108,0.23616718,0.1557557,0.0,0.0,0.0,0.0,0.0018631429,0.0011243615,0.0,0.0,0.0,1.9428908,0.0,0.0,0.003450012,0.028282387,-20.112587,-20.32766,-20.643797,-20.963612,-22.042812,99.0,99.0,99.0,99.0,99.0,-19.597147,-19.913342,-20.312557,-20.722496,-21.972284,0.91794926,325
1000103000054,1000103000065,1000103000053,1000103000057,29000100001135,29000100001135,1000103000000,1000103000055,-1,0,29,2.6188614,6.6270566,6635,26.804922,43.765583,23.649769,89737,3,4,2,73.09318,121.55261,181.50394,83,6.6270566,0.028282387,100.385796,101.004036,0.36293203,0.13800238,0.0,0.0032376593,0.49598265,0.0,0.0017226175,0.0010155932,0.0,5.2246655E-6,6.174614E-4,3.6663964,0.0,0.0,0.0013071655,0.028282387,-20.768328,-20.832485,-21.055916,-21.278944,-22.235909,99.0,99.0,99.0,99.0,99.0,-18.699512,-19.070505,-19.57654,-20.137964,-21.858414,0.8010431,208
1000103000055,1000103000065,1000103000054,1000103000058,28000100000562,28000100000561,1000103000000,1000103000056,-1,1,28,2.8311827,8.520501,6635,26.763708,43.70727,23.547388,89737,2,4,2,79.150856,109.5921,177.282,58,4.991811,0.024383474,93.832054,102.832756,0.044982724,0.10646048,0.0,0.0,0.0,0.0,8.18008E-4,8.827891E-4,0.0,0.0,0.0,0.6889952,0.0,42.349808,0.0014876968,0.018091068,-19.359856,-19.655787,-20.018507,-20.361387,-21.509314,99.0,99.0,99.0,99.0,99.0,-17.956434,-18.457361,-19.011343,-19.592308,-21.262722,0.81817764,389
1000103000056,1000103000065,1000103000055,1000103000059,27000100001204,27000100001204,1000103000000,1000103000057,-1,0,27,3.060419,5.7664,6420,26.699625,43.64898,23.425013,87981,2,4,2,88.62984,99.6626,169.76675,69,5.7664,0.024205698,101.21935,102.17391,0.08472762,0.100894235,0.0,0.050628915,0.64260083,0.0,0.0011499202,7.964319E-4,0.0,2.6485708E-4,0.0030028962,2.0099106,0.0,42.349808,0.0013651091,0.018091068,-19.816137,-19.988245,-20.2787,-20.572277,-21.6333,99.0,99.0,99.0,99.0,99.0,-18.008724,-18.423948,-18.946138,-19.536268,-21.28935,0.66280484,263
1000103000057,1000103000065,1000103000056,1000103000060,26000100001237,26000100001237,1000103000000,1000103000058,-1,0,26,3.3080978,5.1639404,6420,26.662308,43.58959,23.352573,87981,2,4,2,92.44836,92.61726,160.15886,59,5.1639404,0.022041567,100.37819,106.233315,0.09260975,0.085685894,0.0,0.068543755,0.5420968,0.0,0.0011242604,6.295987E-4,0.0,3.008805E-4,0.0023589255,1.6134344,0.0,42.64498,0.0015483312,0.021355178,-19.683928,-19.84877,-20.131529,-20.418467,-21.4603,99.0,99.0,99.0,99.0,99.0,-18.135456,-18.538628,-19.037058,-19.586811,-21.196413,0.5820686,430
1000103000058,1000103000065,1000103000057,1000103000061,25000100001101,25000100001101,1000103000000,1000103000059,-1,0,25,3.575905,4.4754148,6420,26.631712,43.53657,23.258259,87981,2,4,2,92.06657,87.90769,151.07465,62,4.4754148,0.019824583,98.53365,102.99845,0.091923974,0.07428021,0.0,0.03767625,0.48030385,0.0,0.0010614556,5.0920295E-4,0.0,2.056752E-4,0.002037031,0.6990059,0.0,42.38479,0.0021161807,0.018179948,-19.465244,-19.649832,-19.93737,-20.231245,-21.275932,99.0,99.0,99.0,99.0,99.0,-18.567425,-18.902704,-19.324226,-19.775923,-21.137632,0.48849085,612
1000103000059,1000103000065,1000103000058,1000103000062,24000100000976,24000100000976,1000103000000,1000103000060,-1,0,24,3.8656828,4.3893495,6420,26.57147,43.47842,23.17095,87981,2,4,2,90.66927,85.49032,141.40193,62,4.3893495,0.01855528,100.86402,106.89553,0.07103135,0.0696752,0.0,0.0013398097,0.53947085,0.0,9.3768956E-4,4.568178E-4,0.0,9.578579E-6,0.00216691,1.4218117,0.0,39.953335,9.587163E-4,0.0025374005,-19.82726,-19.937517,-20.18616,-20.457767,-21.45408,99.0,99.0,99.0,99.0,99.0,-17.371792,-17.755835,-18.27301,-18.909988,-20.88958,0.3579184,600
1000103000060,1000103000065,1000103000059,1000103000063,23000100000866,23000100000866,1000103000000,1000103000061,-1,0,23,4.1794686,4.131152,6420,26.495522,43.429752,23.115877,87981,2,4,2,91.459175,82.26559,125.9744,60,4.131152,0.017107217,101.90979,103.26948,0.08527546,0.060966972,0.0,0.003411358,0.54547334,0.0,0.0011105165,3.2921185E-4,0.0,1.8397679E-5,0.0016545422,2.4647906,0.0,40.935253,0.0013198123,0.004750129,-19.941805,-20.042225,-20.28374,-20.554394,-21.522945,99.0,99.0,99.0,99.0,99.0,-18.065971,-18.406128,-18.881603,-19.459023,-21.155304,0.25069308,78
1000103000061,1000103000065,1000103000060,1000103000064,22000100000756,22000100000756,1000103000000,1000103000062,-1,0,22,4.5195556,4.4754148,6420,26.46174,43.378666,23.031063,87981,2,4,2,91.722916,74.60603,110.96427,55,4.4754148,0.016507456,107.9808,112.86046,0.12434841,0.046963103,0.0,0.060792763,0.48437378,0.0,0.0011774207,1.9328271E-4,0.0,1.8940061E-4,9.11638E-4,3.4500523,0.0,42.768253,0.001421735,0.014460594,-20.070274,-20.113153,-20.311672,-20.549433,-21.445559,99.0,99.0,99.0,99.0,99.0,-18.459045,-18.739157,-19.153912,-19.661486,-21.142544,0.16526948,289
1000103000062,1000103000065,1000103000061,1000103000065,21000100000666,21000100000666,1000103000000,1000103000063,-1,0,21,4.888449,3.8729553,6420,26.407932,43.330456,22.989174,87981,2,4,2,96.24192,66.522194,111.98931,49,3.8729553,0.014760512,106.22836,118.74779,0.2461972,0.028820584,0.0,0.0,0.34878093,0.0,0.001091682,7.3029165E-5,0.0,0.0,3.5216162E-4,4.4582815,0.0,0.0,0.001454805,0.014760512,-20.158533,-20.176765,-20.35588,-20.54189,-21.316566,99.0,99.0,99.0,99.0,99.0,-18.84882,-19.071712,-19.438356,-19.837446,-21.071413,0.09763271,513
1000103000063,1000103000065,1000103000062,1000103000066,20000100000558,20000100000558,1000103000000,1000103000064,-1,0,20,5.2888336,3.2704954,6420,26.379189,43.31385,22.915932,87981,2,4,2,86.793846,64.22811,119.41058,48,3.2704954,0.0130747035,103.7196,104.57319,0.14448513,0.0071732765,0.0,0.24959031,0.1288321,0.0,3.0610448E-4,1.133673E-5,0.0,3.1350133E-5,2.8749582E-5,0.4252781,0.0,43.473614,0.0032735527,0.011931019,-18.157166,-18.17409,-18.353662,-18.563845,-19.319757,99.0,99.0,99.0,99.0,99.0,-18.114382,-18.139322,-18.325783,-18.543676,-19.313864,0.12801822,399
1000103000064,1000103000065,1000103000063,1000103000067,19000100000763,19000100000763,1000103000000,1000103000065,-1,0,19,5.7238646,1.549182,6420,26.29613,43.279892,22.853558,87980,2,4,2,93.30545,54.715702,99.64524,32,1.549182,0.009539523,83.571434,86.45634,0.09036187,0.0052702287,0.0,0.01151495,0.1381768,0.0,2.3073508E-4,6.898846E-6,0.0,4.976302E-6,3.477019E-5,1.1726041,0.0,41.8644,0.0013803664,0.008194194,-18.372984,-18.335915,-18.472324,-18.603592,-19.20453,99.0,99.0,99.0,99.0,99.0,-18.12649,-18.136393,-18.312672,-18.486687,-19.169048,0.05159374,157
1000103000065,1000103000065,1000103000064,1000103000068,18000100000756,18000100000756,1000103000000,-1,-1,0,18,6.1968336,0.6885254,6420,26.302975,43.25387,22.803242,87980,2,4,2,77.52091,45.193863,102.60893,26,0.6885254,0.006805675,65.96208,78.371216,0.07242316,4.4563162E-4,0.0,0.011355645,0.021166475,0.0,2.2961369E-5,6.6695705E-8,0.0,1.9945742E-7,2.2677285E-7,0.11801708,0.0,41.70382,0.0026509156,0.00603616,-15.865603,-15.612948,-15.559242,-15.446901,-15.263594,99.0,99.0,99.0,99.0,99.0,-15.862732,-15.610609,-15.557342,-15.445478,-15.26309,0.02005564,661
1000103000066,1000103000087,1000103000019,1000103000020,43000100000474,43000100000474,1000103000000,1000103000067,-1,2,43,0.8276991,68.76647,6624,27.792828,44.612034,25.20749,89798,3,4,2,144.32756,253.81535,196.09618,25,2.4959044,0.022640748,68.85549,75.59562,0.019502759,0.030418802,0.0,0.0,0.0,0.0,3.5691375E-4,1.7214156E-4,0.0,0.0,0.0,1.9452723E-7,0.0,0.0,0.0014907457,0.022640748,-15.621252,-16.340872,-16.9602,-17.460434,-18.763086,99.0,99.0,99.0,99.0,99.0,-15.329425,-16.098246,-16.762442,-17.315386,-18.720022,4.702421,995
1000103000067,1000103000087,1000103000066,1000103000021,42000100000473,42000100000473,1000103000000,1000103000068,-1,2,42,0.9054624,46.30333,6624,27.72144,44.5224,25.143314,89798,3,4,2,130.80872,81.691,79.09994,25,2.4959044,0.022640748,68.85549,75.59562,0.019502759,0.030418802,0.0,0.0,0.0,0.0,3.5691433E-4,1.7214156E-4,0.0,0.0,0.0,2.6709898E-7,0.0,0.0,0.0014907457,0.022640748,-15.700229,-16.415972,-17.032732,-17.532284,-18.841501,99.0,99.0,99.0,99.0,99.0,-15.408401,-16.173347,-16.834974,-17.387236,-18.798435,4.340172,611
1000103000068,1000103000087,1000103000067,1000103000022,41000100000495,41000100000495,1000103000000,1000103000069,-1,2,41,0.98870814,43.979557,6624,27.649721,44.53232,25.06942,89798,3,4,2,180.68625,-58.985355,259.28586,25,2.4959044,0.022640748,68.85549,75.59562,0.019502778,0.030418802,0.0,0.0,0.0,0.0,3.569148E-4,1.7214156E-4,0.0,0.0,0.0,9.519124E-7,0.0,0.0,0.0014907457,0.022640748,-15.788852,-16.499855,-17.113108,-17.610594,-18.922699,99.0,99.0,99.0,99.0,99.0,-15.497023,-16.257229,-16.91535,-17.465544,-18.879635,3.9844737,406
1000103000069,1000103000087,1000103000068,1000103000023,40000100000552,40000100000552,1000103000000,1000103000070,-1,2,40,1.0778745,44.237755,6624,27.52786,44.503452,24.930058,89798,3,4,2,237.96883,159.16508,230.92496,25,2.4959044,0.022640748,68.85549,75.59562,0.019502869,0.030418795,0.0,0.0,0.0,0.0,3.5691579E-4,1.721413E-4,0.0,0.0,0.0,4.14111E-6,0.0,0.0,0.0014907457,0.022640748,-15.893391,-16.599129,-17.208298,-17.703194,-19.014967,99.0,99.0,99.0,99.0,99.0,-15.601557,-16.3565,-17.010536,-17.558142,-18.9719,3.636391,281
1000103000070,1000103000087,1000103000069,1000103000024,39000100000569,39000100000569,1000103000000,1000103000071,-1,2,39,1.173417,46.991856,6624,27.428577,44.389515,24.82456,89798,3,4,2,74.50397,234.91197,200.04161,25,2.4959044,0.022640748,68.85549,75.59562,0.019503282,0.030418737,0.0,0.0,0.0,0.0,3.5692035E-4,1.7214024E-4,0.0,0.0,0.0,1.7652652E-5,0.0,0.0,0.0014907457,0.022640748,-16.00254,-16.700283,-17.302126,-17.789759,-19.09438,99.0,99.0,99.0,99.0,99.0,-15.71069,-16.457644,-17.104357,-17.644701,-19.051311,3.2969897,284
1000103000071,1000103000087,1000103000070,1000103000025,38000100000516,38000100000516,1000103000000,1000103000072,-1,2,38,1.2758462,45.18448,6624,27.434868,44.314636,24.691385,89798,3,4,2,25.787472,29.479961,256.2499,25,2.4959044,0.022640748,68.85549,75.59562,0.019505017,0.030418495,0.0,0.0,0.0,0.0,3.5693916E-4,1.721358E-4,0.0,0.0,0.0,7.227806E-5,0.0,0.0,0.0014907457,0.022640748,-16.130411,-16.818295,-17.411407,-17.889471,-19.187883,99.0,99.0,99.0,99.0,99.0,-15.838457,-16.575596,-17.213593,-17.744377,-19.144796,2.9672186,923
1000103000072,1000103000087,1000103000071,1000103000026,37000100000505,37000100000505,1000103000000,1000103000073,-1,2,37,1.3857181,43.54923,6624,27.36522,44.295876,24.574484,89798,3,4,2,223.74521,65.6728,166.2204,25,2.4959044,0.022640748,68.85549,75.59562,0.01951187,0.03041754,0.0,0.0,0.0,0.0,3.5701407E-4,1.721182E-4,0.0,0.0,0.0,2.8130977E-4,0.0,0.0,0.0014907457,0.022640748,-16.281218,-16.956533,-17.54038,-18.009459,-19.301588,99.0,99.0,99.0,99.0,99.0,-15.98904,-16.713696,-17.34246,-17.864286,-19.258474,2.6479468,174
1000103000073,1000103000087,1000103000072,1000103000027,36000100000498,36000100000498,1000103000000,1000103000074,-1,2,36,1.5036365,38.041027,6635,27.177858,44.238377,24.476181,89743,3,4,2,319.3928,111.54832,259.14752,25,2.4959044,0.022640748,68.85549,75.59562,0.019537624,0.030413933,0.0,0.0,0.0,0.0,3.5729536E-4,1.7205221E-4,0.0,0.0,0.0,0.001040459,0.0,0.0,0.0014907457,0.022640748,-16.44048,-17.087471,-17.654472,-18.112246,-19.396196,99.0,99.0,99.0,99.0,99.0,-16.147646,-16.844187,-17.456213,-17.966824,-19.353003,2.3400543,959
1000103000074,1000103000087,1000103000073,1000103000028,35000100000584,35000100000584,1000103000000,1000103000075,-1,2,35,1.6302707,31.930365,6635,27.056862,44.17673,24.318613,89739,3,4,2,139.1447,103.99,275.23062,25,2.4959044,0.022640748,68.85549,75.59562,0.01962926,0.0304011,0.0,0.0,0.0,0.0,3.5829414E-4,1.7181778E-4,0.0,0.0,0.0,0.003645691,0.0,0.0,0.0014907457,0.022640748,-16.637453,-17.24882,-17.796135,-18.242586,-19.522346,99.0,99.0,99.0,99.0,99.0,-16.340328,-17.002892,-17.595919,-18.095703,-19.478592,2.0445435,625
1000103000075,1000103000087,1000103000074,1000103000029,34000100000570,34000100000570,1000103000000,1000103000076,-1,2,34,1.766336,29.348394,6635,27.01089,44.117985,24.175879,89739,3,4,2,31.38749,116.03803,210.76668,25,2.4959044,0.022640748,68.85549,75.59562,0.019937042,0.030357994,0.0,0.0,0.0,0.0,3.6162653E-4,1.7103361E-4,0.0,0.0,0.0,0.012082225,0.0,0.0,0.0014907457,0.022640748,-16.872658,-17.425514,-17.939583,-18.364109,-19.603582,99.0,99.0,99.0,99.0,99.0,-16.604376,-17.205553,-17.761158,-18.233368,-19.56453,1.7630565,680
1000103000076,1000103000087,1000103000075,1000103000030,33000100000555,33000100000555,1000103000000,1000103000077,-1,2,33,1.9126327,29.43446,6635,27.003128,44.021927,24.13126,89739,3,4,2,-23.39195,141.01593,-23.95388,25,2.4959044,0.022640748,68.85549,75.59562,0.02091173,0.030221496,0.0,0.0,0.0,0.0,3.719555E-4,1.685831E-4,0.0,0.0,0.0,0.037830677,0.0,0.0,0.0014907457,0.022640748,-17.186655,-17.664907,-18.14169,-18.54838,-19.773132,99.0,99.0,99.0,99.0,99.0,-16.895945,-17.428713,-17.950796,-18.40862,-19.73135,1.4987662,850
1000103000077,1000103000087,1000103000076,1000103000031,32000100000622,32000100000622,1000103000000,1000103000078,-1,2,32,2.0700274,26.508226,6635,27.034136,43.98939,24.076935,89739,3,4,2,-50.57736,40.424736,209.39053,25,2.4959044,0.022640748,68.85549,75.59562,0.02381879,0.029814364,0.0,0.0,0.0,0.0,4.0086813E-4,1.6155117E-4,0.0,0.0,0.0,0.1118437,0.0,0.0,0.0014907457,0.022640748,-17.550798,-17.936666,-18.366056,-18.747782,-19.941038,99.0,99.0,99.0,99.0,99.0,-17.214752,-17.66405,-18.146086,-18.586872,-19.893154,1.2585063,512
1000103000078,1000103000087,1000103000077,1000103000045,31000100003071,31000100003071,1000103000000,1000103000079,-1,0,31,2.2394855,2.4959044,6635,27.05398,43.940308,23.963972,89737,3,4,2,13.6204405,93.474,165.02646,25,2.4959044,0.022640748,68.85549,75.59562,0.03198118,0.02867123,0.0,0.0,0.23805177,0.0,4.6916134E-4,1.4367385E-4,0.0,0.0,8.482218E-4,0.31215745,0.0,0.0,0.0014907457,0.022640748,-17.93596,-18.227377,-18.60343,-18.948364,-20.061811,99.0,99.0,99.0,99.0,99.0,-17.506575,-17.890083,-18.335403,-18.752342,-20.002365,1.0573043,666
1000103000079,1000103000087,1000103000078,1000103000046,30000100003592,30000100003592,1000103000000,1000103000080,-1,0,30,2.422044,1.8073791,6635,27.03867,43.87061,23.88349,89737,3,4,2,30.303022,98.61731,175.67393,24,1.8073791,0.019326191,63.4193,74.919075,0.053544287,0.025650272,0.0,8.372787E-4,0.21889058,0.0,5.840107E-4,1.05826584E-4,0.0,2.8835186E-6,6.0933863E-4,0.11387351,0.0,39.85127,0.0031919891,0.008199671,-17.688148,-18.010937,-18.385464,-18.718443,-19.773203,99.0,99.0,99.0,99.0,99.0,-17.607088,-17.94563,-18.333189,-18.680553,-19.762173,0.93330324,412
1000103000080,1000103000087,1000103000079,1000103000047,29000100003385,29000100003385,1000103000000,1000103000081,-1,0,29,2.6188614,1.4631164,6635,27.00915,43.837208,23.776756,89737,3,4,2,34.733223,102.15344,187.24323,22,1.4631164,0.017093677,60.67247,71.70018,0.060892984,0.024609745,0.0,6.883434E-4,0.22119066,0.0,6.0662074E-4,9.500261E-5,0.0,2.1813623E-6,5.7243224E-4,0.11555649,0.0,39.777622,0.0036302994,0.0075536887,-17.84621,-18.118847,-18.45529,-18.765959,-19.769321,99.0,99.0,99.0,99.0,99.0,-17.785479,-18.069788,-18.416002,-18.737524,-19.761068,0.7482161,434
1000103000081,1000103000087,1000103000080,1000103000048,28000100003356,28000100003356,1000103000000,1000103000082,-1,0,28,2.8311827,1.6352477,6635,26.988361,43.763733,23.67736,89737,3,4,2,35.626762,98.02832,184.00604,22,1.6352477,0.016808826,64.68343,67.63582,0.06793086,0.02361562,0.0,0.0,0.22186156,0.0,6.2206754E-4,8.552488E-5,0.0,0.0,5.3533487E-4,0.3106097,0.0,0.0,0.0027451203,0.016808826,-18.216078,-18.396042,-18.676422,-18.95576,-19.905743,99.0,99.0,99.0,99.0,99.0,-18.09861,-18.303974,-18.604069,-18.904072,-19.891022,0.5683816,739
1000103000082,1000103000087,1000103000081,1000103000049,27000100002776,27000100002776,1000103000000,1000103000083,-1,0,27,3.060419,1.7213135,6635,26.963104,43.708195,23.590448,89737,3,4,2,39.965103,106.06724,180.4746,26,1.7213135,0.016177174,67.64701,69.4628,0.08584844,0.021106271,0.0,0.0,0.20645334,0.0,6.386386E-4,6.48943E-5,0.0,0.0,4.0732353E-4,0.3048608,0.0,0.0,0.0034141704,0.016177174,-18.323679,-18.477333,-18.737251,-19.010073,-19.925732,99.0,99.0,99.0,99.0,99.0,-18.249975,-18.41978,-18.692177,-18.97802,-19.91668,0.4294548,701
1000103000083,1000103000087,1000103000082,1000103000050,26000100002902,26000100002902,1000103000000,1000103000084,-1,0,26,3.3080978,1.549182,6635,26.95189,43.673164,23.47816,89737,3,4,2,39.98325,101.31044,167.4932,25,1.549182,0.014755351,67.196465,85.55275,0.10231969,0.018799484,0.0,0.0,0.19228886,0.0,6.2921294E-4,4.9339484E-5,0.0,0.0,3.1089422E-4,0.83168274,0.0,0.0,0.002311424,0.014755351,-18.772879,-18.849144,-19.057579,-19.291225,-20.137747,99.0,99.0,99.0,99.0,99.0,-18.605453,-18.718084,-18.955484,-19.218767,-20.117832,0.28853357,805
1000103000084,1000103000087,1000103000083,1000103000051,25000100002118,25000100002118,1000103000000,1000103000085,-1,0,25,3.575905,1.8073791,6420,26.93325,43.62794,23.385433,87981,3,4,2,40.39411,98.74412,172.17027,31,1.8073791,0.014653545,72.83217,74.01015,0.14430018,0.012920152,0.0,0.0,0.15618765,0.0,5.23959E-4,2.13829E-5,0.0,0.0,1.3466607E-4,0.68978053,0.0,0.0,0.003590404,0.014653545,-18.62645,-18.68881,-18.882185,-19.097803,-19.844355,99.0,99.0,99.0,99.0,99.0,-18.567713,-18.642698,-18.846458,-19.072111,-19.837393,0.20836899,425
1000103000085,1000103000087,1000103000084,1000103000052,24000100002163,24000100002163,1000103000000,1000103000086,-1,0,24,3.8656828,2.1516418,6420,26.899906,43.54151,23.285667,87981,3,4,2,46.067905,94.91172,170.75763,27,2.1516418,0.0146304425,79.52913,84.96307,0.17674759,0.0083759185,0.0,0.0,0.12828445,0.0,3.784961E-4,8.550983E-6,0.0,0.0,5.379073E-5,0.8485733,0.0,0.0,0.0039158817,0.0146304425,-18.531797,-18.543306,-18.703089,-18.87996,-19.489973,99.0,99.0,99.0,99.0,99.0,-18.49431,-18.513414,-18.679789,-18.862846,-19.484869,0.118039556,997
1000103000086,1000103000087,1000103000085,1000103000053,23000100001553,23000100001553,1000103000000,1000103000087,-1,0,23,4.1794686,2.1516418,6420,26.853275,43.475243,23.19523,87981,3,4,2,45.518536,92.0066,168.97662,33,2.1516418,0.013764029,81.99402,82.65128,0.21381845,0.0031786247,0.0,0.0045041763,0.09238907,0.0,1.5855463E-4,1.3570406E-6,0.0,6.0435326E-7,6.7800283E-6,0.54783136,0.0,40.57285,0.002628652,0.00300342,-18.60275,-18.498714,-18.544203,-18.580515,-18.72811,99.0,99.0,99.0,99.0,99.0,-18.584026,-18.48279,-18.530941,-18.56983,-18.723583,0.038031388,882
1000103000087,1000103000087,1000103000086,1000103000054,22000100001243,22000100001243,1000103000000,-1,-1,0,22,4.5195556,0.60245967,6420,26.791372,43.450146,23.146563,87981,3,4,2,40.240856,91.80743,166.66528,34,0.60245967,0.008460157,55.340714,67.68385,0.06040995,6.608394E-5,0.0,0.0020417648,0.0047898544,0.0,3.465882E-6,1.6167838E-9,0.0,5.1367337E-9,5.466633E-9,0.012566777,0.0,42.888035,0.0040310402,0.00984898,-15.056373,-15.192664,-15.407678,-15.591788,-15.930678,99.0,99.0,99.0,99.0,99.0,-15.056338,-15.192635,-15.407652,-15.591767,-15.930669,0.014456815,739
1000103000088,1000103000112,1000103000014,1000103000015,48000100000521,48000100000521,1000103000000,1000103000089,-1,2,48,0.5085914,64.72138,6628,28.194313,45.033833,25.82062,89840,3,5,2,150.04243,60.36609,198.71776,34,3.2704954,0.028552702,70.186424,80.72201,0.06017304,0.051617295,0.0,0.0,0.0,0.0,8.084731E-4,2.893921E-4,0.0,0.0,0.0,3.1154798E-4,0.0,0.0,0.004508634,0.028552702,-15.957101,-16.705326,-17.347986,-17.871845,-19.203262,99.0,99.0,99.0,99.0,99.0,-15.891013,-16.650793,-17.303812,-17.839666,-19.193825,6.1835775,756
1000103000089,1000103000112,1000103000088,1000103000016,47000100000503,47000100000503,1000103000000,1000103000090,-1,2,47,0.5641766,72.295166,6628,28.136627,44.996445,25.722832,89840,3,5,2,110.744896,124.94488,257.59085,34,3.2704954,0.028552702,70.186424,80.72201,0.060207892,0.05161242,0.0,0.0,0.0,0.0,8.086846E-4,2.8932653E-4,0.0,0.0,0.0,5.352938E-4,0.0,0.0,0.004508634,0.028552702,-16.024422,-16.765366,-17.402864,-17.922403,-19.25144,99.0,99.0,99.0,99.0,99.0,-15.957955,-16.710642,-17.358557,-17.890123,-19.241957,5.8074703,411
1000103000090,1000103000112,1000103000089,1000103000017,46000100000505,46000100000505,1000103000000,1000103000091,-1,2,46,0.6235901,77.80337,6627,28.09192,44.911972,25.599468,89826,3,5,2,136.14102,257.58118,279.64102,34,3.2704954,0.028552702,70.186424,80.72201,0.060267746,0.05160403,0.0,0.0,0.0,0.0,8.0904696E-4,2.8921396E-4,0.0,0.0,0.0,9.1838295E-4,0.0,0.0,0.004508634,0.028552702,-16.096998,-16.8293,-17.460651,-17.974792,-19.300282,99.0,99.0,99.0,99.0,99.0,-16.030544,-16.774557,-17.416325,-17.942501,-19.2908,5.432088,872
1000103000091,1000103000112,1000103000090,1000103000018,45000100000512,45000100000512,1000103000000,1000103000092,-1,2,45,0.6871088,76.77058,6627,27.976364,44.768566,25.468233,89826,3,5,2,343.64874,324.35132,292.5062,34,3.2704954,0.028552702,70.186424,80.72201,0.060369976,0.05158972,0.0,0.0,0.0,0.0,8.0966495E-4,2.8902182E-4,0.0,0.0,0.0,0.0015701491,0.0,0.0,0.004508634,0.028552702,-16.17914,-16.900919,-17.525385,-18.033533,-19.356533,99.0,99.0,99.0,99.0,99.0,-16.111168,-16.8454,-17.480501,-18.000805,-19.346834,5.0588956,26
1000103000092,1000103000112,1000103000091,1000103000019,44000100000512,44000100000512,1000103000000,1000103000093,-1,2,44,0.75503564,74.36074,6624,27.85619,44.65406,25.34368,89798,3,5,2,179.22081,143.25548,231.03131,34,3.2704954,0.028552702,70.186424,80.72201,0.060543396,0.05156544,0.0,0.0,0.0,0.0,8.1071083E-4,2.8869632E-4,0.0,0.0,0.0,0.0026703163,0.0,0.0,0.004508634,0.028552702,-16.272886,-16.980995,-17.596506,-18.097013,-19.414452,99.0,99.0,99.0,99.0,99.0,-16.203485,-16.924688,-17.551037,-18.063818,-19.404526,4.6894374,652
1000103000093,1000103000112,1000103000092,1000103000020,43000100000474,43000100000474,1000103000000,1000103000094,-1,2,43,0.8276991,68.76647,6624,27.789099,44.629353,25.235693,89798,3,4,2,103.7855,-55.187332,193.43115,34,3.2704954,0.028552702,70.186424,80.72201,0.06083504,0.051524594,0.0,0.0,0.0,0.0,8.1246137E-4,2.8815007E-4,0.0,0.0,0.0,0.004509598,0.0,0.0,0.004508634,0.028552702,-16.37868,-17.069754,-17.674908,-18.167625,-19.480848,99.0,99.0,99.0,99.0,99.0,-16.310923,-17.01416,-17.629925,-18.13484,-19.471186,4.3254013,278
1000103000094,1000103000112,1000103000093,1000103000021,42000100000473,42000100000473,1000103000000,1000103000095,-1,2,42,0.9054624,46.30333,6624,27.71905,44.640984,25.20059,89798,3,4,2,183.56938,67.61566,77.61385,34,3.2704954,0.028552702,70.186424,80.72201,0.061320398,0.051456623,0.0,0.0,0.0,0.0,8.1535237E-4,2.8724433E-4,0.0,0.0,0.0,0.0075492235,0.0,0.0,0.004508634,0.028552702,-16.501085,-17.171583,-17.765015,-18.24955,-19.558905,99.0,99.0,99.0,99.0,99.0,-16.427519,-17.112806,-17.717659,-18.214867,-19.548323,3.968602,192
1000103000095,1000103000112,1000103000094,1000103000022,41000100000495,41000100000495,1000103000000,1000103000096,-1,2,41,0.98870814,43.979557,6624,27.62356,44.580658,25.124765,89798,3,4,2,196.80447,158.04454,209.97707,34,3.2704954,0.028552702,70.186424,80.72201,0.06211821,0.05134489,0.0,0.0,0.0,0.0,8.2004315E-4,2.8576425E-4,0.0,0.0,0.0,0.012506807,0.0,0.0,0.004508634,0.028552702,-16.644753,-17.290543,-17.871128,-18.348263,-19.655111,99.0,99.0,99.0,99.0,99.0,-16.571272,-17.231504,-17.823528,-18.313448,-19.644602,3.621123,923
1000103000096,1000103000112,1000103000095,1000103000023,40000100000552,40000100000552,1000103000000,1000103000097,-1,2,40,1.0778745,44.237755,6624,27.525572,44.483467,24.982248,89798,3,4,2,151.78548,207.16774,355.671,34,3.2704954,0.028552702,70.186424,80.72201,0.06341165,0.051163744,0.0,0.0,0.0,0.0,8.274895E-4,2.8338731E-4,0.0,0.0,0.0,0.020474087,0.0,0.0,0.004508634,0.028552702,-16.814926,-17.431702,-17.997667,-18.466925,-19.769676,99.0,99.0,99.0,99.0,99.0,-16.730341,-17.366133,-17.945145,-18.428211,-19.757381,3.2851899,665
1000103000097,1000103000112,1000103000096,1000103000024,39000100000569,39000100000569,1000103000000,1000103000098,-1,2,39,1.173417,46.991856,6624,27.48361,44.356342,24.785913,89798,3,4,2,57.11768,248.37746,254.97878,34,3.2704954,0.028552702,70.186424,80.72201,0.06547627,0.050874595,0.0,0.0,0.0,0.0,8.389773E-4,2.7965015E-4,0.0,0.0,0.0,0.03307193,0.0,0.0,0.004508634,0.028552702,-17.006021,-17.586159,-18.13176,-18.587013,-19.875664,99.0,99.0,99.0,99.0,99.0,-16.932056,-17.52572,-18.082912,-18.551394,-19.865131,2.963414,954
1000103000098,1000103000112,1000103000097,1000103000025,38000100000516,38000100000516,1000103000000,1000103000099,-1,2,38,1.2758462,45.18448,6624,27.437126,44.254166,24.675184,89798,3,4,2,139.31238,130.4294,171.03403,34,3.2704954,0.028552702,70.186424,80.72201,0.06871685,0.05042076,0.0,0.0,0.0,0.0,8.560543E-4,2.7392033E-4,0.0,0.0,0.0,0.052645836,0.0,0.0,0.004508634,0.028552702,-17.216253,-17.753307,-18.27495,-18.714905,-19.988693,99.0,99.0,99.0,99.0,99.0,-17.13684,-17.691578,-18.225754,-18.67886,-19.97756,2.6586897,921
1000103000099,1000103000112,1000103000098,1000103000026,37000100000505,37000100000505,1000103000000,1000103000100,-1,2,37,1.3857181,43.54923,6635,27.342104,44.2149,24.58746,89743,3,4,2,185.43953,-5.6291714,161.33322,34,3.2704954,0.028552702,70.186424,80.72201,0.07371211,0.04972118,0.0,0.0,0.0,0.0,8.802055E-4,2.653971E-4,0.0,0.0,0.0,0.08249682,0.0,0.0,0.004508634,0.028552702,-17.422525,-17.90525,-18.394688,-18.813425,-20.04575,99.0,99.0,99.0,99.0,99.0,-17.335358,-17.837433,-18.340733,-18.773922,-20.033545,2.3743255,349
1000103000100,1000103000112,1000103000099,1000103000027,36000100000498,36000100000498,1000103000000,1000103000101,-1,2,36,1.5036365,38.041027,6635,27.227869,44.27309,24.478111,89743,3,4,2,277.2614,-155.26558,232.2772,34,3.2704954,0.028552702,70.186424,80.72201,0.08126593,0.048663273,0.0,0.0,0.0,0.0,9.1207074E-4,2.5316956E-4,0.0,0.0,0.0,0.1271378,0.0,0.0,0.004508634,0.028552702,-17.624456,-18.048956,-18.504606,-18.902082,-20.098015,99.0,99.0,99.0,99.0,99.0,-17.549305,-17.988728,-18.456316,-18.866846,-20.087435,2.1141586,591
1000103000101,1000103000112,1000103000100,1000103000028,35000100000584,35000100000584,1000103000000,1000103000102,-1,2,35,1.6302707,31.930365,6635,27.071674,44.325855,24.33518,89739,3,4,2,237.69194,-43.287724,272.92773,34,3.2704954,0.028552702,70.186424,80.72201,0.09246297,0.04709513,0.0,0.0,0.0,0.0,9.4996905E-4,2.3636784E-4,0.0,0.0,0.0,0.19254833,0.0,0.0,0.004508634,0.028552702,-17.813623,-18.190172,-18.619127,-18.999224,-20.16484,99.0,99.0,99.0,99.0,99.0,-17.731283,-18.124977,-18.567173,-18.96127,-20.153309,1.8828496,624
1000103000102,1000103000112,1000103000101,1000103000069,34000100002711,34000100002711,1000103000000,1000103000103,-1,0,34,1.766336,3.2704954,6635,26.942707,44.307453,24.177343,89739,3,4,2,230.39842,11.234583,251.94115,34,3.2704954,0.028552702,70.186424,80.72201,0.10871853,0.044818554,0.0,0.0,0.24659443,0.0,9.87575E-4,2.1443794E-4,0.0,0.0,7.4287236E-4,0.28638592,0.0,0.0,0.004508634,0.028552702,-17.96977,-18.322443,-18.738728,-19.105833,-20.237032,99.0,99.0,99.0,99.0,99.0,-17.88332,-18.253532,-18.683762,-19.065647,-20.22487,1.6866376,68
1000103000103,1000103000112,1000103000102,1000103000070,33000100001996,33000100001996,1000103000000,1000103000104,-1,0,33,1.9126327,3.2704954,6635,26.8129,44.303745,24.033833,89739,3,4,2,216.76917,34.653233,242.72183,42,3.2704954,0.027281197,71.803406,88.19275,0.1315489,0.04158296,0.0,0.009405853,0.21844172,0.0,0.0010099511,1.8752464E-4,0.0,3.2017964E-5,5.4509717E-4,0.06892874,0.0,41.21811,0.007674718,0.024061816,-17.567827,-18.033504,-18.507048,-18.905632,-20.09624,99.0,99.0,99.0,99.0,99.0,-17.539684,-18.011671,-18.489878,-18.8932,-20.092604,1.5351095,731
1000103000104,1000103000112,1000103000103,1000103000071,32000100001604,32000100001604,1000103000000,1000103000105,-1,0,32,2.0700274,3.2704954,6635,26.704334,44.285988,23.895641,89739,2,4,2,192.67978,35.55252,242.76205,42,3.2704954,0.026020423,73.522385,72.09224,0.10981212,0.040841155,0.0,0.013095164,0.24612458,0.0,9.3163544E-4,1.8182483E-4,0.0,3.7181795E-5,5.8490643E-4,0.047428727,0.0,41.4475,0.006163127,0.025936052,-17.728868,-18.181864,-18.648561,-19.047396,-20.262009,99.0,99.0,99.0,99.0,99.0,-17.692657,-18.153135,-18.62573,-19.030867,-20.25721,1.3022296,718
1000103000105,1000103000112,1000103000104,1000103000072,31000100001820,31000100001820,1000103000000,1000103000106,-1,0,31,2.2394855,2.2377074,6635,26.567793,44.256607,23.762743,89739,2,4,2,189.99197,49.323883,244.44344,31,2.2377074,0.021831447,66.39423,62.483826,0.070046656,0.040356394,0.0,0.00285227,0.29613414,0.0,8.3098427E-4,1.7766164E-4,0.0,7.662361E-6,6.937265E-4,0.05478124,0.0,40.589787,0.004669623,0.013953016,-17.882713,-18.30306,-18.736938,-19.107365,-20.240223,99.0,99.0,99.0,99.0,99.0,-17.799385,-18.239328,-18.687012,-19.071333,-20.229689,1.0714098,757
1000103000106,1000103000112,1000103000105,1000103000073,30000100003591,30000100003591,1000103000000,1000103000107,-1,0,30,2.422044,1.8934448,6635,26.484045,44.240273,23.607197,89739,2,4,2,170.19261,42.656105,246.83763,21,1.8934448,0.019628212,64.410385,65.37738,0.07278506,0.03982624,0.0,9.383477E-4,0.35592285,0.0,8.450963E-4,1.7144506E-4,0.0,2.9875282E-6,8.2371244E-4,0.21395479,0.0,39.89654,0.003452444,0.008253684,-18.24704,-18.544071,-18.899803,-19.219816,-20.248503,99.0,99.0,99.0,99.0,99.0,-18.100433,-18.429447,-18.809395,-19.154594,-20.22958,0.85148835,284
1000103000107,1000103000112,1000103000106,1000103000074,29000100002981,29000100002981,1000103000000,1000103000108,-1,0,29,2.6188614,1.9795104,6635,26.354094,44.206398,23.445564,89738,2,4,2,156.30486,36.919353,247.69945,27,1.9795104,0.018905802,67.10445,67.94427,0.08663718,0.03787122,0.0,0.002937009,0.35034114,0.0,8.951842E-4,1.5009662E-4,0.0,7.245626E-6,7.121401E-4,0.11118268,0.0,40.73218,0.004931701,0.013697023,-18.29139,-18.567322,-18.899979,-19.210533,-20.215513,99.0,99.0,99.0,99.0,99.0,-18.233618,-18.521318,-18.863403,-19.18417,-20.207909,0.6698225,579
1000103000108,1000103000112,1000103000107,1000103000075,28000100001913,28000100001913,1000103000000,1000103000109,-1,0,28,2.8311827,2.7541015,6420,26.283789,44.191723,23.323303,87982,2,4,2,133.41408,43.347218,251.44508,39,2.7541015,0.01999875,76.95884,76.66919,0.09222687,0.03691471,0.0,0.0021067325,0.4078323,0.0,9.1143744E-4,1.4044503E-4,0.0,6.0821494E-6,8.0693344E-4,0.36462036,0.0,40.5846,0.0034045316,0.0103950715,-18.726763,-18.907013,-19.183077,-19.465414,-20.418928,99.0,99.0,99.0,99.0,99.0,-18.582895,-18.794533,-19.09477,-19.402403,-20.401018,0.47765395,428
1000103000109,1000103000112,1000103000108,1000103000076,27000100001300,27000100001300,1000103000000,1000103000110,-1,0,27,3.060419,3.5286925,6420,26.187456,44.161285,23.200539,87982,2,4,2,132.82907,47.331825,268.63843,51,3.5286925,0.020550415,85.9343,79.00436,0.112920105,0.033969015,0.0,1.5086829E-4,0.41938412,0.0,9.481219E-4,1.1369725E-4,0.0,4.796196E-7,7.255438E-4,0.9486483,0.0,0.0,0.0026282333,0.020550415,-19.140028,-19.24638,-19.47708,-19.73264,-20.63191,99.0,99.0,99.0,99.0,99.0,-18.939802,-19.086054,-19.34954,-19.640945,-20.605537,0.31594795,417
1000103000110,1000103000112,1000103000109,1000103000077,26000100001236,26000100001236,1000103000000,1000103000111,-1,0,26,3.3080978,3.7868896,6420,26.158403,44.139942,23.022545,87982,2,4,2,113.41075,59.46275,275.57596,49,3.7868896,0.019876637,90.51902,91.18544,0.16417444,0.026790893,0.0,0.0,0.37545884,0.0,9.28634E-4,6.436883E-5,0.0,0.0,4.1704386E-4,1.5302056,0.0,0.0,0.0027860224,0.019876637,-19.391062,-19.450176,-19.646461,-19.872551,-20.690662,99.0,99.0,99.0,99.0,99.0,-19.218151,-19.3125,-19.53808,-19.794928,-20.669012,0.19217747,792
1000103000111,1000103000112,1000103000110,1000103000078,25000100001424,25000100001424,1000103000000,1000103000112,-1,0,25,3.575905,3.7868896,6420,26.07721,44.10878,22.875643,87982,2,4,2,100.86613,61.56689,286.62244,36,3.7868896,0.01875083,93.19681,94.62217,0.24082105,0.015973562,0.0,0.02184932,0.28943864,0.0,6.837189E-4,2.0191344E-5,0.0,1.495178E-5,1.2185183E-4,2.2711618,0.0,41.74554,0.003008862,0.008477194,-19.441906,-19.450922,-19.610285,-19.779512,-20.387737,99.0,99.0,99.0,99.0,99.0,-19.371162,-19.39324,-19.564219,-19.745678,-20.377825,0.09005621,372
1000103000112,1000103000112,1000103000111,1000103000079,24000100001476,24000100001476,1000103000000,-1,-1,0,24,3.8656828,2.5819702,6420,26.020155,44.06715,22.711874,87982,2,4,2,82.345314,60.365074,294.92178,35,2.5819702,0.015547166,84.51231,84.434494,0.34696943,0.0010112805,0.0,0.0,0.028201355,0.0,5.23932E-5,2.3942727E-8,0.0,0.0,8.0814493E-7,0.16511393,0.0,44.765526,0.0028208147,0.015654366,-18.96474,-19.306633,-19.641516,-19.91599,-20.424963,99.0,99.0,99.0,99.0,99.0,-18.962915,-19.305084,-19.640217,-19.914944,-20.424486,0.0055524837,337
1000103000113,1000103000145,1000103000011,1000103000012,51000100000537,51000100000537,1000103000000,1000103000114,-1,2,51,0.36234027,67.64762,6628,28.498842,45.06085,26.01296,89841,3,5,2,143.53505,74.59067,237.37708,115,9.897555,0.057184204,86.27717,122.45022,0.07089366,0.4231221,0.0,0.0,0.0,0.0,0.0018167152,0.0044003907,0.0,0.0,0.0,0.0010772864,0.0,43.274307,0.0043173875,0.054132883,-17.9995,-18.824636,-19.510283,-20.092632,-21.578697,99.0,99.0,99.0,99.0,99.0,-17.378939,-18.302828,-19.080633,-19.773823,-21.481998,6.1914253,497
1000103000114,1000103000145,1000103000113,1000103000013,50000100000526,50000100000526,1000103000000,1000103000115,-1,2,50,0.40789944,65.06565,6628,28.398697,45.007458,25.931124,89841,3,5,2,229.608,186.06624,206.52821,115,9.897555,0.057184204,86.27717,122.45022,0.071012266,0.42310548,0.0,0.0,0.0,0.0,0.0018188795,0.004399965,0.0,0.0,0.0,0.0021478802,0.0,43.274307,0.0043173875,0.054132883,-18.075663,-18.894228,-19.575823,-20.15494,-21.639555,99.0,99.0,99.0,99.0,99.0,-17.453934,-18.37152,-19.14543,-19.83555,-21.542648,5.821061,177
1000103000115,1000103000145,1000103000114,1000103000014,49000100000521,49000100000521,1000103000000,1000103000116,-1,2,49,0.45657724,63.774662,6628,28.334162,44.938625,25.843815,89841,3,5,2,224.09918,145.81502,184.46829,115,9.897555,0.057184204,86.27717,122.45022,0.071250804,0.4230721,0.0,0.0,0.0,0.0,0.0018232279,0.0043991096,0.0,0.0,0.0,0.0043030777,0.0,43.274307,0.0043173875,0.054132883,-18.162428,-18.971262,-19.64668,-20.220266,-21.699768,99.0,99.0,99.0,99.0,99.0,-17.538712,-18.446905,-19.21491,-19.899828,-21.60252,5.447709,462
1000103000116,1000103000145,1000103000115,1000103000015,48000100000521,48000100000521,1000103000000,1000103000117,-1,2,48,0.5085914,64.72138,6627,28.240952,44.915825,25.758026,89826,3,5,2,152.79135,22.641867,220.81053,115,9.897555,0.057184204,86.27717,122.45022,0.07173131,0.4230048,0.0,0.0,0.0,0.0,0.0018319701,0.0043973895,0.0,0.0,0.0,0.0086426,0.0,43.274307,0.0043173875,0.054132883,-18.264389,-19.060062,-19.727396,-20.293812,-21.76698,99.0,99.0,99.0,99.0,99.0,-17.637127,-18.53258,-19.292992,-19.971382,-21.669123,5.0727077,177
1000103000117,1000103000145,1000103000116,1000103000016,47000100000503,47000100000503,1000103000000,1000103000118,-1,2,47,0.5641766,72.295166,6627,28.159504,44.86231,25.675262,89826,3,5,2,234.46921,209.36578,252.57083,115,9.897555,0.057184204,86.27717,122.45022,0.072698504,0.42286932,0.0,0.0,0.0,0.0,0.0018494962,0.0043939375,0.0,0.0,0.0,0.017362641,0.0,43.274307,0.0043173875,0.054132883,-18.381378,-19.158453,-19.814583,-20.371058,-21.83458,99.0,99.0,99.0,99.0,99.0,-17.745544,-18.624046,-19.374416,-20.04419,-21.735212,4.69759,758
1000103000118,1000103000145,1000103000117,1000103000017,46000100000505,46000100000505,1000103000000,1000103000119,-1,2,46,0.6235901,77.80337,6627,28.081108,44.786934,25.5508,89826,3,5,2,157.41331,125.53455,234.45549,115,9.897555,0.057184204,86.27717,122.45022,0.074639626,0.42259747,0.0,0.0,0.0,0.0,0.0018843893,0.004387049,0.0,0.0,0.0,0.034807496,0.0,43.274307,0.0043173875,0.054132883,-18.523722,-19.273863,-19.914396,-20.457695,-21.908625,99.0,99.0,99.0,99.0,99.0,-17.871386,-18.725857,-19.46285,-20.122066,-21.8063,4.3241863,51
1000103000119,1000103000145,1000103000118,1000103000018,45000100000512,45000100000512,1000103000000,1000103000120,-1,2,45,0.6871088,76.77058,6627,27.98589,44.735565,25.475409,89826,3,5,2,235.3563,74.64436,146.09634,115,9.897555,0.057184204,86.27717,122.45022,0.07851406,0.4220549,0.0,0.0,0.0,0.0,0.0019529457,0.004373457,0.0,0.0,0.0,0.06946818,0.0,43.274307,0.0043173875,0.054132883,-18.706205,-19.42166,-20.043423,-20.571993,-22.013227,99.0,99.0,99.0,99.0,99.0,-18.022987,-18.847496,-19.569872,-20.219492,-21.905376,3.954833,49
1000103000120,1000103000145,1000103000119,1000103000019,44000100000512,44000100000512,1000103000000,1000103000121,-1,2,44,0.75503564,74.36074,6624,27.893229,44.729137,25.382067,89798,3,5,2,225.15068,-71.18307,220.59471,115,9.897555,0.057184204,86.27717,122.45022,0.08618675,0.42098036,0.0,0.0,0.0,0.0,0.0020846634,0.0043471213,0.0,0.0,0.0,0.13769943,0.0,43.274307,0.0043173875,0.054132883,-18.938745,-19.601616,-20.195732,-20.705349,-22.130976,99.0,99.0,99.0,99.0,99.0,-18.192059,-18.974508,-19.677485,-20.31805,-22.010996,3.5926545,954
1000103000121,1000103000145,1000103000120,1000103000086,43000100000475,43000100000474,1000103000000,1000103000122,-1,1,43,0.8276991,68.76647,6624,27.750982,44.77331,25.238787,89798,3,5,2,281.68454,-29.132746,297.05847,115,9.897555,0.057184204,86.27717,122.45022,0.101225734,0.41887423,0.0,0.0,0.0,0.0,0.0023287716,0.0042975186,0.0,0.0,0.0,0.27046886,0.0,43.274307,0.0043173875,0.054132883,-19.220308,-19.800913,-20.350433,-20.832127,-22.21829,99.0,99.0,99.0,99.0,99.0,-18.464855,-19.166128,-19.825521,-20.439547,-22.096409,3.2420948,658
1000103000122,1000103000145,1000103000121,1000103000087,42000100000474,42000100000473,1000103000000,1000103000123,-1,1,42,0.9054624,46.30333,6624,27.604305,44.77426,25.09716,89798,3,5,2,269.84302,8.641255,295.13,132,11.360672,0.058190886,91.63144,124.09379,0.13033578,0.41479743,0.0,0.0,0.0,0.0,0.0027567586,0.004207862,0.0,0.0,0.0,1.2545398,0.0,43.274307,0.0030479701,0.054132883,-19.674707,-20.12323,-20.615313,-21.068863,-22.421642,99.0,99.0,99.0,99.0,99.0,-18.218567,-18.868843,-19.545723,-20.236012,-22.135717,2.909732,741
1000103000123,1000103000145,1000103000122,1000103000088,41000100000496,41000100000495,1000103000000,1000103000124,-1,1,41,0.98870814,43.979557,6624,27.458736,44.761993,24.941954,89798,3,5,2,253.07837,24.983662,297.0341,202,17.385271,0.06504994,107.21049,117.635826,0.26291707,0.3962295,0.0,0.0,0.0,0.0,0.004218313,0.0038704812,0.0,0.0,0.0,2.2316833,0.0,43.274307,0.0041743503,0.054132883,-19.944204,-20.313744,-20.767265,-21.194191,-22.495968,99.0,99.0,99.0,99.0,99.0,-18.754957,-19.31009,-19.915586,-20.529001,-22.249037,2.6806939,698
1000103000124,1000103000145,1000103000123,1000103000089,40000100000878,40000100000878,1000103000000,1000103000125,-1,0,40,1.0778745,17.643463,6635,27.339256,44.755238,24.787735,89743,3,5,2,241.19563,34.629803,293.3959,215,17.643463,0.063291684,109.49356,120.13367,0.49371788,0.363906,0.0,0.6759254,1.2042663,0.0,0.0056541753,0.003437601,0.0,0.003265862,0.0067952964,1.1147224,0.0,43.274307,0.008243204,0.054132883,-19.798159,-20.19048,-20.648151,-21.070679,-22.366762,99.0,99.0,99.0,99.0,99.0,-19.450851,-19.904997,-20.415874,-20.89967,-22.315018,2.553142,351
1000103000125,1000103000145,1000103000124,1000103000090,39000100000946,39000100000946,1000103000000,1000103000126,-1,0,39,1.173417,16.266413,6635,27.217184,44.732025,24.632736,89743,3,5,2,237.10239,42.39217,290.95624,199,16.266413,0.059526432,108.4079,120.5346,0.38381255,0.3481632,0.0,0.53975236,1.243091,0.0,0.0051140888,0.0032469225,0.0,0.002761675,0.007201683,2.091342,0.0,43.17459,0.0049259234,0.049866565,-20.018368,-20.356125,-20.790152,-21.200361,-22.474085,99.0,99.0,99.0,99.0,99.0,-18.949884,-19.471464,-20.04834,-20.624418,-22.259632,2.322042,559
1000103000126,1000103000145,1000103000125,1000103000091,38000100000951,38000100000951,1000103000000,1000103000127,-1,0,38,1.2758462,13.942638,6635,27.075073,44.708607,24.493086,89743,3,5,2,222.95992,46.89253,276.1552,181,13.942638,0.054535754,104.858055,118.26634,0.44776595,0.31946397,0.0,0.28747973,1.0776159,0.0,0.005506128,0.002875613,0.0,0.002206456,0.0062256907,1.1362128,0.0,42.894848,0.0081257,0.04421658,-19.750792,-20.145988,-20.601023,-21.017395,-22.302711,99.0,99.0,99.0,99.0,99.0,-19.370995,-19.834703,-20.347961,-20.83093,-22.24611,2.18555,873
1000103000127,1000103000145,1000103000126,1000103000092,37000100000876,37000100000876,1000103000000,1000103000128,-1,0,37,1.3857181,14.11477,6635,26.973404,44.68356,24.329954,89739,3,5,2,224.60487,48.05064,275.10068,193,14.11477,0.052711792,107.313156,118.9887,0.43146816,0.30436546,0.0,0.35804945,1.0779245,0.0,0.0051273927,0.0026950485,0.0,0.0023724888,0.0058243014,1.3160781,0.0,43.054962,0.0069992486,0.04476658,-19.879002,-20.2442,-20.67874,-21.0792,-22.34076,99.0,99.0,99.0,99.0,99.0,-19.373133,-19.831013,-20.342705,-20.830526,-22.264177,1.9667586,312
1000103000128,1000103000145,1000103000127,1000103000093,36000100000914,36000100000914,1000103000000,1000103000129,-1,0,36,1.5036365,14.11477,6635,26.847319,44.65507,24.186317,89739,3,5,2,214.51907,49.702576,270.39514,166,14.11477,0.050644137,109.48189,117.69168,0.3899408,0.2874886,0.0,0.43479633,1.0703988,0.0,0.0046878685,0.0024971052,0.0,0.002382736,0.0055632633,1.8345971,0.0,43.19604,0.005169056,0.04481246,-20.049444,-20.376265,-20.789106,-21.175018,-22.413643,99.0,99.0,99.0,99.0,99.0,-19.231949,-19.702904,-20.237247,-20.762392,-22.283564,1.7652018,768
1000103000129,1000103000145,1000103000128,1000103000094,35000100000993,35000100000993,1000103000000,1000103000130,-1,0,35,1.6302707,13.254113,6635,26.739183,44.618988,24.01211,89739,2,4,2,205.5635,50.483826,261.48752,155,13.254113,0.04755813,109.47953,115.91769,0.3733718,0.26486042,0.0,0.42123154,0.9888309,0.0,0.004518247,0.0022281322,0.0,0.0020865973,0.005107039,1.6710163,0.0,43.212486,0.0052736755,0.042866107,-19.989956,-20.318806,-20.726772,-21.10496,-22.32356,99.0,99.0,99.0,99.0,99.0,-19.26189,-19.716513,-20.233513,-20.737988,-22.210236,1.6070546,249
1000103000130,1000103000145,1000103000129,1000103000095,34000100000953,34000100000953,1000103000000,1000103000131,-1,0,34,1.766336,11.877063,6635,26.634724,44.588234,23.870888,89739,2,4,2,198.00803,52.528366,263.79883,155,11.877063,0.04388799,107.88266,125.148506,0.37033802,0.24510327,0.0,0.27352616,0.93802196,0.0,0.0044677122,0.0019891197,0.0,0.0016216666,0.0048216716,1.107766,0.0,43.01561,0.0068566776,0.037307274,-19.860329,-20.214293,-20.626312,-21.00322,-22.219898,99.0,99.0,99.0,99.0,99.0,-19.392422,-19.833464,-20.317707,-20.77571,-22.150679,1.4410412,263
1000103000131,1000103000145,1000103000130,1000103000096,33000100000894,33000100000894,1000103000000,1000103000132,-1,0,33,1.9126327,11.446734,6635,26.53104,44.54836,23.734768,89739,2,4,2,192.15692,57.040916,260.75473,165,11.446734,0.041420892,109.018715,113.869514,0.3700553,0.23258765,0.0,0.17394945,0.9893399,0.0,0.00433564,0.0018401365,0.0,0.0012065136,0.004859164,1.6551181,0.0,42.79055,0.005796261,0.030148137,-20.077047,-20.380943,-20.760319,-21.115269,-22.291508,99.0,99.0,99.0,99.0,99.0,-19.465977,-19.87588,-20.347836,-20.809875,-22.19862,1.2397689,680
1000103000132,1000103000145,1000103000131,1000103000097,32000100000908,32000100000908,1000103000000,1000103000133,-1,0,32,2.0700274,11.446734,6635,26.392374,44.506905,23.585672,89739,2,4,2,184.99847,53.352325,257.75174,159,11.446734,0.039506666,111.62863,117.23709,0.4430524,0.21477537,0.0,0.13991673,0.98014784,0.0,0.004411901,0.0016479621,0.0,0.0010475774,0.0041965256,3.0009246,0.0,42.738483,0.0047338153,0.026662404,-20.366606,-20.608461,-20.949343,-21.277538,-22.398983,99.0,99.0,99.0,99.0,99.0,-19.475708,-19.870047,-20.343353,-20.823868,-22.257544,1.07277,995
1000103000133,1000103000145,1000103000132,1000103000098,31000100000879,31000100000879,1000103000000,1000103000134,-1,0,31,2.2394855,12.13526,6420,26.308716,44.480965,23.429792,87982,2,4,2,182.18927,59.038387,255.5695,149,12.13526,0.03835581,116.64844,121.753426,0.5611101,0.18410343,0.0,0.3686959,0.7928002,0.0,0.0041542784,0.0013881547,0.0,0.001441436,0.0027057831,2.0117006,0.0,43.33772,0.006868783,0.03400503,-20.180763,-20.422182,-20.75687,-21.079048,-22.192509,99.0,99.0,99.0,99.0,99.0,-19.833097,-20.140629,-20.53091,-20.914236,-22.144346,0.9843633,484
1000103000134,1000103000145,1000103000133,1000103000099,30000100000742,30000100000742,1000103000000,1000103000135,-1,0,30,2.422044,12.393456,6420,26.186357,44.474567,23.282698,87982,2,4,2,173.32446,51.857555,251.16281,160,12.393456,0.03671645,120.485794,119.71392,0.47298342,0.16463484,0.0,0.56219304,0.7632142,0.0,0.003430942,0.0012502649,0.0,0.001331438,0.0026523466,1.9261373,0.0,43.590645,0.0058365692,0.03460444,-20.12549,-20.339706,-20.652338,-20.957418,-22.04502,99.0,99.0,99.0,99.0,99.0,-19.81767,-20.085287,-20.445675,-20.806086,-22.00026,0.85493267,734
1000103000135,1000103000145,1000103000134,1000103000100,29000100000715,29000100000715,1000103000000,1000103000136,-1,0,29,2.6188614,9.8975525,6420,26.077093,44.488903,23.138578,87982,2,4,2,168.85448,51.857025,255.07333,156,9.8975525,0.032328468,114.746994,116.9035,0.4199934,0.14703462,0.0,0.20756702,0.7782659,0.0,0.0029817144,0.0011223798,0.0,7.411666E-4,0.0028934039,1.0093795,0.0,43.061077,0.008417489,0.025124693,-19.883425,-20.134354,-20.461903,-20.781507,-21.90235,99.0,99.0,99.0,99.0,99.0,-19.718433,-20.00569,-20.360905,-20.709276,-21.881895,0.7249662,315
1000103000136,1000103000145,1000103000135,1000103000101,28000100000865,28000100000865,1000103000000,1000103000137,-1,0,28,2.8311827,9.467224,6420,25.988005,44.45294,23.005087,87982,2,4,2,155.87306,43.642456,253.65709,109,9.467224,0.030182168,116.146484,115.90489,0.44070086,0.13835095,0.0,0.014913788,0.89858603,0.0,0.0028015324,0.001063716,0.0,5.8067042E-5,0.003358314,1.8465353,0.0,40.969254,0.0024936195,0.004869563,-20.515524,-20.608736,-20.838936,-21.081354,-22.068422,99.0,99.0,99.0,99.0,99.0,-19.09992,-19.44622,-19.891497,-20.377033,-21.85506,0.5571454,113
1000103000137,1000103000145,1000103000136,1000103000102,27000100000868,27000100000868,1000103000000,1000103000138,-1,0,27,3.060419,8.262304,6420,25.934322,44.422264,22.859434,87982,2,4,2,136.57278,39.418045,253.93997,100,8.262304,0.027288714,114.1114,122.71135,0.15718953,0.12343322,0.0,0.04856421,0.9717644,0.0,0.0017164138,9.23425E-4,0.0,2.5082944E-4,0.0036058177,3.4528039,0.0,42.17815,0.0012694122,0.012223512,-20.605583,-20.692982,-20.921988,-21.170078,-22.155931,99.0,99.0,99.0,99.0,99.0,-18.068035,-18.42451,-18.921244,-19.536936,-21.546593,0.4213043,85
1000103000138,1000103000145,1000103000137,1000103000103,26000100000835,26000100000835,1000103000000,1000103000139,-1,0,26,3.3080978,7.4877133,6420,25.843105,44.390934,22.726963,87982,2,4,2,131.37726,40.35217,240.13771,95,7.4877133,0.024947772,113.613174,113.57869,0.06987309,0.097306944,0.0,0.12455838,0.89029646,0.0,0.0010437319,6.8660354E-4,0.0,5.267483E-4,0.002864336,6.6539745,0.0,42.867393,6.1203813E-4,0.019174857,-20.65451,-20.713856,-20.931387,-21.177412,-22.146378,99.0,99.0,99.0,99.0,99.0,-16.88884,-17.21414,-17.703426,-18.33708,-20.6844,0.33450848,683
1000103000139,1000103000145,1000103000138,1000103000104,25000100000894,25000100000894,1000103000000,1000103000140,-1,0,25,3.575905,5.0778747,6420,25.786991,44.34718,22.56854,87982,2,4,2,134.16747,40.965443,232.59654,78,5.0778747,0.020676972,102.77026,108.2897,0.17549911,0.05026869,0.0,0.07542467,0.48478064,0.0,0.0013310675,2.3247041E-4,0.0,1.6390703E-4,9.1827684E-4,2.2551339,0.0,42.6666,0.0019916745,0.017065816,-19.818945,-19.883492,-20.09473,-20.322111,-21.234589,99.0,99.0,99.0,99.0,99.0,-18.805275,-19.028162,-19.386633,-19.791937,-21.071234,0.39604196,376
1000103000140,1000103000145,1000103000139,1000103000105,24000100000836,24000100000836,1000103000000,1000103000141,-1,0,24,3.8656828,3.7868896,6420,25.713097,44.320755,22.450108,87978,2,4,2,130.81682,42.6485,226.48189,73,3.7868896,0.017664243,96.02046,100.24592,0.14619127,0.03541201,0.0,0.04967867,0.3477159,0.0,0.0010401453,1.3483981E-4,0.0,8.889423E-5,5.9991126E-4,1.8357365,0.0,42.53764,0.0019382363,0.017520709,-19.488955,-19.543015,-19.74601,-19.965706,-20.850285,99.0,99.0,99.0,99.0,99.0,-18.708351,-18.8854,-19.203259,-19.56147,-20.726913,0.37347594,587
1000103000141,1000103000145,1000103000140,1000103000106,23000100000683,23000100000683,1000103000000,1000103000142,-1,0,23,4.1794686,2.5819702,6420,25.652622,44.336212,22.318338,87978,2,4,2,124.29049,36.88566,224.40808,74,2.5819702,0.014626464,87.131645,91.10823,0.16241008,0.024168598,0.0,0.0033236146,0.19628678,0.0,8.634892E-4,6.6239685E-5,0.0,6.5754803E-6,3.3572697E-4,0.31090814,0.0,40.70957,0.0052159354,0.0063234535,-18.60038,-18.735348,-18.979742,-19.241734,-20.127048,99.0,99.0,99.0,99.0,99.0,-18.511072,-18.662191,-18.920784,-19.198915,-20.114586,0.36629757,792
1000103000142,1000103000145,1000103000141,1000103000107,22000100000827,22000100000827,1000103000000,1000103000143,-1,0,22,4.5195556,2.4098387,6420,25.58001,44.344948,22.190859,87978,2,4,2,121.979164,41.554794,203.71643,54,2.4098387,0.013429661,87.84791,99.91819,0.12793669,0.02240215,0.0,0.005642348,0.2108041,0.0,7.609954E-4,5.652059E-5,0.0,1.3432734E-5,3.481119E-4,0.60680467,0.0,41.503975,0.0035434724,0.010759797,-18.837208,-18.940891,-19.168245,-19.424095,-20.292627,99.0,99.0,99.0,99.0,99.0,-18.635954,-18.778564,-19.038258,-19.329653,-20.264019,0.25374937,152
1000103000143,1000103000145,1000103000142,1000103000108,21000100001002,21000100001002,1000103000000,1000103000144,-1,0,21,4.888449,1.3770508,6420,25.499073,44.35512,22.070139,87978,2,4,2,116.48727,24.46966,202.16193,37,1.3770508,0.010456922,75.256325,84.747574,0.15020828,0.019211194,0.0,0.0,0.19196972,0.0,7.14254E-4,3.9575498E-5,0.0,0.0,2.5728607E-4,0.97989434,0.0,0.0,0.002947668,0.010456922,-19.016487,-19.083757,-19.292639,-19.534363,-20.36775,99.0,99.0,99.0,99.0,99.0,-18.716198,-18.841057,-19.097582,-19.39107,-20.321798,0.15853012,159
1000103000144,1000103000145,1000103000143,1000103000109,20000100000937,20000100000937,1000103000000,1000103000145,-1,0,20,5.2888336,2.2377074,6420,25.434414,44.261772,22.006586,87978,2,4,2,107.09251,36.390842,189.4015,33,2.2377074,0.011521131,91.39534,94.48173,0.18418138,0.014453295,0.0,0.0,0.16275446,0.0,6.000015E-4,2.0812753E-5,0.0,1.6940659E-21,1.3988536E-4,2.3563716,0.0,0.0,0.002180246,0.011521131,-19.217594,-19.221415,-19.38976,-19.561644,-20.246317,99.0,99.0,99.0,99.0,99.0,-18.929012,-18.984118,-19.197674,-19.42075,-20.203773,0.07394678,871
1000103000145,1000103000145,1000103000144,1000103000110,19000100000913,19000100000913,1000103000000,-1,-1,0,19,5.7238646,2.2377074,6423,25.385765,44.255234,21.887394,87971,2,4,2,108.96581,37.355427,179.97476,28,2.2377074,0.010783513,94.46947,98.18572,0.259138,0.003908925,0.0,0.017167566,0.081898175,0.0,1.9375984E-4,1.1166122E-6,0.0,2.6640398E-6,8.19242E-6,0.9500531,0.0,41.701584,0.0015829785,0.0036932738,-18.424416,-18.137924,-18.06217,-17.903988,-17.640827,99.0,99.0,99.0,99.0,99.0,-18.341803,-18.069534,-18.006329,-17.86224,-17.626823,0.010849506,757
1000103000146,1000103000175,1000103000003,1000103000004,59000100000491,59000100000491,1000103000000,1000103000147,-1,2,59,0.08928783,75.04926,6628,28.940374,45.45584,26.451906,89845,3,5,2,120.00161,110.96007,196.24011,20,1.7213135,0.024083957,55.441635,65.88847,0.026575884,0.010958242,0.0,0.0,0.0,0.0,2.678195E-4,4.250915E-5,0.0,0.0,0.0,2.0354459E-7,0.0,0.0,0.0025228858,0.024083957,-14.029471,-14.782266,-15.430619,-15.951584,-17.229807,99.0,99.0,99.0,99.0,99.0,-13.984333,-14.745012,-15.400454,-15.929624,-17.223377,8.582468,346
1000103000147,1000103000175,1000103000146,1000103000005,58000100000488,58000100000488,1000103000000,1000103000148,-1,2,58,0.11588337,75.56566,6628,28.912512,45.421448,26.402687,89845,3,5,2,97.86783,161.5498,185.98782,20,1.7213135,0.024083957,55.441635,65.88847,0.026575884,0.010958242,0.0,0.0,0.0,0.0,2.678195E-4,4.250915E-5,0.0,0.0,0.0,2.0354459E-7,0.0,0.0,0.0025228858,0.024083957,-14.06768,-14.818148,-15.464948,-15.984647,-17.2627,99.0,99.0,99.0,99.0,99.0,-14.022542,-14.780894,-15.434781,-15.962686,-17.25627,8.272221,175
1000103000148,1000103000175,1000103000147,1000103000006,57000100000481,57000100000481,1000103000000,1000103000149,-1,2,57,0.14438343,75.2214,6628,28.888514,45.370132,26.354399,89841,3,5,2,78.86887,222.417,168.5475,20,1.7213135,0.024083957,55.441635,65.88847,0.026575884,0.010958242,0.0,0.0,0.0,0.0,2.678195E-4,4.250915E-5,0.0,0.0,0.0,2.0354459E-7,0.0,0.0,0.0025228858,0.024083957,-14.109296,-14.857064,-15.50213,-16.02032,-17.298096,99.0,99.0,99.0,99.0,99.0,-14.064158,-14.819812,-15.471963,-15.998361,-17.291666,7.9516416,397
1000103000149,1000103000175,1000103000148,1000103000007,56000100000501,56000100000501,1000103000000,1000103000150,-1,2,56,0.17489761,74.36074,6628,28.865858,45.29177,26.310408,89841,3,5,2,92.853294,330.23325,134.1698,20,1.7213135,0.024083957,55.441635,65.88847,0.026575884,0.010958242,0.0,0.0,0.0,0.0,2.678195E-4,4.250915E-5,0.0,0.0,0.0,2.0354459E-7,0.0,0.0,0.0025228858,0.024083957,-14.152603,-14.897367,-15.540435,-16.056908,-17.33461,99.0,99.0,99.0,99.0,99.0,-14.107466,-14.860113,-15.510269,-16.034946,-17.32818,7.621405,208
1000103000150,1000103000175,1000103000149,1000103000008,55000100000497,55000100000497,1000103000000,1000103000151,-1,2,55,0.20754863,74.36074,6628,28.814438,45.182327,26.278292,89841,3,5,2,254.8676,354.54437,99.79341,20,1.7213135,0.024083957,55.441635,65.88847,0.026575884,0.010958242,0.0,0.0,0.0,0.0,2.678195E-4,4.250915E-5,0.0,0.0,0.0,2.0354459E-7,0.0,0.0,0.0025228858,0.024083957,-14.198321,-14.939809,-15.580642,-16.09533,-17.37335,99.0,99.0,99.0,99.0,99.0,-14.153183,-14.902555,-15.550475,-16.073368,-17.36692,7.282254,920
1000103000151,1000103000175,1000103000150,1000103000009,54000100000511,54000100000511,1000103000000,1000103000152,-1,2,54,0.24246909,73.67222,6628,28.722076,45.083015,26.239027,89841,3,5,2,307.8984,272.3597,144.77179,20,1.7213135,0.024083957,55.441635,65.88847,0.026575884,0.010958242,0.0,0.0,0.0,0.0,2.678195E-4,4.250915E-5,0.0,0.0,0.0,3.2282307E-7,0.0,0.0,0.0025228858,0.024083957,-14.246059,-14.983588,-15.621529,-16.133621,-17.41026,99.0,99.0,99.0,99.0,99.0,-14.200922,-14.946335,-15.591363,-16.11166,-17.40383,6.9349623,264
1000103000152,1000103000175,1000103000151,1000103000010,53000100000543,53000100000543,1000103000000,1000103000153,-1,2,53,0.2798018,71.606636,6628,28.618298,45.00353,26.186611,89841,3,5,2,311.72318,208.45567,170.79161,20,1.7213135,0.024083957,55.441635,65.88847,0.02657592,0.010958242,0.0,0.0,0.0,0.0,2.6781962E-4,4.250909E-5,0.0,0.0,0.0,5.915134E-7,0.0,0.0,0.0025228858,0.024083957,-14.295335,-15.027813,-15.661663,-16.1695,-17.441235,99.0,99.0,99.0,99.0,99.0,-14.2501955,-14.990559,-15.631496,-16.14754,-17.434805,6.5803924,875
1000103000153,1000103000175,1000103000152,1000103000011,52000100000544,52000100000544,1000103000000,1000103000154,-1,2,52,0.31970343,69.28287,6628,28.51039,44.938454,26.123898,89841,3,5,2,302.54453,163.42789,186.39804,20,1.7213135,0.024083957,55.441635,65.88847,0.02657597,0.010958236,0.0,0.0,0.0,0.0,2.6781962E-4,4.2509007E-5,0.0,0.0,0.0,1.1106885E-6,0.0,0.0,0.0025228858,0.024083957,-14.347533,-15.074075,-15.702805,-16.205069,-17.469572,99.0,99.0,99.0,99.0,99.0,-14.302394,-15.03682,-15.672638,-16.183107,-17.463142,6.219471,231
1000103000154,1000103000175,1000103000153,1000103000012,51000100000537,51000100000537,1000103000000,1000103000155,-1,2,51,0.36234027,67.64762,6627,28.40198,44.884766,26.053648,89827,3,5,2,287.11,131.28432,196.0548,20,1.7213135,0.024083957,55.441635,65.88847,0.026576083,0.010958217,0.0,0.0,0.0,0.0,2.678198E-4,4.2508836E-5,0.0,0.0,0.0,2.3750395E-6,0.0,0.0,0.0025228858,0.024083957,-14.4022,-15.121638,-15.744351,-16.240238,-17.496912,99.0,99.0,99.0,99.0,99.0,-14.357056,-15.084382,-15.714183,-16.218275,-17.490482,5.853211,482
1000103000155,1000103000175,1000103000154,1000103000013,50000100000526,50000100000526,1000103000000,1000103000156,-1,2,50,0.40789944,65.06565,6627,28.295391,44.840057,25.975533,89826,3,5,2,269.48367,104.06368,211.45595,20,1.7213135,0.024083957,55.441635,65.88847,0.026576344,0.010958181,0.0,0.0,0.0,0.0,2.678206E-4,4.2508465E-5,0.0,0.0,0.0,5.065082E-6,0.0,0.0,0.0025228858,0.024083957,-14.458046,-15.16939,-15.785755,-16.275543,-17.526064,99.0,99.0,99.0,99.0,99.0,-14.412901,-15.132133,-15.755587,-16.25358,-17.519632,5.482627,555
1000103000156,1000103000175,1000103000155,1000103000014,49000100000521,49000100000521,1000103000000,1000103000157,-1,2,49,0.45657724,63.774662,6627,28.19139,44.80334,25.889439,89826,3,5,2,249.79132,82.69133,219.2618,20,1.7213135,0.024083957,55.441635,65.88847,0.026576908,0.0109581025,0.0,0.0,0.0,0.0,2.678221E-4,4.2507672E-5,0.0,0.0,0.0,1.0894658E-5,0.0,0.0,0.0025228858,0.024083957,-14.521267,-15.225134,-15.835987,-16.321468,-17.571312,99.0,99.0,99.0,99.0,99.0,-14.476107,-15.18787,-15.805815,-16.299501,-17.56488,5.1088743,163
1000103000157,1000103000175,1000103000156,1000103000015,48000100000521,48000100000521,1000103000000,1000103000158,-1,2,48,0.5085914,64.72138,6627,28.095444,44.77601,25.79187,89826,3,5,2,211.78156,47.36802,245.91016,20,1.7213135,0.024083957,55.441635,65.88847,0.026578125,0.010957933,0.0,0.0,0.0,0.0,2.6782535E-4,4.250596E-5,0.0,0.0,0.0,2.3490455E-5,0.0,0.0,0.0025228858,0.024083957,-14.594623,-15.292328,-15.89877,-16.38144,-17.63482,99.0,99.0,99.0,99.0,99.0,-14.549453,-15.255059,-15.868593,-16.35947,-17.628387,4.733111,310
1000103000158,1000103000175,1000103000157,1000103000016,47000100000503,47000100000503,1000103000000,1000103000159,-1,2,47,0.5641766,72.295166,6627,28.012758,44.763474,25.682152,89826,3,5,2,169.20181,10.565735,262.65063,20,1.7213135,0.024083957,55.441635,65.88847,0.026580751,0.010957564,0.0,0.0,0.0,0.0,2.6783248E-4,4.2502244E-5,0.0,0.0,0.0,5.062881E-5,0.0,0.0,0.0025228858,0.024083957,-14.67942,-15.371671,-15.974255,-16.454811,-17.713715,99.0,99.0,99.0,99.0,99.0,-14.634115,-15.334336,-15.944036,-16.432812,-17.707268,4.3565917,235
1000103000159,1000103000175,1000103000158,1000103000017,46000100000505,46000100000505,1000103000000,1000103000160,-1,2,46,0.6235901,77.80337,6627,27.951468,44.76834,25.560875,89826,3,5,2,99.95379,-33.005238,277.18442,20,1.7213135,0.024083957,55.441635,65.88847,0.026586415,0.010956773,0.0,0.0,0.0,0.0,2.6784785E-4,4.2494263E-5,0.0,0.0,0.0,1.08927095E-4,0.0,0.0,0.0025228858,0.024083957,-14.782389,-15.469753,-16.068708,-16.547606,-17.81143,99.0,99.0,99.0,99.0,99.0,-14.73685,-15.4323015,-16.038412,-16.525547,-17.804958,3.9805946,561
1000103000160,1000103000175,1000103000159,1000103000018,45000100000512,45000100000512,1000103000000,1000103000161,-1,2,45,0.6871088,76.77058,6627,27.928484,44.79585,25.435484,89826,3,5,2,-22.106293,-80.60967,243.16734,20,1.7213135,0.024083957,55.441635,65.88847,0.026598534,0.010955074,0.0,0.0,0.0,0.0,2.6788062E-4,4.2477153E-5,0.0,0.0,0.0,2.3316687E-4,0.0,0.0,0.0025228858,0.024083957,-14.898608,-15.5776825,-16.169588,-16.642359,-17.902025,99.0,99.0,99.0,99.0,99.0,-14.853055,-15.540218,-16.13928,-16.620296,-17.895554,3.606535,271
1000103000161,1000103000175,1000103000160,1000103000019,44000100000512,44000100000512,1000103000000,1000103000162,-1,2,44,0.75503564,74.36074,6624,27.944775,44.806023,25.37319,89798,3,5,2,30.750381,62.972275,58.440716,20,1.7213135,0.024083957,55.441635,65.88847,0.026624287,0.010951467,0.0,0.0,0.0,0.0,2.6794997E-4,4.244084E-5,0.0,0.0,0.0,4.954268E-4,0.0,0.0,0.0025228858,0.024083957,-15.032143,-15.69915,-16.281567,-16.745584,-18.000738,99.0,99.0,99.0,99.0,99.0,-14.986354,-15.661554,-16.251165,-16.723452,-17.994238,3.2359114,298
1000103000162,1000103000175,1000103000161,1000103000020,43000100000474,43000100000474,1000103000000,1000103000163,-1,2,43,0.8276991,68.76647,6624,27.903008,44.758545,25.339306,89798,3,5,2,120.14374,120.53546,84.72359,20,1.7213135,0.024083957,55.441635,65.88847,0.026678395,0.010943888,0.0,0.0,0.0,0.0,2.6809523E-4,4.236463E-5,0.0,0.0,0.0,0.0010420829,0.0,0.0,0.0025228858,0.024083957,-15.192164,-15.841467,-16.41247,-16.867783,-18.116926,99.0,99.0,99.0,99.0,99.0,-15.145881,-15.803589,-16.381866,-16.845499,-18.110367,2.8704145,653
1000103000163,1000103000175,1000103000162,1000103000021,42000100000473,42000100000473,1000103000000,1000103000164,-1,2,42,0.9054624,46.30333,6624,27.832653,44.691753,25.288872,89798,3,5,2,153.09637,143.6281,113.923706,20,1.7213135,0.024083957,55.441635,65.88847,0.02679055,0.010928182,0.0,0.0,0.0,0.0,2.6839395E-4,4.2207044E-5,0.0,0.0,0.0,0.0021645767,0.0,0.0,0.0025228858,0.024083957,-15.367794,-15.984986,-16.537313,-16.980288,-18.215113,99.0,99.0,99.0,99.0,99.0,-15.317778,-15.94505,-16.505249,-16.956888,-18.208052,2.5119953,144
1000103000164,1000103000175,1000103000163,1000103000022,41000100000495,41000100000495,1000103000000,1000103000165,-1,2,41,0.98870814,43.979557,6624,27.747168,44.607944,25.217817,89798,3,4,2,183.82556,177.97385,158.12709,20,1.7213135,0.024083957,55.441635,65.88847,0.027019305,0.010896145,0.0,0.0,0.0,0.0,2.689927E-4,4.1887146E-5,0.0,0.0,0.0,0.00442984,0.0,0.0,0.0025228858,0.024083957,-15.574175,-16.151007,-16.681423,-17.111544,-18.333284,99.0,99.0,99.0,99.0,99.0,-15.525692,-16.111732,-16.649778,-17.08848,-18.326431,2.1630974,488
1000103000165,1000103000175,1000103000164,1000103000023,40000100000552,40000100000552,1000103000000,1000103000166,-1,2,40,1.0778745,44.237755,6624,27.6424,44.508392,25.121857,89798,3,4,2,215.89034,198.70302,212.54315,20,1.7213135,0.024083957,55.441635,65.88847,0.027477436,0.010831984,0.0,0.0,0.0,0.0,2.7014932E-4,4.1252584E-5,0.0,0.0,0.0,0.008912335,0.0,0.0,0.0025228858,0.024083957,-15.834766,-16.359495,-16.862011,-17.277456,-18.482914,99.0,99.0,99.0,99.0,99.0,-15.786783,-16.320238,-16.8303,-17.254356,-18.476103,1.826673,665
1000103000166,1000103000175,1000103000165,1000103000024,39000100000569,39000100000569,1000103000000,1000103000167,-1,2,39,1.173417,46.991856,6624,27.521656,44.39896,24.98785,89798,3,4,2,231.60826,203.5083,291.16663,20,1.7213135,0.024083957,55.441635,65.88847,0.02837616,0.010706119,0.0,0.0,0.0,0.0,2.7225766E-4,4.003089E-5,0.0,0.0,0.0,0.017591665,0.0,0.0,0.0025228858,0.024083957,-16.140074,-16.604618,-17.074339,-17.473017,-18.662695,99.0,99.0,99.0,99.0,99.0,-16.083908,-16.560019,-17.038633,-17.446913,-18.654747,1.5065209,791
1000103000167,1000103000175,1000103000166,1000103000025,38000100000516,38000100000516,1000103000000,1000103000168,-1,2,38,1.2758462,45.18448,6624,27.394018,44.29991,24.79772,89798,3,4,2,244.7243,149.28886,411.87622,20,1.7213135,0.024083957,55.441635,65.88847,0.0300999,0.010464712,0.0,0.0,0.0,0.0,2.757266E-4,3.7770318E-5,0.0,0.0,0.0,0.03400655,0.0,0.0,0.0025228858,0.024083957,-16.461027,-16.847132,-17.266462,-17.631283,-18.749783,99.0,99.0,99.0,99.0,99.0,-16.413061,-16.80822,-17.235119,-17.608398,-18.742924,1.2072512,351
1000103000168,1000103000175,1000103000167,1000103000026,37000100000505,37000100000505,1000103000000,1000103000169,-1,2,37,1.3857181,43.54923,6635,27.27826,44.2462,24.53738,89743,3,4,2,155.92822,24.440481,469.95596,20,1.7213135,0.024083957,55.441635,65.88847,0.033326585,0.010012817,0.0,0.0,0.0,0.0,2.803158E-4,3.381168E-5,0.0,0.0,0.0,0.06428005,0.0,0.0,0.0025228858,0.024083957,-16.783396,-17.086405,-17.450438,-17.780478,-18.814844,99.0,99.0,99.0,99.0,99.0,-16.721758,-17.037512,-17.411182,-17.751345,-18.805313,0.9343998,701
1000103000169,1000103000175,1000103000168,1000103000027,36000100000498,36000100000498,1000103000000,1000103000170,-1,2,36,1.5036365,38.041027,6635,27.201351,44.243,24.310345,89739,3,4,2,126.272285,2.9433637,348.5336,20,1.7213135,0.024083957,55.441635,65.88847,0.03921239,0.009188515,0.0,0.0,0.0,0.0,2.8295434E-4,2.7409595E-5,0.0,0.0,0.0,0.1186529,0.0,0.0,0.0025228858,0.024083957,-17.11124,-17.341293,-17.655203,-17.953867,-18.90049,99.0,99.0,99.0,99.0,99.0,-17.056543,-17.297146,-17.619516,-17.927313,-18.891813,0.6947835,604
1000103000170,1000103000175,1000103000169,1000103000080,35000100004350,35000100004350,1000103000000,1000103000171,-1,0,35,1.6302707,1.7213135,6635,27.12209,44.23368,24.133043,89739,3,4,2,137.07043,-2.168996,306.82623,20,1.7213135,0.024083957,55.441635,65.88847,0.049662158,0.0077250344,0.0,0.0,0.123309836,0.0,2.7224864E-4,1.823267E-5,0.0,0.0,1.16099465E-4,0.21364665,0.0,0.0,0.0025228858,0.024083957,-17.38303,-17.541218,-17.803267,-18.070093,-18.936731,99.0,99.0,99.0,99.0,99.0,-17.324917,-17.494574,-17.76582,-18.042168,-18.927652,0.49911088,710
1000103000171,1000103000175,1000103000170,1000103000081,34000100004149,34000100004149,1000103000000,1000103000172,-1,0,34,1.766336,1.6352477,6635,27.046358,44.23499,23.965021,89739,3,4,2,135.73257,1.7299252,278.78708,21,1.6352477,0.022662293,55.707005,79.05987,0.067698926,0.0051990002,0.0,0.0,0.107799105,0.0,2.1738527E-4,7.5465914E-6,0.0,0.0,4.8699727E-5,0.17232868,0.0,0.0,0.0036069148,0.022662293,-17.143343,-17.248457,-17.469027,-17.704296,-18.478918,99.0,99.0,99.0,99.0,99.0,-17.12761,-17.236034,-17.459263,-17.697214,-18.476835,0.38184652,802
1000103000172,1000103000175,1000103000171,1000103000082,33000100003817,33000100003817,1000103000000,1000103000173,-1,0,33,1.9126327,1.4631164,6635,26.943363,44.238567,23.807253,89739,3,4,2,138.66948,-0.60965306,250.98177,23,1.4631164,0.020865006,54.916157,61.123043,0.081601,0.0032520248,0.0,0.0,0.095844,0.0,1.5006456E-4,2.739221E-6,0.0,0.0,1.835544E-5,0.11817207,0.0,0.0,0.0049382634,0.020865006,-16.789078,-16.855175,-17.049774,-17.265976,-17.954613,99.0,99.0,99.0,99.0,99.0,-16.785147,-16.85209,-17.047361,-17.264252,-17.95412,0.25245366,487
1000103000173,1000103000175,1000103000172,1000103000083,32000100003797,32000100003797,1000103000000,1000103000174,-1,0,32,2.0700274,1.8073791,6635,26.881945,44.22341,23.677958,89739,3,4,2,141.71593,-0.9887482,227.81007,22,1.8073791,0.021353034,60.334373,62.41059,0.090681806,0.0019802633,0.0,0.0,0.08803492,0.0,9.637011E-5,9.2751327E-7,0.0,0.0,6.926767E-6,0.18939047,0.0,0.0,0.0030701165,0.021353034,-17.174242,-17.098017,-17.18914,-17.270596,-17.628294,99.0,99.0,99.0,99.0,99.0,-17.16964,-17.094326,-17.186205,-17.268463,-17.627655,0.069255404,687
1000103000174,1000103000175,1000103000173,1000103000084,31000100003720,31000100003720,1000103000000,1000103000175,-1,0,31,2.2394855,0.6885254,6635,26.843311,44.237232,23.569195,89739,3,4,2,139.83064,2.9433699,203.54712,21,0.6885254,0.01473855,44.82317,50.39203,0.027659925,4.4535136E-5,0.0,0.0043647825,0.004857305,0.0,2.3302978E-6,1.749124E-9,0.0,8.270094E-9,3.6375516E-9,0.0046018446,0.0,40.569393,0.0030045237,0.012268962,-12.902068,-12.733997,-12.746486,-12.738785,-12.822354,99.0,99.0,99.0,99.0,99.0,-12.90201,-12.7339525,-12.74645,-12.738759,-12.822346,0.06681407,222
1000103000175,1000103000175,1000103000174,1000103000085,30000100003858,30000100003858,1000103000000,-1,-1,0,30,2.422044,0.60245967,6635,26.741104,44.19276,23.443588,89739,2,4,2,147.53969,4.078873,180.78128,21,0.60245967,0.013400033,43.97249,56.51349,0.02492288,0.0,0.0,0.005992723,0.0,0.0,0.0,0.0,0.0,0.0,0.0,0.0,0.0,40.607166,0.003204213,0.0118935425,99.0,99.0,99.0,99.0,99.0,99.0,99.0,99.0,99.0,99.0,99.0,99.0,99.0,99.0,99.0,0.0,374