galaxyID,lastProgenitorId,descendantId,haloID,subHaloID,fofID,treeId,firstProgenitorId,nextProgenitorId,type,snapnum,redshift,centralMvir,phkey,x,y,z,zIndex,ix,iy,iz,velX,velY,velZ,np,mvir,rvir,vvir,vmax,coldGas,stellarMass,bulgeMass,hotGas,ejectedMass,blackHoleMass,metalsColdGas,metalsStellarMass,metalsBulgeMass,metalsHotGas,metalsEjectedMass,sfr,sfrBulge,xrayLum,diskRadius,coolingRadius,mag_b,mag_v,mag_r,mag_i,mag_k,mag_bBulge,mag_vBulge,mag_rBulge,mag_iBulge,mag_kBulge,mag_bDust,mag_vDust,mag_rDust,mag_iDust,mag_kDust,massWeightedAge,random
116000000,116000092,-1,116000000,63000000000579,63000000000579,116000000,116000001,-1,0,63,0.0,49.659893,2944,17.120928,24.50515,23.843575,31747,1,2,2,101.81998,-32.26081,-132.67403,842,49.659893,0.12877999,128.78008,146.03394,1.1134881,1.7925256,0.07795588,0.9908647,2.8384454,3.9352803E-4,0.025494784,0.023060052,4.1998076E-4,0.027555393,0.044826355,2.0704806,0.0,43.085423,0.0149970045,0.08159355,-20.527554,-21.03289,-21.573883,-22.076517,-23.501692,-15.847257,-16.636745,-17.309958,-17.858906,-19.202332,-20.123993,-20.718092,-21.322865,-21.892778,-23.445894,6.604654,759
116000001,116000092,116000000,116000001,62000000000581,62000000000581,116000000,116000002,-1,0,62,0.019932542,50.606613,2944,17.105022,24.511978,23.871151,31747,1,2,2,103.05899,-30.868135,-134.21329,828,50.606613,0.12894107,129.92058,145.45753,1.1808192,1.7698302,0.07795588,1.0372726,2.88718,3.9349767E-4,0.025261696,0.022557737,4.1998076E-4,0.028820788,0.04266274,1.8255281,0.0,43.1188,0.017152369,0.0816474,-20.553764,-21.059418,-21.5948,-22.09164,-23.512274,-15.871384,-16.659548,-17.331694,-17.879583,-19.22138,-20.265675,-20.835806,-21.417194,-21.962193,-23.473076,6.4242067,463
116000002,116000092,116000001,116000002,61000000000594,61000000000594,116000000,116000003,-1,0,61,0.041403063,51.725468,2944,17.08394,24.521658,23.898476,31747,1,2,2,104.19419,-27.977825,-135.31686,806,51.725468,0.12916301,131.23604,143.22089,1.224434,1.7488761,0.07795588,1.0950705,2.9659624,3.9346397E-4,0.024305329,0.022125596,4.1998076E-4,0.03042265,0.040746927,1.7775304,0.0,43.15154,0.018142518,0.08180436,-20.679379,-21.151487,-21.664679,-22.146057,-23.546007,-15.897115,-16.68376,-17.354677,-17.901371,-19.241354,-20.425354,-20.958157,-21.512096,-22.03472,-23.511232,6.2236533,801
116000003,116000092,116000002,116000003,60000000000582,60000000000582,116000000,116000004,-1,0,60,0.064493395,51.12301,2944,17.059256,24.53151,23.928677,31747,1,2,2,103.19495,-26.42748,-137.56912,801,51.12301,0.12787168,131.12666,149.13966,1.2752459,1.7275856,0.07795588,0.822972,3.0755353,3.9343222E-4,0.022743793,0.02172294,4.1998076E-4,0.03366308,0.03776924,5.9773793,9.4722566E-7,43.164604,0.012391246,0.0867021,-21.321043,-21.619543,-22.069572,-22.526026,-23.898798,-15.924527,-16.709452,-17.378986,-17.924305,-19.262339,-20.907772,-21.284744,-21.799044,-22.326609,-23.836784,6.010705,603
116000004,116000062,116000003,116000004,59000000000695,59000000000695,116000000,116000005,116000063,0,59,0.08928783,52.67219,2944,17.033756,24.535965,23.964489,31747,1,2,2,102.226685,-27.557756,-133.82706,739,52.67219,0.12827945,132.88689,146.38263,1.2444919,1.6325406,0.05735625,2.7144444,2.7100623,2.463063E-4,0.019371526,0.020436779,3.2572003E-4,0.024185888,0.024385842,3.190199,0.0,43.64584,0.011869659,0.08500592,-20.784235,-21.207268,-21.701899,-22.171364,-23.549065,-15.583585,-16.367527,-17.036783,-17.583109,-18.925474,-20.377289,-20.885921,-21.443823,-21.981,-23.489244,5.9389105,793
116000005,116000062,116000004,116000005,58000000000667,58000000000667,116000000,116000006,-1,0,58,0.11588337,51.46727,2944,17.012424,24.540773,23.998823,31747,1,2,2,100.67021,-27.231546,-140.43071,694,51.46727,0.12634906,132.35779,144.55838,1.1801832,1.5913562,0.05735625,2.617867,2.711313,2.462453E-4,0.018621814,0.019795513,3.2572003E-4,0.02336305,0.024426077,4.035227,0.0,43.63813,0.009646563,0.08467676,-20.858438,-21.257784,-21.743797,-22.208162,-23.576748,-15.613467,-16.395346,-17.062943,-17.607681,-18.947824,-20.2394,-20.769705,-21.34711,-21.908796,-23.473452,5.7783914,532
116000006,116000062,116000005,116000006,57000000000697,57000000000697,116000000,116000007,-1,0,57,0.14438343,51.209076,2944,16.987944,24.553333,24.042553,31747,1,2,2,101.8107,-23.164194,-134.70963,710,51.209076,0.12510839,132.6784,148.11377,1.1823188,1.5375274,0.05735625,2.7249756,2.6159163,2.4618144E-4,0.018576236,0.018955644,3.2572003E-4,0.022058405,0.023775255,2.88728,0.0,43.65826,0.011949176,0.08341288,-20.70747,-21.146748,-21.65167,-22.126726,-23.511063,-15.645544,-16.425123,-17.090908,-17.634008,-18.972168,-20.334402,-20.850243,-21.411747,-21.948555,-23.4541,5.654485,490
116000007,116000062,116000006,116000007,56000000000682,56000000000682,116000000,116000008,-1,0,56,0.17489761,49.143497,2944,16.960102,24.552683,24.085005,31747,1,2,2,101.987236,-20.722414,-137.51596,688,49.143497,0.122297555,131.46014,149.29985,1.0856692,1.4978535,0.05735625,2.4850652,2.6454315,2.4611657E-4,0.017943235,0.018321257,3.2572003E-4,0.020654906,0.024347767,3.8322206,0.0,43.62107,0.009217947,0.08231471,-20.80691,-21.215513,-21.708323,-22.176905,-23.550024,-15.68053,-16.457373,-17.121141,-17.662489,-18.998367,-20.174374,-20.710934,-21.28765,-21.84825,-23.41931,5.469745,540
116000008,116000062,116000007,116000008,55000000000697,55000000000697,116000000,116000009,-1,0,55,0.20754863,48.196777,2944,16.934818,24.564789,24.13219,31747,1,2,2,100.651886,-20.132387,-137.40286,642,48.196777,0.12031285,131.25716,148.72318,1.0921308,1.4437724,0.05735625,2.464258,2.5570984,2.4605243E-4,0.018561983,0.017423691,3.2572003E-4,0.01828165,0.024139926,3.733133,0.0,43.605785,0.009643602,0.07947161,-20.75715,-21.173018,-21.670954,-22.143013,-23.52021,-15.717257,-16.491064,-17.152575,-17.691992,-19.024872,-20.202366,-20.72086,-21.29987,-21.864819,-23.430168,5.3291116,587
116000009,116000062,116000008,116000009,54000000000653,54000000000653,116000000,116000010,-1,0,54,0.24246909,42.688572,2944,16.902441,24.582874,24.178442,31747,1,2,2,108.30705,-21.596659,-145.03166,620,42.688572,0.1142983,126.737724,144.22018,1.1791936,1.3898255,0.05735625,1.5883851,2.4688854,2.45998E-4,0.019904308,0.016506776,3.2572003E-4,0.01525809,0.023880906,3.8297708,0.0,43.38671,0.0103924945,0.07513768,-20.727665,-21.142103,-21.63892,-22.110323,-23.485907,-15.75596,-16.526386,-17.185442,-17.722746,-19.052786,-20.213587,-20.723118,-21.295694,-21.853695,-23.403511,5.1818266,159
116000010,116000062,116000009,116000010,53000000000670,53000000000670,116000000,116000011,-1,0,53,0.2798018,40.622997,2944,16.863396,24.595045,24.223278,31747,1,2,2,106.941086,-20.207441,-142.62816,608,40.622997,0.111098684,125.401146,140.0038,1.360718,1.333323,0.05735625,1.2908006,2.2946565,2.4595796E-4,0.021336691,0.015588371,3.2572003E-4,0.013605047,0.022022601,3.0330052,0.0,43.28222,0.013984532,0.071419425,-20.610079,-21.046402,-21.549812,-22.023497,-23.401348,-15.799816,-16.567043,-17.223932,-17.759422,-19.08739,-20.28284,-20.787897,-21.339527,-21.865562,-23.348267,5.039118,421
116000011,116000062,116000010,116000011,52000000000638,52000000000638,116000000,116000012,-1,0,52,0.31970343,39.332012,2944,16.835976,24.609695,24.2782,31747,1,2,2,108.59592,-17.620968,-140.48798,612,39.332012,0.10849251,124.86571,138.80782,1.49974,1.2877728,0.05735625,1.0815903,2.1910074,2.4592373E-4,0.021809243,0.01490095,3.2572003E-4,0.013084919,0.020281168,3.0286386,0.0,43.202713,0.015427139,0.0685318,-20.608248,-21.03461,-21.529713,-21.997477,-23.364676,-15.846994,-16.610971,-17.265776,-17.799229,-19.12566,-20.329075,-20.817722,-21.354065,-21.865175,-23.318964,4.849915,184
116000012,116000062,116000011,116000012,51000000000652,51000000000652,116000000,116000013,-1,0,51,0.36234027,39.073814,2944,16.797735,24.621567,24.344616,31747,1,2,2,110.70372,-16.903904,-139.72113,591,39.073814,0.10673173,125.47757,140.8327,1.6541407,1.2416145,0.05735625,1.0519043,2.0675635,2.4589195E-4,0.021753201,0.014263077,3.2572003E-4,0.014066121,0.017476704,3.2736254,0.0,43.238644,0.01577388,0.06946285,-20.636154,-21.041433,-21.524523,-21.984446,-23.338268,-15.894022,-16.654001,-17.306143,-17.83729,-19.162262,-20.386215,-20.846922,-21.368166,-21.86802,-23.299553,4.656989,841
116000013,116000062,116000012,116000013,50000000000693,50000000000693,116000000,116000014,-1,0,50,0.40789944,42.51644,2944,16.756924,24.631525,24.398727,31747,1,2,2,112.445404,-17.714586,-139.38907,577,42.51644,0.10809562,130.06018,140.389,1.7078401,1.1911333,0.05735625,1.8629217,1.9017396,2.4584428E-4,0.020588174,0.013634397,3.2572003E-4,0.0151211275,0.015079304,3.1076624,0.0,43.539444,0.016647678,0.073083095,-20.575941,-20.984943,-21.4715,-21.933237,-23.289242,-15.944386,-16.700274,-17.349598,-17.878485,-19.202894,-20.298334,-20.77942,-21.307932,-21.80928,-23.242596,4.4758444,515
116000014,116000062,116000013,116000014,49000000000656,49000000000656,116000000,116000015,-1,0,49,0.45657724,43.032837,2944,16.703566,24.636356,24.450348,31751,1,2,2,107.46745,-20.014488,-139.73515,566,43.032837,0.1067219,131.68709,145.20337,1.6566956,1.1427981,0.05735625,2.158057,1.7947346,2.4578001E-4,0.019102788,0.013068672,3.2572003E-4,0.015278075,0.014361537,2.0890827,0.0,43.633144,0.02044791,0.07328814,-20.359474,-20.82829,-21.346605,-21.82627,-23.208632,-15.998462,-16.750502,-17.397278,-17.924313,-19.24931,-20.241907,-20.736313,-21.273354,-21.772797,-23.192202,4.2835026,987
116000015,116000062,116000014,116000015,48000000000651,48000000000651,116000000,116000016,-1,0,48,0.5085914,42.51644,2944,16.65472,24.638966,24.501606,31751,1,2,2,103.83528,-18.879553,-140.70804,560,42.51644,0.1043695,132.36148,150.43304,1.4330904,1.1101273,0.05735625,2.2876706,1.8331268,2.4570673E-4,0.016944466,0.012690921,3.2572003E-4,0.015374639,0.0149951065,1.074472,0.0,43.687412,0.024459688,0.0733931,-20.16964,-20.717093,-21.269545,-21.766045,-23.173637,-16.053976,-16.800821,-17.443575,-17.966738,-19.288486,-20.092806,-20.658812,-21.223528,-21.73248,-23.163208,4.028392,340
116000016,116000062,116000015,116000016,47000000000675,47000000000675,116000000,116000017,-1,0,47,0.5641766,41.913982,2944,16.605042,24.650263,24.55962,31751,1,2,2,112.1899,-29.364323,-136.63329,485,41.913982,0.101837955,133.0438,149.16539,1.0431902,1.0932866,0.05735625,2.3931549,2.0292506,2.456272E-4,0.0141905565,0.012482362,3.2572003E-4,0.015482839,0.016854977,1.282741,0.0,43.7236,0.016006956,0.072597094,-20.310093,-20.833872,-21.372972,-21.859404,-23.256254,-16.112103,-16.852907,-17.490469,-18.008291,-19.324,-20.153898,-20.715498,-21.278769,-21.789717,-23.233501,3.7111564,704
116000017,116000062,116000016,116000017,46000000000691,46000000000691,116000000,116000018,-1,0,46,0.6235901,35.975452,2944,16.55064,24.659092,24.619656,31750,1,2,2,104.36994,-24.89135,-135.0303,461,35.975452,0.094731465,127.79856,142.06775,0.774875,1.0732021,0.05735625,1.4508088,2.246143,2.4556002E-4,0.012081634,0.012191018,3.2572003E-4,0.014764586,0.018784383,2.1803517,0.0,43.521374,0.009073154,0.07175757,-20.539545,-21.00752,-21.51934,-21.98842,-23.362186,-16.17005,-16.903482,-17.534986,-18.046623,-19.355536,-20.066195,-20.636768,-21.213617,-21.751034,-23.26775,3.401122,401
116000018,116000062,116000017,116000018,45000000000742,45000000000742,116000000,116000019,-1,0,45,0.6871088,33.049217,2944,16.507566,24.667599,24.68234,31750,1,2,2,103.74224,-28.871138,-132.72243,422,33.049217,0.089987755,125.67788,139.38554,0.61493856,1.0392127,0.05735625,1.272974,2.318317,2.4550283E-4,0.01040004,0.011655347,3.2572003E-4,0.013501105,0.018966092,2.922433,0.0,43.47757,0.0062960414,0.0707935,-20.67689,-21.113781,-21.608736,-22.066612,-23.427097,-16.232616,-16.958225,-17.58345,-18.088732,-19.391829,-19.969616,-20.536837,-21.133469,-21.707436,-23.307846,3.1319113,517
116000019,116000062,116000018,116000019,44000000000720,44000000000720,116000000,116000020,-1,0,44,0.75503564,32.61889,2944,16.456383,24.68309,24.739004,31750,1,2,2,98.34753,-24.540754,-129.32974,432,32.61889,0.08739708,126.69401,139.25974,0.60922563,0.99400777,0.05735625,1.2374474,2.3400223,2.454566E-4,0.009906172,0.010911453,3.2572003E-4,0.01335898,0.01796471,3.4977784,0.0,43.493233,0.0056046336,0.06881091,-20.786478,-21.194109,-21.669985,-22.112507,-23.447716,-16.29616,-17.01284,-17.631353,-18.131248,-19.430603,-19.983004,-20.539484,-21.12398,-21.689493,-23.28936,2.894163,87
116000020,116000062,116000019,116000020,43000000000701,43000000000701,116000000,116000021,-1,0,43,0.8276991,33.307415,2944,16.394373,24.69844,24.806849,31750,1,2,2,96.31908,-22.420477,-126.77518,427,33.307415,0.085693344,129.29059,143.62405,0.62186676,0.94050694,0.05735625,1.4364729,2.3072028,2.4540618E-4,0.009322402,0.010088256,3.2572003E-4,0.013573702,0.016337644,3.724235,0.0,43.601276,0.00526587,0.06794052,-20.869692,-21.254255,-21.714754,-22.14546,-23.466206,-16.372362,-17.08316,-17.6976,-18.195309,-19.498537,-20.056942,-20.59195,-21.162212,-21.717216,-23.306063,2.6806922,826
116000021,116000062,116000020,116000021,42000000000699,42000000000699,116000000,116000022,-1,0,42,0.9054624,34.684467,2944,16.334787,24.707268,24.86893,31750,1,2,2,95.712616,-22.585047,-125.0036,408,34.684467,0.0844174,132.92953,143.28748,0.5497349,0.88437057,0.05735625,1.8249155,2.289456,2.4534296E-4,0.008341294,0.0092738485,3.2572003E-4,0.013292261,0.015454256,5.607789,1.1597731E-4,43.73286,0.0052427556,0.06571971,-20.918972,-21.287943,-21.733978,-22.1533,-23.456648,-16.459087,-17.163958,-17.774073,-18.268965,-19.574226,-20.098082,-20.611147,-21.163265,-21.704351,-23.27109,2.477361,505
116000022,116000045,116000021,116000022,41000000000703,41000000000703,116000000,116000023,116000046,0,41,0.98870814,31.672167,2944,16.27385,24.731243,24.929836,31750,1,2,2,94.96776,-21.094177,-123.9227,412,31.672167,0.07944727,130.9391,144.89406,0.65133667,0.7440176,0.0,1.4495168,2.1095564,0.0,0.009470603,0.0077053593,0.0,0.010188894,0.013650739,3.8582847,0.0,43.691216,0.005377868,0.060648132,-20.87287,-21.22624,-21.666054,-22.08038,-23.375051,99.0,99.0,99.0,99.0,99.0,-20.100945,-20.587656,-21.136978,-21.680088,-23.243444,2.249956,122
116000023,116000045,116000022,116000023,40000000000694,40000000000694,116000000,116000024,-1,0,40,1.0778745,30.036919,2944,16.223722,24.73598,24.994276,31750,1,2,2,90.97691,-19.56125,-121.82477,390,30.036919,0.07557367,130.74118,137.10326,0.618055,0.6881346,0.0,1.2840288,2.0952728,0.0,0.009608862,0.006880696,0.0,0.008173019,0.013395661,5.3714213,0.0,43.63005,0.004645262,0.055327583,-20.986675,-21.301014,-21.717125,-22.117458,-23.386446,99.0,99.0,99.0,99.0,99.0,-19.848557,-20.34267,-20.897694,-21.465311,-23.110857,2.0706258,185
116000024,116000045,116000023,116000024,39000000000684,39000000000684,116000000,116000025,-1,0,39,1.173417,25.389374,2944,16.174297,24.749016,25.089119,31750,1,2,2,94.260445,-21.716534,-123.94755,365,25.389374,0.06904993,125.75184,139.63272,0.9106665,0.61227614,0.0,0.47698477,1.905101,0.0,0.011899271,0.005778956,0.0,0.004906878,0.011454901,4.88851,0.0,43.151535,0.0064698583,0.043498147,-20.984528,-21.27348,-21.665804,-22.046383,-23.275768,99.0,99.0,99.0,99.0,99.0,-20.272532,-20.689535,-21.183157,-21.67969,-23.15119,1.9651428,786
116000025,116000045,116000024,116000025,38000000000676,38000000000676,116000000,116000026,-1,0,38,1.2758462,25.64757,2944,16.128242,24.757204,25.16047,31750,1,2,2,87.01537,-19.368336,-118.09444,361,25.64757,0.06682132,128.48001,134.86592,0.92299896,0.54519176,0.0,0.9003198,1.6537502,0.0,0.010472304,0.0049854214,0.0,0.0064176945,0.008286924,5.345798,0.0,43.543697,0.006283501,0.05084732,-21.006973,-21.266323,-21.633146,-21.992865,-23.17875,99.0,99.0,99.0,99.0,99.0,-20.450352,-20.808788,-21.25852,-21.71302,-23.089518,1.8567697,263
116000026,116000045,116000025,116000026,37000000000772,37000000000772,116000000,116000027,-1,0,37,1.3857181,26.938555,2944,16.076963,24.774834,25.223951,31750,1,2,2,88.31563,-18.185019,-123.75412,305,26.938555,0.06538447,133.1128,135.7869,1.0157608,0.47415435,0.0,1.3874866,1.3745049,0.0,0.0096375635,0.00426309,0.0,0.006229915,0.0062840017,4.870581,0.0,43.786453,0.006985461,0.050494198,-20.938839,-21.187733,-21.541922,-21.8869,-23.041975,99.0,99.0,99.0,99.0,99.0,-20.448767,-20.789236,-21.21586,-21.640352,-22.95847,1.791183,865
116000027,116000045,116000026,116000027,36000000000746,36000000000746,116000000,116000028,-1,0,36,1.5036365,25.64757,2944,16.014067,24.775888,25.295567,31750,1,2,2,88.692116,-18.168516,-122.66964,299,25.64757,0.061799742,133.59793,141.001,0.9440876,0.41169602,0.0,1.5027164,1.1848484,0.0,0.008342525,0.003702446,0.0,0.0053868345,0.0056778127,4.430858,0.0,43.855503,0.0067862393,0.048788123,-20.81402,-21.066757,-21.42328,-21.76573,-22.913443,99.0,99.0,99.0,99.0,99.0,-20.291006,-20.638985,-21.072657,-21.499992,-22.823576,1.7316902,814
116000028,116000045,116000027,116000028,35000000000756,35000000000756,116000000,116000029,-1,0,35,1.6302707,22.118877,2944,15.978083,24.777653,25.380825,31750,1,2,2,89.61724,-16.484735,-123.50818,276,22.118877,0.056410797,129.8585,151.32742,0.83859324,0.35704517,0.0,1.2342837,1.0246321,0.0,0.007145703,0.0032338002,0.0,0.004303092,0.005517198,3.0212164,0.0,43.807236,0.00742042,0.04797223,-20.520468,-20.813805,-21.197535,-21.55624,-22.738121,99.0,99.0,99.0,99.0,99.0,-20.235245,-20.583183,-21.011866,-21.419373,-22.696306,1.6782191,292
116000029,116000045,116000028,116000029,34000000000684,34000000000684,116000000,116000030,-1,0,34,1.766336,19.622972,2951,15.944738,24.783754,25.466139,31778,1,2,2,86.337135,-15.096594,-121.99996,272,19.622972,0.0518837,127.5372,132.59764,0.6095604,0.32132408,0.0,1.1537932,0.9550737,0.0,0.005961482,0.0029201503,0.0,0.0035007275,0.0058768275,1.5174006,0.0,43.805515,0.007883399,0.046709288,-20.148407,-20.503809,-20.922003,-21.30192,-22.522943,99.0,99.0,99.0,99.0,99.0,-19.867073,-20.282759,-20.74608,-21.17252,-22.483185,1.5659332,99
116000030,116000045,116000029,116000030,33000000000705,33000000000705,116000000,116000031,-1,0,33,1.9126327,14.200836,2951,15.907455,24.780308,25.540184,31778,1,2,2,82.46631,-15.280533,-116.19226,240,14.200836,0.044507194,117.14178,116.54247,0.41767803,0.3041805,0.0,0.3678615,1.0369138,0.0,0.0053232145,0.0027281714,0.0,0.002357556,0.0068443036,1.1007077,0.0,43.23597,0.0076818867,0.037400577,-20.036448,-20.410347,-20.831821,-21.21601,-22.458437,99.0,99.0,99.0,99.0,99.0,-19.80139,-20.220959,-20.679636,-21.104912,-22.425474,1.375881,281
116000031,116000045,116000030,116000031,32000000000696,32000000000696,116000000,116000032,-1,0,32,2.0700274,13.340179,2951,15.876487,24.785528,25.623842,31778,1,2,2,77.212425,-7.2206173,-124.95003,190,13.340179,0.04157482,117.472336,124.04954,0.40560132,0.29233474,0.0,0.1304688,1.1537436,0.0,0.005131671,0.002576559,0.0,0.0012258206,0.0075298026,1.6141146,0.0,42.649128,0.00674975,0.024095125,-20.269659,-20.584072,-20.966137,-21.325916,-22.526197,99.0,99.0,99.0,99.0,99.0,-19.921036,-20.307865,-20.74536,-21.164143,-22.477499,1.1678153,484
116000032,116000045,116000031,116000032,31000000000670,31000000000670,116000000,116000033,-1,0,31,2.2394855,12.73772,2951,15.815745,24.782726,25.703072,31778,1,2,2,73.384254,-4.320527,-120.442276,174,12.73772,0.038980313,118.5477,127.24544,0.5069456,0.2758372,0.0,0.00701228,1.2356733,0.0,0.005502058,0.0023836105,0.0,5.7142974E-5,0.007407447,4.530223,0.0,40.787888,0.004462026,0.005299469,-20.721294,-20.933828,-21.255247,-21.573046,-22.688225,99.0,99.0,99.0,99.0,99.0,-19.992813,-20.342234,-20.775698,-21.21657,-22.578066,0.98427165,99
116000033,116000045,116000032,116000033,30000000000801,30000000000801,116000000,116000034,-1,0,30,2.422044,11.446734,2951,15.767558,24.785315,25.777683,31778,1,2,2,68.98284,2.0354142,-119.52391,149,11.446734,0.03575667,117.33626,119.000626,0.29957706,0.23199522,0.0,0.24384224,1.0272167,0.0,0.0035299102,0.0019947914,0.0,0.0013032382,0.005382326,3.9025402,0.0,43.124958,0.0029809074,0.028700212,-20.546156,-20.75513,-21.078089,-21.399734,-22.536016,99.0,99.0,99.0,99.0,99.0,-19.596478,-19.981443,-20.451164,-20.936079,-22.39579,0.9136458,556
116000034,116000045,116000033,116000034,29000000000815,29000000000815,116000000,116000035,-1,0,29,2.6188614,10.241815,2951,15.740045,24.779701,25.816944,31778,1,2,2,70.81049,3.0488586,-119.68019,131,10.241815,0.032699026,116.062256,116.04842,0.50900865,0.19633546,0.0,0.038586773,0.8672266,0.0,0.003929182,0.0016520526,0.0,1.6011596E-4,0.0045920876,2.5165431,0.0,41.71807,0.0029152299,0.009067259,-20.59325,-20.736988,-21.016998,-21.300304,-22.39101,99.0,99.0,99.0,99.0,99.0,-19.613638,-19.966913,-20.41093,-20.862574,-22.265404,0.8378972,547
116000035,116000045,116000034,116000035,28000000000751,28000000000751,116000000,116000036,-1,0,28,2.8311827,8.176239,2951,15.700293,24.788296,25.843674,31778,1,2,2,65.15034,2.1038883,-111.731026,124,8.176239,0.02874269,110.60711,119.862366,0.2454515,0.1746857,0.0,0.025452541,0.8283966,0.0,0.0028577547,0.0014251447,0.0,2.469931E-4,0.0046640895,2.259493,0.0,41.861565,0.0034935474,0.011771114,-20.211449,-20.426237,-20.73999,-21.050959,-22.157686,99.0,99.0,99.0,99.0,99.0,-19.605375,-19.94512,-20.357609,-20.774258,-22.077496,0.72455484,508
116000036,116000045,116000035,116000036,27000000000735,27000000000735,116000000,116000037,-1,0,27,3.060419,8.606567,2951,15.666348,24.782963,25.924139,31778,1,2,2,66.89773,0.83771586,-104.5475,113,8.606567,0.027662579,115.67477,122.5202,0.37184736,0.15643181,0.0,0.028348554,0.8026407,0.0,0.0031734486,0.0012443974,0.0,1.2905282E-4,0.0036863503,2.7303395,0.0,41.66659,0.0023117303,0.007967595,-20.535006,-20.645174,-20.895767,-21.155787,-22.187557,99.0,99.0,99.0,99.0,99.0,-19.470669,-19.78385,-20.202477,-20.64814,-22.03722,0.6025844,888
116000037,116000045,116000036,116000037,26000000000768,26000000000768,116000000,116000038,-1,0,26,3.3080978,7.2295165,2951,15.636054,24.801304,25.975172,31778,1,2,2,62.90559,-6.6683464,-99.23717,97,7.2295165,0.024657656,112.29197,116.71533,0.23569441,0.13577217,0.0,9.748619E-5,0.7667339,0.0,0.0025723448,0.0010202702,0.0,8.2182083E-7,0.003552466,3.22521,0.0,44.627243,0.0014112525,0.024820982,-20.48006,-20.580196,-20.822872,-21.08223,-22.093744,99.0,99.0,99.0,99.0,99.0,-18.369122,-18.778357,-19.29857,-19.902607,-21.698631,0.50007683,765
116000038,116000045,116000037,116000038,25000000000619,25000000000619,116000000,116000039,-1,0,25,3.575905,6.799188,3192,15.586841,24.792973,26.038074,28267,1,2,2,68.14791,3.132781,-104.57717,104,6.799188,0.022790052,113.27285,114.425835,0.21901965,0.1129725,0.0,0.073909804,0.67148745,0.0,0.00238371,7.265199E-4,0.0,5.309615E-4,0.002304729,2.649917,0.0,42.78747,0.0026569506,0.018496979,-20.247713,-20.379967,-20.635628,-20.909035,-21.924786,99.0,99.0,99.0,99.0,99.0,-19.537384,-19.800905,-20.168016,-20.567327,-21.82424,0.41248417,893
116000039,116000045,116000038,116000039,24000000000504,24000000000504,116000000,116000040,-1,0,24,3.8656828,7.2295165,3192,15.556478,24.782578,26.138733,28267,1,2,2,63.71027,-8.442408,-96.56996,106,7.2295165,0.021913104,119.1167,121.96698,0.293057,0.09551499,0.0,0.13658296,0.63691306,0.0,0.0023754823,5.6453166E-4,0.0,4.9140066E-4,0.0015956904,1.9376277,0.0,43.148388,0.004147181,0.019145137,-20.21408,-20.3365,-20.581018,-20.850172,-21.83905,99.0,99.0,99.0,99.0,99.0,-19.898335,-20.089634,-20.387514,-20.713034,-21.800982,0.3141637,813
116000040,116000045,116000039,116000040,23000000000559,23000000000559,116000000,116000041,-1,0,23,4.1794686,7.057385,3192,15.515578,24.778162,26.214293,28267,1,2,2,69.3578,0.19249478,-99.27054,84,7.057385,0.020450482,121.826035,131.03825,0.34394237,0.08364751,0.0,0.012349921,0.704189,0.0,0.0022676087,4.771235E-4,0.0,5.3993746E-5,0.0016037748,5.5708427,0.0,44.91761,0.0012751423,0.020656843,-20.921162,-20.923098,-21.085035,-21.273214,-22.104965,99.0,99.0,99.0,99.0,99.0,-19.057728,-19.344294,-19.77089,-20.278442,-21.795584,0.20071109,678
116000041,116000045,116000040,116000041,22000000000498,22000000000498,116000000,116000042,-1,0,22,4.5195556,5.3360715,3192,15.492683,24.76873,26.276922,28267,1,2,2,68.21738,0.7296616,-92.63174,72,5.3360715,0.017504228,114.50101,120.88715,0.13747777,0.051996388,0.0,0.11445472,0.5585777,0.0,0.0012423409,2.445019E-4,0.0,2.9918458E-4,9.506245E-4,6.8890185,0.0,43.10681,8.54166E-4,0.0165041,-20.547617,-20.552044,-20.732864,-20.93676,-21.834929,99.0,99.0,99.0,99.0,99.0,-18.217028,-18.507006,-18.958002,-19.5184,-21.279747,0.14895801,604
116000042,116000045,116000041,116000042,21000000000501,21000000000501,116000000,116000043,-1,0,21,4.888449,3.18443,3192,15.444223,24.785055,26.295969,28267,1,2,2,62.514458,-1.3471298,-91.14697,61,3.18443,0.013828163,99.51844,102.437294,0.22777472,0.01576963,0.0,0.04299894,0.22046968,0.0,5.764355E-4,4.938221E-5,0.0,2.4769557E-5,1.7939335E-4,0.5830384,0.0,42.37051,0.0033360778,0.008041383,-18.895546,-18.93751,-19.127934,-19.33954,-20.145712,99.0,99.0,99.0,99.0,99.0,-18.819614,-18.877954,-19.081251,-19.305922,-20.13578,0.21638459,316
116000043,116000045,116000042,116000043,20000000000479,20000000000479,116000000,116000044,-1,0,20,5.2888336,2.065576,3192,15.412753,24.800718,26.30128,28267,1,2,2,64.55414,3.63574,-86.36519,52,2.065576,0.011217801,88.989075,90.02508,0.0707233,0.012938671,0.0,0.008287349,0.23376228,0.0,4.190023E-4,4.153116E-5,0.0,1.2836264E-5,2.0761292E-4,0.953628,0.0,41.767918,0.0014637928,0.00992857,-18.748827,-18.80726,-19.015474,-19.253704,-20.13248,99.0,99.0,99.0,99.0,99.0,-18.404978,-18.528898,-18.791143,-19.088976,-20.080633,0.14126499,409
116000044,116000045,116000043,116000044,19000000000421,19000000000421,116000000,116000045,-1,0,19,5.7238646,1.8073791,3192,15.349502,24.803453,26.304918,28267,1,2,2,64.77214,6.3307185,-87.64719,44,1.8073791,0.01004251,87.977875,100.103584,0.07815202,0.008671344,0.0,0.0068285344,0.19544528,0.0,3.252627E-4,2.0455556E-5,0.0,6.205915E-6,1.0446239E-4,1.3450793,0.0,41.482906,0.0011184419,0.006636142,-18.74918,-18.766108,-18.949371,-19.143438,-19.933071,99.0,99.0,99.0,99.0,99.0,-18.230751,-18.346197,-18.612478,-18.892124,-19.851568,0.0764448,14
116000045,116000045,116000044,116000045,18000000000460,18000000000460,116000000,-1,-1,0,18,6.1968336,1.1188537,3192,15.336792,24.795254,26.36585,28267,1,2,2,62.90791,-1.6556263,-64.94627,33,1.1188537,0.00800121,77.54946,84.59603,0.06568415,0.0031371103,0.0,0.009876136,0.099537894,0.0,1.4058716E-4,3.2889363E-6,0.0,2.9108846E-6,1.8324085E-5,0.8308041,0.0,41.756836,9.4688026E-4,0.0071358476,-18.079062,-17.989086,-18.07969,-18.159857,-18.61664,99.0,99.0,99.0,99.0,99.0,-17.93124,-17.868502,-17.982885,-18.08891,-18.595297,0.029179377,21
116000046,116000062,116000021,116000022,41000000000703,41000000000703,116000000,116000047,-1,2,41,0.98870814,31.672167,2944,16.275272,24.69555,24.86512,31750,1,2,2,110.906296,-17.692188,-41.74752,29,2.4959054,0.023778576,67.187904,71.21432,0.034511458,0.057354536,0.0,0.0,0.0,0.0,6.4614747E-4,3.2568787E-4,0.0,0.0,0.0,5.8581686E-4,0.0,40.265945,0.0026996175,0.010098482,-16.562023,-17.259495,-17.865274,-18.358425,-19.666914,99.0,99.0,99.0,99.0,99.0,-16.330547,-17.06749,-17.709042,-18.24404,-19.633049,3.740278,796
116000047,116000062,116000046,116000023,40000000000694,40000000000694,116000000,116000048,-1,2,40,1.0778745,30.036919,2944,16.21662,24.712652,24.915047,31750,1,2,2,110.807396,-41.349197,-151.33961,29,2.4959054,0.023778576,67.187904,71.21432,0.034572046,0.05734605,0.0,0.0,0.0,0.0,6.468347E-4,3.255291E-4,0.0,0.0,0.0,0.0012953188,0.0,40.265945,0.0026996175,0.010098482,-16.682295,-17.372345,-17.972527,-18.460995,-19.766253,99.0,99.0,99.0,99.0,99.0,-16.45031,-17.179956,-17.815989,-18.346382,-19.732315,3.392717,239
116000048,116000062,116000047,116000024,39000000000684,39000000000684,116000000,116000049,-1,2,39,1.173417,25.389374,2944,16.16163,24.739239,25.027857,31750,1,2,2,101.49634,-60.644264,-280.84375,29,2.4959054,0.023778576,67.187904,71.21432,0.034702677,0.05732775,0.0,0.0,0.0,0.0,6.4831396E-4,3.251871E-4,0.0,0.0,0.0,0.0028024472,0.0,40.265945,0.0026996175,0.010098482,-16.813137,-17.489433,-18.079111,-18.55699,-19.854368,99.0,99.0,99.0,99.0,99.0,-16.579731,-17.29606,-17.921793,-18.441784,-19.820211,3.0543334,769
116000049,116000062,116000048,116000025,38000000000676,38000000000676,116000000,116000050,-1,2,38,1.2758462,25.64757,2944,16.138853,24.775866,25.203545,31750,1,2,2,-24.588898,-30.79993,-263.62817,29,2.4959054,0.023778576,67.187904,71.21432,0.03497728,0.05728929,0.0,0.0,0.0,0.0,6.514124E-4,3.2446987E-4,0.0,0.0,0.0,0.005920646,0.0,40.265945,0.0026996175,0.010098482,-16.974583,-17.634281,-18.213118,-18.680878,-19.970695,99.0,99.0,99.0,99.0,99.0,-16.73954,-17.439505,-18.054659,-18.564848,-19.936317,2.7264633,308
116000050,116000062,116000049,116000026,37000000000772,37000000000772,116000000,116000051,-1,2,37,1.3857181,26.938555,2944,16.13861,24.773869,25.318365,31750,1,2,2,21.44063,19.760698,-149.32228,29,2.4959054,0.023778576,67.187904,71.21432,0.035539057,0.05721061,0.0,0.0,0.0,0.0,6.5770216E-4,3.2300953E-4,0.0,0.0,0.0,0.012193333,0.0,40.265945,0.0026996175,0.010098482,-17.141565,-17.768724,-18.32954,-18.785583,-20.063671,99.0,99.0,99.0,99.0,99.0,-16.894009,-17.566254,-18.165209,-18.664932,-20.027166,2.4106102,170
116000051,116000062,116000050,116000027,36000000000746,36000000000746,116000000,116000052,-1,2,36,1.5036365,25.64757,2944,16.105436,24.765436,25.37766,31750,1,2,2,114.30281,6.0601974,-67.30547,29,2.4959054,0.023778576,67.187904,71.21432,0.036655545,0.05705424,0.0,0.0,0.0,0.0,6.700117E-4,3.2013468E-4,0.0,0.0,0.0,0.02444251,0.0,40.265945,0.0026996175,0.010098482,-17.330866,-17.913439,-18.45022,-18.891737,-20.154581,99.0,99.0,99.0,99.0,99.0,-17.077402,-17.705732,-18.281717,-18.76825,-20.117662,2.108559,323
116000052,116000062,116000051,116000028,35000000000756,35000000000756,116000000,116000053,-1,2,35,1.6302707,22.118877,2951,15.984714,24.762936,25.391039,31778,1,2,2,317.71713,-5.7733154,24.563137,29,2.4959054,0.023778576,67.187904,71.21432,0.0388082,0.056752764,0.0,0.0,0.0,0.0,6.9305196E-4,3.1469134E-4,0.0,0.0,0.0,0.047632568,0.0,40.265945,0.0026996175,0.010098482,-17.560665,-18.095633,-18.607302,-19.03271,-20.272812,99.0,99.0,99.0,99.0,99.0,-17.327696,-17.905008,-18.452875,-18.919687,-20.23914,1.8224605,841
116000053,116000062,116000052,116000029,34000000000684,34000000000684,116000000,116000054,-1,2,34,1.766336,19.622972,2944,15.871354,24.816566,25.37236,31750,1,2,2,119.99327,-121.08791,-17.46758,29,2.4959054,0.023778576,67.187904,71.21432,0.0428295,0.056189578,0.0,0.0,0.0,0.0,7.3379633E-4,3.0485206E-4,0.0,0.0,0.0,0.090155885,0.0,40.265945,0.0026996175,0.010098482,-17.826374,-18.299397,-18.778103,-19.183739,-20.394545,99.0,99.0,99.0,99.0,99.0,-17.557842,-18.082344,-18.603033,-19.05558,-20.356062,1.5550007,725
116000054,116000062,116000053,116000030,33000000000705,33000000000705,116000000,116000055,-1,2,33,1.9126327,14.200836,2951,15.818404,24.881636,25.394463,31778,1,2,2,80.52765,-75.86741,-6.5461674,29,2.4959054,0.023778576,67.187904,71.21432,0.050102554,0.05517099,0.0,0.0,0.0,0.0,8.0064766E-4,2.8803328E-4,0.0,0.0,0.0,0.16562794,0.0,40.265945,0.0026996175,0.010098482,-18.12004,-18.540005,-18.994194,-19.392225,-20.621817,99.0,99.0,99.0,99.0,99.0,-17.836752,-18.312897,-18.811861,-19.259007,-20.58196,1.309422,98
116000055,116000062,116000054,116000046,32000000000697,32000000000696,116000000,116000056,-1,1,32,2.0700274,13.340179,2951,15.758938,24.924942,25.40531,31778,1,2,2,97.370735,-56.355446,-39.851562,29,2.4959054,0.023778576,67.187904,71.21432,0.06283009,0.05338851,0.0,0.0,0.0,0.0,8.996341E-4,2.6116127E-4,0.0,0.0,0.0,0.29523107,0.0,40.265945,0.0026996175,0.010098482,-18.390234,-18.745222,-19.15582,-19.519732,-20.663782,99.0,99.0,99.0,99.0,99.0,-18.073502,-18.491846,-18.952831,-19.371479,-20.619528,1.0897586,530
116000056,116000062,116000055,116000047,31000000000671,31000000000670,116000000,116000057,-1,1,31,2.2394855,12.73772,2951,15.705485,24.930157,25.437828,31778,1,2,2,80.1351,-55.526337,-46.26448,39,3.3565624,0.024990773,76.00243,75.06203,0.084376134,0.050371002,0.0,0.0,0.0,0.0,0.0010257404,2.2154214E-4,0.0,0.0,0.0,0.23978534,0.0,40.265945,0.0037400906,0.010098482,-18.436579,-18.758623,-19.130781,-19.460066,-20.502422,99.0,99.0,99.0,99.0,99.0,-18.279875,-18.631887,-19.028961,-19.385935,-20.480608,0.9013627,630
116000057,116000062,116000056,116000048,30000000002364,30000000002364,116000000,116000058,-1,0,30,2.422044,3.0122986,2951,15.644239,24.979954,25.451666,31778,1,2,2,68.431725,-47.19847,-51.863495,37,3.0122986,0.022913735,75.191895,74.91026,0.10094576,0.048050437,0.0,0.0014507781,0.27495307,0.0,0.0010941946,1.9498295E-4,0.0,6.93622E-6,0.0011186822,0.18161473,0.0,40.265945,0.004816086,0.010098482,-18.536047,-18.81438,-19.15009,-19.46131,-20.469131,99.0,99.0,99.0,99.0,99.0,-18.438543,-18.735611,-19.086937,-19.415491,-20.455767,0.70629174,36
116000058,116000062,116000057,116000049,29000000002345,29000000002345,116000000,116000059,-1,0,29,2.6188614,2.4959044,3192,15.600437,24.992752,25.502157,28267,1,2,2,63.08432,-43.16699,-50.74324,38,2.4959044,0.020424519,72.494995,79.22595,0.112549305,0.04639092,0.0,4.0502776E-4,0.28891295,0.0,0.00112966,1.7770455E-4,0.0,1.9159122E-6,0.001126763,0.27443185,0.0,39.41519,0.0046324697,0.005176275,-18.858967,-19.066454,-19.357553,-19.64941,-20.615679,99.0,99.0,99.0,99.0,99.0,-18.761711,-18.987104,-19.29367,-19.603033,-20.602152,0.50782853,657
116000059,116000062,116000058,116000050,28000000002477,28000000002477,116000000,116000060,-1,0,28,2.8311827,1.549182,3192,15.579504,24.995853,25.565273,28267,1,2,2,77.388985,-52.17533,-53.48409,29,1.549182,0.016508605,63.528122,62.02484,0.12940028,0.04402999,0.0,0.0,0.27601236,0.0,0.0011660435,1.5530751E-4,0.0,0.0,9.96017E-4,1.677118,0.0,0.0,0.001784039,0.016508605,-19.518774,-19.603958,-19.82108,-20.064047,-20.949371,99.0,99.0,99.0,99.0,99.0,-18.841368,-19.052631,-19.376675,-19.739784,-20.853373,0.3224898,970
116000060,116000062,116000059,116000051,27000000002539,27000000002539,116000000,116000061,-1,0,27,3.060419,1.4631164,3192,15.534981,25.031641,25.591301,28267,1,2,2,57.79688,-29.367422,-54.52452,28,1.4631164,0.015324123,64.079865,64.39502,0.22614528,0.030480934,0.0,0.0,0.19281645,0.0,0.0011165608,6.475063E-5,0.0,0.0,4.22948E-4,1.136282,0.0,0.0,0.003670705,0.015324123,-19.337566,-19.420294,-19.630362,-19.869366,-20.690573,99.0,99.0,99.0,99.0,99.0,-19.161589,-19.283983,-19.525158,-19.794693,-20.670183,0.22397138,440
116000061,116000062,116000060,116000052,26000000003147,26000000003147,116000000,116000062,-1,0,26,3.3080978,1.1188537,3192,15.466787,25.079575,25.5999,28267,1,2,2,47.20544,-40.718002,-48.130325,20,1.1188537,0.013238532,60.28881,59.5521,0.28753713,0.021883046,0.0,0.0,0.14002237,0.0,9.128371E-4,3.0559357E-5,0.0,0.0,2.0834284E-4,3.0531104,0.0,0.0,0.0020536645,0.013238532,-19.789803,-19.807835,-19.970566,-20.147436,-20.76366,99.0,99.0,99.0,99.0,99.0,-19.490084,-19.561079,-19.772085,-20.000034,-20.719662,0.09266996,279
116000062,116000062,116000061,116000053,25000000001806,25000000001806,116000000,-1,-1,0,25,3.575905,3.1844308,3192,15.441969,25.079735,25.633717,28267,1,2,2,52.49466,-44.53023,-60.661327,37,3.1844308,0.017698517,87.96652,65.68678,0.08498577,3.0000272E-4,0.0,0.37391272,0.0076047136,0.0,1.5541827E-5,2.096443E-8,0.0,2.2429973E-7,2.5275209E-9,0.045538157,0.0,43.299603,0.0029178308,0.016047452,-16.698559,-17.008614,-17.352865,-17.623125,-18.165443,99.0,99.0,99.0,99.0,99.0,-16.69768,-17.007835,-17.352198,-17.622574,-18.165182,0.012976824,868
116000063,116000092,116000003,116000004,59000000000695,59000000000695,116000000,116000064,-1,2,59,0.08928783,52.67219,2944,17.019346,24.545729,23.960299,31747,1,2,2,41.06266,-147.84714,-198.90244,25,2.1516426,0.030329783,55.235764,58.60516,0.036644746,0.02059963,0.0,0.0,0.0,0.0,4.1998224E-4,9.4260584E-5,0.0,0.0,0.0,1.3748792E-6,0.0,39.64999,0.0034916839,0.01114912,-14.606103,-15.386542,-16.051313,-16.588959,-17.908358,99.0,99.0,99.0,99.0,99.0,-14.542778,-15.334253,-16.008953,-16.558104,-17.899315,9.045439,500
116000064,116000092,116000063,116000005,58000000000667,58000000000667,116000000,116000065,-1,2,58,0.11588337,51.46727,2944,17.021137,24.564194,24.009531,31747,1,2,2,-14.243051,16.146763,-164.45496,25,2.1516426,0.030329783,55.235764,58.60516,0.036644846,0.020599619,0.0,0.0,0.0,0.0,4.1998248E-4,9.42604E-5,0.0,0.0,0.0,2.0328653E-6,0.0,39.64999,0.0034916839,0.01114912,-14.640845,-15.418574,-16.08125,-16.617266,-17.935022,99.0,99.0,99.0,99.0,99.0,-14.577519,-15.366285,-16.038889,-16.58641,-17.92598,8.73519,506
116000065,116000092,116000064,116000006,57000000000697,57000000000697,116000000,116000066,-1,2,57,0.14438343,51.209076,2944,17.0071,24.549564,24.04624,31747,1,2,2,148.42473,81.57432,-100.653984,25,2.1516426,0.030329783,55.235764,58.60516,0.036645006,0.020599581,0.0,0.0,0.0,0.0,4.1998335E-4,9.4260104E-5,0.0,0.0,0.0,3.1780137E-6,0.0,39.64999,0.0034916839,0.01114912,-14.679121,-15.454173,-16.114893,-16.649473,-17.966553,99.0,99.0,99.0,99.0,99.0,-14.615787,-15.401879,-16.072529,-16.618618,-17.95751,8.414627,207
116000066,116000092,116000065,116000007,56000000000682,56000000000682,116000000,116000067,-1,2,56,0.17489761,49.143497,2944,16.946993,24.543999,24.071732,31747,1,2,2,182.54529,-50.719746,-117.43343,25,2.1516426,0.030329783,55.235764,58.60516,0.036645334,0.020599544,0.0,0.0,0.0,0.0,4.199847E-4,9.42596E-5,0.0,0.0,0.0,5.2757964E-6,0.0,39.64999,0.0034916839,0.01114912,-14.721708,-15.49412,-16.153004,-16.686117,-18.003275,99.0,99.0,99.0,99.0,99.0,-14.658365,-15.441821,-16.110638,-16.655258,-17.99423,8.084404,180
116000067,116000092,116000066,116000008,55000000000697,55000000000697,116000000,116000068,-1,2,55,0.20754863,48.196777,2944,16.916834,24.567911,24.121004,31747,1,2,2,6.5726686,-83.255066,-216.11603,25,2.1516426,0.030329783,55.235764,58.60516,0.036645863,0.02059947,0.0,0.0,0.0,0.0,4.1998684E-4,9.425875E-5,0.0,0.0,0.0,8.663339E-6,0.0,39.64999,0.0034916839,0.01114912,-14.766768,-15.535898,-16.19255,-16.723585,-18.03996,99.0,99.0,99.0,99.0,99.0,-14.703425,-15.483601,-16.150185,-16.692726,-18.030916,7.7452917,134
116000068,116000092,116000067,116000009,54000000000653,54000000000653,116000000,116000069,-1,2,54,0.24246909,42.688572,2944,16.927593,24.578829,24.196917,31747,1,2,2,25.100735,-17.632395,-209.81525,25,2.1516426,0.030329783,55.235764,58.60516,0.036646757,0.020599343,0.0,0.0,0.0,0.0,4.199905E-4,9.425732E-5,0.0,0.0,0.0,1.4485793E-5,0.0,39.64999,0.0034916839,0.01114912,-14.813567,-15.578613,-16.232323,-16.760485,-18.075,99.0,99.0,99.0,99.0,99.0,-14.750229,-15.526317,-16.189957,-16.729628,-18.065956,7.398042,262
116000069,116000092,116000068,116000010,53000000000670,53000000000670,116000000,116000070,-1,2,53,0.2798018,40.622997,2944,16.895311,24.585283,24.250938,31747,1,2,2,161.7406,-35.08776,-116.2518,25,2.1516426,0.030329783,55.235764,58.60516,0.036648285,0.020599129,0.0,0.0,0.0,0.0,4.1999682E-4,9.425487E-5,0.0,0.0,0.0,2.447218E-5,0.0,39.64999,0.0034916839,0.01114912,-14.863568,-15.624192,-16.274704,-16.799929,-18.112875,99.0,99.0,99.0,99.0,99.0,-14.800204,-15.571883,-16.232328,-16.769064,-18.103828,7.043547,582
116000070,116000092,116000069,116000011,52000000000638,52000000000638,116000000,116000071,-1,2,52,0.31970343,39.332012,2944,16.821724,24.615345,24.266247,31747,1,2,2,219.76982,-99.97955,-11.581787,25,2.1516426,0.030329783,55.235764,58.60516,0.03665092,0.02059876,0.0,0.0,0.0,0.0,4.2000756E-4,9.425067E-5,0.0,0.0,0.0,4.1687374E-5,0.0,39.64999,0.0034916839,0.01114912,-14.9158,-15.67104,-16.317621,-16.83923,-18.149462,99.0,99.0,99.0,99.0,99.0,-14.852442,-15.6187315,-16.275248,-16.808365,-18.140415,6.6827474,991
116000071,116000092,116000070,116000012,51000000000652,51000000000652,116000000,116000072,-1,2,51,0.36234027,39.073814,2944,16.758524,24.637953,24.302176,31747,1,2,2,130.06546,-37.32215,-158.39722,25,2.1516426,0.030329783,55.235764,58.60516,0.036655456,0.020598121,0.0,0.0,0.0,0.0,4.2002616E-4,9.42434E-5,0.0,0.0,0.0,7.143141E-5,0.0,39.64999,0.0034916839,0.01114912,-14.970356,-15.718902,-16.360403,-16.877209,-18.18253,99.0,99.0,99.0,99.0,99.0,-14.906923,-15.666556,-16.318005,-16.846327,-18.173475,6.3166747,746
116000072,116000092,116000071,116000013,50000000000693,50000000000693,116000000,116000073,-1,2,50,0.40789944,42.51644,2944,16.727438,24.64237,24.379982,31747,1,2,2,23.415236,22.714808,-243.9031,25,2.1516426,0.030329783,55.235764,58.60516,0.036663312,0.020597018,0.0,0.0,0.0,0.0,4.2005838E-4,9.4230774E-5,0.0,0.0,0.0,1.2308602E-4,0.0,39.64999,0.0034916839,0.01114912,-15.031401,-15.772789,-16.408733,-16.920265,-18.221224,99.0,99.0,99.0,99.0,99.0,-14.967988,-15.7204485,-16.366335,-16.889383,-18.212172,5.9464064,680
116000073,116000092,116000072,116000014,49000000000656,49000000000656,116000000,116000074,-1,2,49,0.45657724,43.032837,2944,16.748575,24.62409,24.47085,31751,1,2,2,-33.037014,16.895428,-175.82628,25,2.1516426,0.030329783,55.235764,58.60516,0.03667698,0.020595107,0.0,0.0,0.0,0.0,4.201142E-4,9.420884E-5,0.0,0.0,0.0,2.1292552E-4,0.0,39.64999,0.0034916839,0.01114912,-15.097871,-15.831177,-16.461044,-16.966839,-18.264135,99.0,99.0,99.0,99.0,99.0,-15.034357,-15.778782,-16.41861,-16.93593,-18.255072,5.5731416,924
116000074,116000092,116000073,116000015,48000000000651,48000000000651,116000000,116000075,-1,2,48,0.5085914,42.51644,2944,16.73613,24.627718,24.5291,31751,1,2,2,83.72313,-23.363573,-111.83511,25,2.1516426,0.030329783,55.235764,58.60516,0.03670076,0.020591777,0.0,0.0,0.0,0.0,4.2021126E-4,9.41707E-5,0.0,0.0,0.0,3.690978E-4,0.0,39.64999,0.0034916839,0.01114912,-15.168416,-15.891143,-16.513496,-17.012497,-18.304823,99.0,99.0,99.0,99.0,99.0,-15.104782,-15.838678,-16.471008,-16.98155,-18.295746,5.198171,149
116000075,116000092,116000074,116000016,47000000000675,47000000000675,116000000,116000076,-1,2,47,0.5641766,41.913982,2944,16.673702,24.649202,24.567709,31751,1,2,2,199.7186,-70.97057,-82.22828,25,2.1516426,0.030329783,55.235764,58.60516,0.03674208,0.020585995,0.0,0.0,0.0,0.0,4.203795E-4,9.410448E-5,0.0,0.0,0.0,6.398906E-4,0.0,39.64999,0.0034916839,0.01114912,-15.252574,-15.9644985,-16.579905,-17.073729,-18.365389,99.0,99.0,99.0,99.0,99.0,-15.189056,-15.91206,-16.537426,-17.042788,-18.35632,4.822897,707
116000076,116000092,116000075,116000017,46000000000691,46000000000691,116000000,116000077,-1,2,46,0.6235901,35.975452,2944,16.545492,24.668869,24.615036,31750,1,2,2,365.8373,24.871576,-173.42319,25,2.1516426,0.030329783,55.235764,58.60516,0.03681361,0.020575976,0.0,0.0,0.0,0.0,4.2067023E-4,9.398992E-5,0.0,0.0,0.0,0.0011074747,0.0,39.64999,0.0034916839,0.01114912,-15.347587,-16.045977,-16.652863,-17.14029,-18.429075,99.0,99.0,99.0,99.0,99.0,-15.28139,-15.992206,-16.609476,-17.108664,-18.419685,4.448855,525
116000077,116000092,116000076,116000018,45000000000742,45000000000742,116000000,116000078,-1,2,45,0.6871088,33.049217,2944,16.420385,24.645674,24.692451,31750,1,2,2,212.0492,33.20422,-158.15523,25,2.1516426,0.030329783,55.235764,58.60516,0.036936883,0.02055871,0.0,0.0,0.0,0.0,4.2116878E-4,9.379287E-5,0.0,0.0,0.0,0.0019101761,0.0,39.64999,0.0034916839,0.01114912,-15.459186,-16.141525,-16.73922,-17.220907,-18.50867,99.0,99.0,99.0,99.0,99.0,-15.394894,-16.0886,-16.696379,-17.1897,-18.499508,4.077772,650
116000078,116000092,116000077,116000019,44000000000720,44000000000720,116000000,116000079,-1,2,44,0.75503564,32.61889,2944,16.331028,24.640661,24.767345,31750,1,2,2,165.62936,-14.8949,-162.8097,25,2.1516426,0.030329783,55.235764,58.60516,0.037147854,0.020529162,0.0,0.0,0.0,0.0,4.2201503E-4,9.345662E-5,0.0,0.0,0.0,0.0032770238,0.0,39.64999,0.0034916839,0.01114912,-15.597144,-16.261883,-16.850365,-17.327442,-18.615786,99.0,99.0,99.0,99.0,99.0,-15.532518,-16.208668,-16.807283,-17.296059,-18.606571,3.7116084,53
116000079,116000092,116000078,116000020,43000000000701,43000000000701,116000000,116000080,-1,2,43,0.8276991,33.307415,2944,16.266724,24.65556,24.845766,31750,1,2,2,95.71984,-39.69709,-141.8341,25,2.1516426,0.030329783,55.235764,58.60516,0.03750576,0.02047904,0.0,0.0,0.0,0.0,4.2343058E-4,9.288905E-5,0.0,0.0,0.0,0.005581973,0.0,39.64999,0.0034916839,0.01114912,-15.754428,-16.395052,-16.969526,-17.43683,-18.717184,99.0,99.0,99.0,99.0,99.0,-15.684695,-16.339043,-16.924454,-17.403938,-18.707323,3.3526073,142
116000080,116000092,116000079,116000021,42000000000699,42000000000699,116000000,116000081,-1,2,42,0.9054624,34.684467,2944,16.238726,24.678644,24.91148,31750,1,2,2,22.795105,-51.74438,-115.91243,25,2.1516426,0.030329783,55.235764,58.60516,0.03810654,0.020394899,0.0,0.0,0.0,0.0,4.2575086E-4,9.1944356E-5,0.0,0.0,0.0,0.009423612,0.0,39.64999,0.0034916839,0.01114912,-15.939456,-16.550934,-17.108644,-17.563553,-18.833408,99.0,99.0,99.0,99.0,99.0,-15.871917,-16.49569,-17.06399,-17.531004,-18.8238,3.0033767,414
116000081,116000092,116000080,116000022,41000000000703,41000000000703,116000000,116000082,-1,2,41,0.98870814,31.672167,2944,16.248777,24.722351,24.962734,31750,1,2,2,-88.767586,-135.33234,-86.84374,25,2.1516426,0.030329783,55.235764,58.60516,0.03910242,0.020255422,0.0,0.0,0.0,0.0,4.2944532E-4,9.040003E-5,0.0,0.0,0.0,0.015741779,0.0,39.64999,0.0034916839,0.01114912,-16.13739,-16.708464,-17.244257,-17.685856,-18.93985,99.0,99.0,99.0,99.0,99.0,-16.064674,-16.649868,-17.197063,-17.651394,-18.92952,2.6670282,230
116000082,116000092,116000081,116000023,40000000000694,40000000000694,116000000,116000083,-1,2,40,1.0778745,30.036919,2944,16.275457,24.744291,24.969053,31750,1,2,2,24.698208,67.19861,16.491735,25,2.1516426,0.030329783,55.235764,58.60516,0.040730428,0.020027421,0.0,0.0,0.0,0.0,4.3508783E-4,8.793221E-5,0.0,0.0,0.0,0.025978874,0.0,39.64999,0.0034916839,0.01114912,-16.331638,-16.848227,-17.35387,-17.776556,-18.996286,99.0,99.0,99.0,99.0,99.0,-16.249567,-16.783394,-17.301933,-17.738506,-18.984585,2.347156,911
116000083,116000092,116000082,116000054,39000000000685,39000000000684,116000000,116000084,-1,1,39,1.173417,25.389374,2944,16.271944,24.727547,24.981895,31750,1,2,2,19.4537,33.4354,-23.984175,25,2.1516426,0.030329783,55.235764,58.60516,0.043350156,0.019660532,0.0,0.0,0.0,0.0,4.4317663E-4,8.4102416E-5,0.0,0.0,0.0,0.055897508,0.0,39.64999,0.0034916839,0.01114912,-16.506277,-16.97973,-17.46121,-17.869259,-19.068268,99.0,99.0,99.0,99.0,99.0,-16.44174,-16.92644,-17.418034,-17.837809,-19.059052,2.0481265,782
116000084,116000092,116000083,116000055,37000000003234,37000000003234,116000000,116000085,-1,0,37,1.3857181,1.3770508,2944,16.228514,24.693953,25.029318,31750,1,2,2,57.84729,46.04547,-51.32877,28,1.3770508,0.024266092,49.402058,62.1116,0.054131128,0.018150669,0.0,0.0012346437,0.17232469,0.0,4.6514402E-4,7.0008566E-5,0.0,2.0420412E-6,2.5311334E-4,0.015217915,0.0,39.64999,0.0052649705,0.01114912,-16.587013,-17.111101,-17.615873,-18.035612,-19.268461,99.0,99.0,99.0,99.0,99.0,-16.556181,-17.086704,-17.596436,-18.021488,-19.264267,1.5381083,79
116000085,116000092,116000084,116000056,36000000002519,36000000002519,116000000,116000086,-1,0,36,1.5036365,0.9467224,2944,16.19582,24.682793,25.068386,31750,1,2,2,59.956604,39.895,-58.206932,35,0.9467224,0.020576846,44.482777,54.515797,0.055243943,0.017955517,0.0,0.0011629586,0.19713846,0.0,4.663357E-4,6.834752E-5,0.0,1.9029591E-6,2.8576536E-4,0.018636419,0.0,39.646774,0.0056969323,0.011593692,-16.804985,-17.256716,-17.707445,-18.08659,-19.222664,99.0,99.0,99.0,99.0,99.0,-16.779724,-17.236294,-17.691036,-18.074642,-19.219124,1.2449058,908
116000086,116000092,116000085,116000057,35000000002416,35000000002416,116000000,116000087,-1,0,35,1.6302707,1.3770508,2944,16.16315,24.64939,25.10173,31750,1,2,2,66.99829,37.489376,-55.07553,42,1.3770508,0.022357566,51.467453,53.19304,0.056526203,0.017725654,0.0,0.0026726814,0.21983896,0.0,4.6743746E-4,6.6428845E-5,0.0,3.8071291E-6,3.131519E-4,0.0,0.0,40.236797,0.0077258125,0.014819711,-17.058762,-17.465897,-17.887033,-18.2554,-19.381933,99.0,99.0,99.0,99.0,99.0,-17.045895,-17.455288,-17.878448,-18.249157,-19.380108,0.9626504,815
116000087,116000092,116000086,116000058,34000000003050,34000000003050,116000000,116000088,-1,0,34,1.766336,1.9795104,2944,16.14594,24.62908,25.098936,31750,1,2,2,69.92053,38.59363,-64.10262,32,1.9795104,0.024152493,59.370113,60.19727,0.05553925,0.017725654,0.0,0.0,0.28104433,0.0,4.6603155E-4,6.6428845E-5,0.0,0.0,4.0033658E-4,0.19728173,0.0,0.0,0.0028584083,0.024152493,-17.790726,-18.0329,-18.354074,-18.658146,-19.632307,99.0,99.0,99.0,99.0,99.0,-17.67777,-17.940145,-18.278566,-18.602238,-19.614824,0.6785019,107
116000088,116000092,116000087,116000059,33000000002826,33000000002826,116000000,116000089,-1,0,33,1.9126327,2.840167,2944,16.099127,24.58891,25.14014,31750,1,2,2,69.63881,33.037712,-60.06617,37,2.840167,0.026027964,68.50493,70.868835,0.07145435,0.01549676,0.0,0.0,0.26735818,0.0,4.674705E-4,4.9977356E-5,0.0,0.0,2.9803885E-4,0.49730852,0.0,0.0,0.002436938,0.026027964,-18.207108,-18.372782,-18.642866,-18.91451,-19.804462,99.0,99.0,99.0,99.0,99.0,-17.978903,-18.183422,-18.48671,-18.795351,-19.764172,0.48335978,369
116000089,116000092,116000088,116000060,32000000002555,32000000002555,116000000,116000090,-1,0,32,2.0700274,2.9262328,2944,16.08849,24.5543,25.155603,31750,1,2,2,71.49774,33.103283,-62.640198,41,2.9262328,0.025073376,70.846436,79.67489,0.109669186,0.010144751,0.0,1.9039537E-4,0.2344953,0.0,3.7384027E-4,2.4371218E-5,0.0,1.3237985E-7,1.3559042E-4,0.18116513,0.0,0.0,0.003795017,0.025073376,-17.871233,-17.973639,-18.197065,-18.427126,-19.238884,99.0,99.0,99.0,99.0,99.0,-17.841167,-17.949617,-18.178053,-18.4134,-19.23498,0.4039148,436
116000090,116000092,116000089,116000061,31000000002697,31000000002697,116000000,116000091,-1,0,31,2.2394855,2.4098387,2944,16.024773,24.524977,25.221626,31750,1,2,2,74.02341,32.49384,-59.69011,37,2.4098387,0.02237746,68.05477,70.91609,0.059444577,0.008293094,0.0,1.7190058E-4,0.2130286,0.0,2.9979713E-4,1.8119927E-5,0.0,1.5441286E-7,1.1840707E-4,0.33282775,0.0,0.0,0.002437382,0.02237746,-17.874607,-17.973215,-18.194086,-18.44036,-19.265938,99.0,99.0,99.0,99.0,99.0,-17.796549,-17.91016,-18.143745,-18.403929,-19.255426,0.2324707,81
116000091,116000092,116000090,116000062,30000000003125,30000000003125,116000000,116000092,-1,0,30,2.422044,2.065576,2944,16.005156,24.529295,25.227694,31750,1,2,2,66.47183,24.637938,-55.657593,29,2.065576,0.02020584,66.305885,64.313156,0.082443625,0.005072096,0.0,0.0,0.14755738,0.0,2.1820486E-4,6.1412393E-6,0.0,0.0,4.2606294E-5,0.54127157,0.0,0.0,0.0014207811,0.02020584,-18.322197,-18.274178,-18.393446,-18.510088,-19.05381,99.0,99.0,99.0,99.0,99.0,-18.141912,-18.130869,-18.280867,-18.428644,-19.030607,0.066338174,122
116000092,116000092,116000091,116000063,29000000003382,29000000003382,116000000,-1,-1,0,29,2.6188614,0.6885254,2944,15.968233,24.522253,25.279594,31750,1,2,2,71.73076,32.6667,-58.605648,26,0.6885254,0.013295841,47.192394,57.276,0.025631916,1.2618669E-4,0.0,0.0052685877,0.012591929,0.0,6.5176573E-6,1.40378456E-8,0.0,4.5040746E-8,6.466828E-8,0.014667806,0.0,40.718296,0.0022510705,0.012207168,-14.390797,-14.262592,-14.30559,-14.321092,-14.391568,99.0,99.0,99.0,99.0,99.0,-14.39019,-14.262076,-14.305151,-14.32074,-14.391413,0.041948117,787
116000093,116000130,-1,116000000,63000000000579,63000000000579,116000000,116000094,-1,2,63,0.0,49.659893,2944,17.161337,24.483398,23.853306,31747,1,2,2,216.65854,135.70769,-138.12938,33,2.840168,0.041518155,54.24041,79.37495,0.067862794,0.066913374,0.0,0.0,0.0,0.0,9.4450405E-4,4.592387E-4,0.0,0.0,0.0,0.002271308,0.0,40.863003,0.0065075555,0.028102897,-15.919747,-16.707834,-17.380964,-17.942673,-19.358488,99.0,99.0,99.0,99.0,99.0,-15.882311,-16.677813,-17.356892,-17.925217,-19.353384,8.528328,450
116000094,116000130,116000093,116000001,62000000000581,62000000000581,116000000,116000095,-1,2,62,0.019932542,50.606613,2944,17.114187,24.466417,23.87681,31747,1,2,2,252.91711,38.278236,-98.59421,33,2.840168,0.041518155,54.24041,79.37495,0.06804057,0.06688847,0.0,0.0,0.0,0.0,9.456661E-4,4.5889246E-4,0.0,0.0,0.0,0.0027916739,0.0,40.863003,0.0065075555,0.028102897,-15.963562,-16.744555,-17.413506,-17.971645,-19.38365,99.0,99.0,99.0,99.0,99.0,-15.927638,-16.715158,-17.389772,-17.95439,-19.378601,8.268022,933
116000095,116000130,116000094,116000002,61000000000594,61000000000594,116000000,116000096,-1,2,61,0.041403063,51.725468,2944,17.057148,24.460617,23.89353,31747,1,2,2,274.5269,27.076956,-66.06161,33,2.840168,0.041518155,54.24041,79.37495,0.068269365,0.06685643,0.0,0.0,0.0,0.0,9.4715715E-4,4.5844752E-4,0.0,0.0,0.0,0.003463508,0.0,40.863003,0.0065075555,0.028102897,-16.011713,-16.784355,-17.44839,-18.002325,-19.409832,99.0,99.0,99.0,99.0,99.0,-15.975037,-16.754581,-17.42441,-17.9849,-19.404726,7.99606,923
116000096,116000130,116000095,116000003,60000000000582,60000000000582,116000000,116000097,-1,2,60,0.064493395,51.12301,2944,16.997099,24.453537,23.911402,31747,1,2,2,260.08948,28.497303,-101.35598,33,2.840168,0.041518155,54.24041,79.37495,0.06856557,0.06681496,0.0,0.0,0.0,0.0,9.4907876E-4,4.578727E-4,0.0,0.0,0.0,0.004335883,0.0,40.863003,0.0065075555,0.028102897,-16.06392,-16.826544,-17.484777,-18.033985,-19.436472,99.0,99.0,99.0,99.0,99.0,-16.025778,-16.796055,-17.46033,-18.016233,-19.431252,7.713076,166
116000097,116000130,116000096,116000004,59000000000695,59000000000695,116000000,116000098,-1,2,59,0.08928783,52.67219,2944,16.938898,24.45371,23.938965,31747,1,2,2,218.05772,-41.69944,-118.51618,33,2.840168,0.041518155,54.24041,79.37495,0.06895117,0.06676096,0.0,0.0,0.0,0.0,9.51566E-4,4.5712644E-4,0.0,0.0,0.0,0.0054748855,0.0,40.863003,0.0065075555,0.028102897,-16.12216,-16.873726,-17.525906,-18.070705,-19.46949,99.0,99.0,99.0,99.0,99.0,-16.090452,-16.847893,-17.50507,-18.055553,-19.465046,7.4198833,252
116000098,116000130,116000097,116000005,58000000000667,58000000000667,116000000,116000099,-1,2,58,0.11588337,51.46727,2944,16.890532,24.472305,23.966494,31747,1,2,2,160.52037,-83.7328,-96.03192,33,2.840168,0.041518155,54.24041,79.37495,0.06945583,0.06669029,0.0,0.0,0.0,0.0,9.547976E-4,4.56153E-4,0.0,0.0,0.0,0.0069697285,0.0,40.863003,0.0065075555,0.028102897,-16.188435,-16.928015,-17.573805,-18.114077,-19.50953,99.0,99.0,99.0,99.0,99.0,-16.154776,-16.901196,-17.5523,-18.098442,-19.504902,7.117315,531
116000099,116000130,116000098,116000006,57000000000697,57000000000697,116000000,116000100,-1,2,57,0.14438343,51.209076,2944,16.845837,24.489697,23.995605,31747,1,2,2,180.01596,-39.79405,-119.86351,33,2.840168,0.041518155,54.24041,79.37495,0.07011971,0.0665973,0.0,0.0,0.0,0.0,9.590078E-4,4.5487832E-4,0.0,0.0,0.0,0.008940925,0.0,40.863003,0.0065075555,0.028102897,-16.26242,-16.988405,-17.627012,-18.162148,-19.553633,99.0,99.0,99.0,99.0,99.0,-16.22767,-16.960941,-17.605019,-18.146141,-19.548859,6.8064275,37
116000100,116000130,116000099,116000007,56000000000682,56000000000682,116000000,116000101,-1,2,56,0.17489761,49.143497,2944,16.79367,24.504072,24.032743,31747,1,2,2,176.7159,-72.723076,-136.58643,33,2.840168,0.041518155,54.24041,79.37495,0.070996925,0.066474445,0.0,0.0,0.0,0.0,9.6450053E-4,4.5320395E-4,0.0,0.0,0.0,0.011551552,0.0,40.863003,0.0065075555,0.028102897,-16.345964,-17.056822,-17.687576,-18.217237,-19.605062,99.0,99.0,99.0,99.0,99.0,-16.311398,-17.029274,-17.665455,-18.201124,-19.60026,6.4884634,358
116000101,116000130,116000100,116000008,55000000000697,55000000000697,116000000,116000102,-1,2,55,0.20754863,48.196777,2944,16.748743,24.531897,24.070137,31747,1,2,2,131.554,-107.43094,-114.224556,33,2.840168,0.041518155,54.24041,79.37495,0.07216094,0.06631142,0.0,0.0,0.0,0.0,9.716664E-4,4.5099965E-4,0.0,0.0,0.0,0.015022402,0.0,40.863003,0.0065075555,0.028102897,-16.444262,-17.139212,-17.76175,-18.285418,-19.668953,99.0,99.0,99.0,99.0,99.0,-16.408281,-17.110764,-17.738932,-18.268772,-19.663942,6.1648226,142
116000102,116000130,116000101,116000009,54000000000653,54000000000653,116000000,116000103,-1,2,54,0.24246909,42.688572,2944,16.705812,24.559544,24.116907,31747,1,2,2,133.48877,-77.31597,-173.07199,33,2.840168,0.041518155,54.24041,79.37495,0.07371101,0.066094324,0.0,0.0,0.0,0.0,9.809956E-4,4.4809442E-4,0.0,0.0,0.0,0.019651828,0.0,40.863003,0.0065075555,0.028102897,-16.550297,-17.224081,-17.834854,-18.34945,-19.723942,99.0,99.0,99.0,99.0,99.0,-16.515799,-17.196125,-17.812311,-18.333025,-19.719078,5.8371778,692
116000103,116000130,116000102,116000010,53000000000670,53000000000670,116000000,116000104,-1,2,53,0.2798018,40.622997,2944,16.669712,24.589607,24.176008,31747,1,2,2,84.717026,-107.943085,-170.35674,33,2.840168,0.041518155,54.24041,79.37495,0.075781226,0.06580439,0.0,0.0,0.0,0.0,9.930837E-4,4.4426697E-4,0.0,0.0,0.0,0.02584237,0.0,40.863003,0.0065075555,0.028102897,-16.668873,-17.318771,-17.916311,-18.420938,-19.78623,99.0,99.0,99.0,99.0,99.0,-16.632845,-17.28974,-17.892931,-18.403896,-19.781157,5.50752,266
116000104,116000130,116000103,116000011,52000000000638,52000000000638,116000000,116000105,-1,2,52,0.31970343,39.332012,2944,16.640295,24.62034,24.233385,31747,1,2,2,73.80468,-52.40169,-157.85844,33,2.840168,0.041518155,54.24041,79.37495,0.078552425,0.0654163,0.0,0.0,0.0,0.0,0.0010086172,4.392352E-4,0.0,0.0,0.0,0.034135338,0.0,40.863003,0.0065075555,0.028102897,-16.79868,-17.42103,-18.003448,-18.497496,-19.853127,99.0,99.0,99.0,99.0,99.0,-16.756948,-17.38867,-17.977623,-18.478603,-19.847305,5.178149,587
116000105,116000130,116000104,116000012,51000000000652,51000000000652,116000000,116000106,-1,2,51,0.36234027,39.073814,2944,16.624348,24.632078,24.295792,31747,1,2,2,14.123259,-66.36398,-185.42558,33,2.840168,0.041518155,54.24041,79.37495,0.08226715,0.06489606,0.0,0.0,0.0,0.0,0.0010283191,4.3264887E-4,0.0,0.0,0.0,0.045256253,0.0,40.863003,0.0065075555,0.028102897,-16.940762,-17.531267,-18.096045,-18.578173,-19.922722,99.0,99.0,99.0,99.0,99.0,-16.895433,-17.49794,-18.069822,-18.558868,-19.916426,4.8518467,583
116000106,116000130,116000105,116000013,50000000000693,50000000000693,116000000,116000107,-1,2,50,0.40789944,42.51644,2944,16.623503,24.671787,24.364403,31747,1,2,2,-2.7769368,-92.619576,-179.70248,33,2.840168,0.041518155,54.24041,79.37495,0.08725028,0.06419818,0.0,0.0,0.0,0.0,0.001052826,4.2408568E-4,0.0,0.0,0.0,0.06017179,0.0,40.863003,0.0065075555,0.028102897,-17.101171,-17.658411,-18.20425,-18.672997,-20.003778,99.0,99.0,99.0,99.0,99.0,-17.049116,-17.620728,-18.174765,-18.651232,-19.996504,4.5318804,181
116000107,116000130,116000106,116000014,49000000000656,49000000000656,116000000,116000108,-1,2,49,0.45657724,43.032837,2944,16.639252,24.68342,24.434246,31751,1,2,2,-99.01707,-4.525283,-147.81598,33,2.840168,0.041518155,54.24041,79.37495,0.09393282,0.0632623,0.0,0.0,0.0,0.0,0.0010824335,4.1306266E-4,0.0,0.0,0.0,0.08016135,0.0,40.863003,0.0065075555,0.028102897,-17.276964,-17.795586,-18.319366,-18.774963,-20.095808,99.0,99.0,99.0,99.0,99.0,-17.22059,-17.754543,-18.287271,-18.751295,-20.087915,4.2222347,567
116000108,116000130,116000107,116000015,48000000000651,48000000000651,116000000,116000109,-1,2,48,0.5085914,42.51644,2944,16.688377,24.688044,24.505793,31751,1,2,2,-58.58909,2.6744273,-230.9814,33,2.840168,0.041518155,54.24041,79.37495,0.10288407,0.062008675,0.0,0.0,0.0,0.0,0.0011166681,3.99064E-4,0.0,0.0,0.0,0.10690538,0.0,40.863003,0.0065075555,0.028102897,-17.450178,-17.916353,-18.40569,-18.837303,-20.1142,99.0,99.0,99.0,99.0,99.0,-17.403334,-17.880905,-18.3777,-18.816755,-20.107578,3.92778,148
116000109,116000130,116000108,116000064,47000000000676,47000000000675,116000000,116000110,-1,1,47,0.5641766,41.913982,2944,16.703772,24.648186,24.598639,31751,1,2,2,-18.524303,125.799225,-172.3302,33,2.840168,0.041518155,54.24041,79.37495,0.114848286,0.06033309,0.0,0.0,0.0,0.0,0.0011535807,3.8160232E-4,0.0,0.0,0.0,0.14259025,0.0,40.863003,0.0065075555,0.028102897,-17.649515,-18.059662,-18.515102,-18.926674,-20.179796,99.0,99.0,99.0,99.0,99.0,-17.593203,-18.01843,-18.48295,-18.90293,-20.171663,3.6547053,493
116000110,116000130,116000109,116000065,46000000000692,46000000000691,116000000,116000111,-1,1,46,0.6235901,35.975452,2944,16.699194,24.597145,24.676912,31751,1,2,2,32.698162,121.70802,-163.06215,38,3.2704966,0.04259547,57.4639,78.20527,0.13078983,0.058100495,0.0,0.0,0.0,0.0,0.0011886903,3.6032088E-4,0.0,0.0,0.0,0.37036908,0.0,40.863003,0.004729087,0.028102897,-18.0461,-18.34363,-18.736395,-19.109922,-20.298897,99.0,99.0,99.0,99.0,99.0,-17.926546,-18.254313,-18.666445,-19.057827,-20.280037,3.4112787,171
116000111,116000130,116000110,116000066,45000000001757,45000000001757,116000000,116000112,-1,0,45,0.6871088,5.594269,2944,16.67501,24.540144,24.747185,31751,1,2,2,50.60664,111.65854,-153.03882,72,5.594269,0.049778763,69.52157,74.93007,0.17201585,0.052326825,0.0,0.013103658,0.44900748,0.0,0.0012176814,3.1420428E-4,0.0,3.828965E-5,0.0011838659,0.13605672,0.0,40.863003,0.009135767,0.028102897,-17.526834,-17.927036,-18.375633,-18.780178,-20.008364,99.0,99.0,99.0,99.0,99.0,-17.505362,-17.911041,-18.363266,-18.77123,-20.005535,3.3909245,924
116000112,116000130,116000111,116000067,44000000001969,44000000001969,116000000,116000113,-1,0,44,0.75503564,5.508203,2944,16.650341,24.480398,24.819462,31751,1,2,2,64.04675,105.53134,-143.31903,71,5.508203,0.048307054,70.02767,92.73152,0.18616167,0.05022226,0.0,0.0011831576,0.44097057,0.0,0.0012065913,2.999653E-4,0.0,2.8828947E-6,0.001133835,0.22369452,0.0,39.04885,0.008365051,0.006557193,-17.740107,-18.089512,-18.511583,-18.902441,-20.119371,99.0,99.0,99.0,99.0,99.0,-17.722534,-18.07544,-18.500343,-18.894272,-20.11692,3.1531694,856
116000113,116000130,116000112,116000068,43000000001932,43000000001932,116000000,116000114,-1,0,43,0.8276991,5.2500057,2944,16.611471,24.433474,24.894754,31751,1,2,2,73.76591,99.318146,-138.57547,72,5.2500057,0.046289947,69.84036,82.29952,0.21058984,0.046800707,0.0,0.0,0.3858317,0.0,0.0011739477,2.794499E-4,0.0,0.0,0.0010097956,0.15577722,0.0,43.448566,0.00791528,0.047354344,-17.677567,-18.023748,-18.443626,-18.827282,-20.021862,99.0,99.0,99.0,99.0,99.0,-17.629574,-17.989721,-18.418102,-18.808737,-20.015583,3.0020316,571
116000114,116000130,116000113,116000069,42000000002059,42000000002059,116000000,116000115,-1,0,42,0.9054624,4.6475463,2944,16.576868,24.402428,24.96843,31748,1,2,2,81.45124,92.22219,-135.42085,66,4.6475463,0.043197792,68.02226,84.1859,0.12775609,0.044452637,0.0,0.025201276,0.35582015,0.0,9.841311E-4,2.6423254E-4,0.0,6.728948E-5,0.0010239577,0.057740435,0.0,41.385906,0.007532014,0.038940854,-17.368116,-17.800364,-18.262672,-18.673927,-19.92307,99.0,99.0,99.0,99.0,99.0,-17.34046,-17.77984,-18.246796,-18.662436,-19.919476,2.78981,262
116000115,116000130,116000114,116000070,41000000002132,41000000002132,116000000,116000116,-1,0,41,0.98870814,4.4754148,2944,16.534817,24.366081,25.042536,31748,1,2,2,84.54408,86.604126,-133.0518,61,4.4754148,0.041380666,68.20055,77.921906,0.09638791,0.04359805,0.0,0.0,0.39229208,0.0,8.988831E-4,2.5775025E-4,0.0,0.0,0.001137999,0.33586985,0.0,0.0,0.0038947756,0.041380666,-17.892387,-18.195217,-18.590319,-18.960785,-20.133612,99.0,99.0,99.0,99.0,99.0,-17.805946,-18.12662,-18.535315,-18.920195,-20.120596,2.4864814,320
116000116,116000130,116000115,116000071,40000000002074,40000000002074,116000000,116000117,-1,0,40,1.0778745,4.131152,2944,16.501106,24.323492,25.110872,31748,1,2,2,85.90049,81.16004,-131.96603,63,4.131152,0.03900998,67.48662,82.806335,0.13069895,0.038733352,0.0,0.017078735,0.2977711,0.0,9.2610245E-4,2.1842791E-4,0.0,4.018683E-5,8.5387856E-4,0.08623313,0.0,41.186813,0.0072717424,0.030944057,-17.343885,-17.76279,-18.219936,-18.622686,-19.846413,99.0,99.0,99.0,99.0,99.0,-17.305435,-17.73555,-18.199411,-18.607855,-19.841656,2.4267917,312
116000117,116000130,116000116,116000072,39000000002108,39000000002108,116000000,116000118,-1,0,39,1.173417,3.8729553,2944,16.452274,24.278574,25.174702,31748,1,2,2,88.74922,78.7692,-134.85199,61,3.8729553,0.03689437,67.19101,81.37142,0.10877022,0.03751551,0.0,0.0,0.30395874,0.0,8.587035E-4,2.0976465E-4,0.0,0.0,9.06031E-4,0.16346821,0.0,0.0,0.0056382623,0.03689437,-17.515072,-17.897615,-18.333288,-18.722372,-19.923069,99.0,99.0,99.0,99.0,99.0,-17.48202,-17.871483,-18.312525,-18.70727,-19.918514,2.1616838,257
116000118,116000130,116000117,116000073,38000000002023,38000000002023,116000000,116000119,-1,0,38,1.2758462,3.7868896,2944,16.399422,24.23536,25.255009,31748,1,2,2,90.21427,77.167946,-127.70773,63,3.7868896,0.03531782,67.90697,75.64027,0.124779835,0.03527226,0.0,0.0013731474,0.2822165,0.0,8.5908826E-4,1.9327087E-4,0.0,3.7405675E-6,8.0033345E-4,0.09044588,0.0,39.473785,0.0064190654,0.007897061,-17.425734,-17.829895,-18.273996,-18.66191,-19.85207,99.0,99.0,99.0,99.0,99.0,-17.397034,-17.807812,-18.256693,-18.649359,-19.848291,1.9582493,888
116000119,116000130,116000118,116000074,37000000002152,37000000002152,116000000,116000120,-1,0,37,1.3857181,3.6147583,2944,16.336212,24.18112,25.310455,31748,1,2,2,91.97554,74.8388,-123.49058,58,3.6147583,0.033474155,68.14826,71.28442,0.09034678,0.034070373,0.0,0.00981853,0.28944623,0.0,7.3840824E-4,1.8466207E-4,0.0,4.4359374E-5,8.2574645E-4,0.08430387,0.0,41.09178,0.005454826,0.028602598,-17.389277,-17.81969,-18.27203,-18.663795,-19.862383,99.0,99.0,99.0,99.0,99.0,-17.345604,-17.786598,-18.246157,-18.644941,-19.856571,1.7034482,461
116000120,116000130,116000119,116000075,36000000002272,36000000002272,116000000,116000121,-1,0,36,1.5036365,3.7008238,2951,16.285177,24.147554,25.393,31776,1,2,2,91.883865,73.3599,-122.45279,53,3.7008238,0.032414354,70.07296,83.49689,0.09481359,0.032989293,0.0,0.008315413,0.3088694,0.0,7.2956644E-4,1.7610237E-4,0.0,2.4880857E-5,8.0572756E-4,0.13024226,0.0,40.92686,0.004957323,0.021984987,-17.664862,-18.04545,-18.472193,-18.853523,-20.0527,99.0,99.0,99.0,99.0,99.0,-17.62779,-18.015928,-18.448666,-18.836405,-20.047619,1.4458644,797
116000121,116000130,116000120,116000076,35000000002419,35000000002419,116000000,116000122,-1,0,35,1.6302707,3.6147583,2951,16.231222,24.100584,25.479788,31776,1,2,2,90.087715,71.92683,-122.17477,49,3.6147583,0.030841414,70.9974,78.493576,0.08640353,0.031382855,0.0,0.009768707,0.31171733,0.0,6.789956E-4,1.6417375E-4,0.0,2.2131424E-5,7.864275E-4,0.262292,0.0,41.02171,0.0037890614,0.021351583,-17.925554,-18.253025,-18.643747,-18.995909,-20.118923,99.0,99.0,99.0,99.0,99.0,-17.837769,-18.184484,-18.589375,-18.955698,-20.106237,1.216264,233
116000122,116000130,116000121,116000077,34000000002178,34000000002178,116000000,116000123,-1,0,34,1.766336,3.2704954,2951,16.167614,24.054024,25.541046,31776,1,2,2,89.31371,70.97897,-119.78619,53,3.2704954,0.028552702,70.186424,77.44524,0.108086765,0.028281663,0.0,7.545264E-4,0.25537783,0.0,6.708517E-4,1.4255922E-4,0.0,2.093159E-6,6.7300425E-4,0.056942042,0.0,43.0625,0.005263022,0.029491974,-17.712315,-18.059244,-18.448063,-18.793434,-19.896683,99.0,99.0,99.0,99.0,99.0,-17.68459,-18.037146,-18.430475,-18.780655,-19.892946,1.0486561,934
116000123,116000130,116000122,116000078,33000000002415,33000000002415,116000000,116000124,-1,0,33,1.9126327,3.098364,2951,16.130838,24.024788,25.626183,31776,1,2,2,84.203926,69.6307,-124.201805,46,3.098364,0.026793929,70.52093,80.521706,0.044485588,0.02763833,0.0,0.007388397,0.29390228,0.0,5.1279244E-4,1.3822711E-4,0.0,2.2961021E-5,7.8066846E-4,0.17996235,0.0,40.973087,0.002156533,0.020002337,-18.045683,-18.32488,-18.676779,-19.006346,-20.082485,99.0,99.0,99.0,99.0,99.0,-17.866821,-18.179544,-18.559431,-18.920275,-20.056461,0.7998282,841
116000124,116000130,116000123,116000079,32000000002453,32000000002453,116000000,116000125,-1,0,32,2.0700274,2.9262328,2951,16.080795,23.996658,25.657066,31776,1,2,2,79.28732,63.357666,-123.80069,43,2.9262328,0.025073376,70.846436,75.490845,0.04562251,0.025701586,0.0,0.0,0.28317553,0.0,5.329315E-4,1.1655929E-4,0.0,-3.3881318E-21,7.0322456E-4,0.62070364,0.0,0.0,0.0015597199,0.025073376,-18.494137,-18.676382,-18.966743,-19.25644,-20.226091,99.0,99.0,99.0,99.0,99.0,-18.008627,-18.269821,-18.624369,-18.989563,-20.123287,0.59203523,355
116000125,116000130,116000124,116000080,31000000002315,31000000002315,116000000,116000126,-1,0,31,2.2394855,1.3770508,2951,16.062937,23.980865,25.769974,31776,1,2,2,79.05246,56.75947,-118.19383,44,1.3770508,0.01856941,56.473656,67.95388,0.090921655,0.019357482,0.0,0.0,0.23674095,0.0,6.056963E-4,6.1015406E-5,0.0,0.0,3.5210323E-4,0.7124465,0.0,0.0,0.00220855,0.01856941,-18.540731,-18.664816,-18.908342,-19.162462,-20.037039,99.0,99.0,99.0,99.0,99.0,-18.2871,-18.46398,-18.74931,-19.045807,-20.001978,0.4933203,792
116000126,116000130,116000125,116000081,30000000002787,30000000002787,116000000,116000127,-1,0,30,2.422044,2.840167,2951,16.00767,23.921597,25.791431,31776,1,2,2,72.7317,55.12922,-107.20941,34,2.840167,0.022468694,73.73148,72.955666,0.124645345,0.012462656,0.0,0.02462248,0.19700454,0.0,4.7299772E-4,2.732715E-5,0.0,1.5240975E-5,1.403635E-4,0.21356757,0.0,41.72356,0.004795031,0.01895659,-17.840336,-17.969732,-18.21292,-18.461716,-19.315573,99.0,99.0,99.0,99.0,99.0,-17.827007,-17.958828,-18.20414,-18.455349,-19.313725,0.46348014,998
116000127,116000130,116000126,116000082,29000000002591,29000000002591,116000000,116000128,-1,0,29,2.6188614,2.2377074,2951,15.952793,23.859756,25.838114,31776,1,2,2,72.62088,54.688534,-100.662315,35,2.2377074,0.019694438,69.90364,73.46746,0.0929732,0.010511168,0.0,0.0,0.16736686,0.0,4.0308287E-4,2.0042657E-5,0.0,0.0,1.3009392E-4,0.18937196,0.0,0.0,0.0044675847,0.019694438,-17.77549,-17.906174,-18.14637,-18.407976,-19.258806,99.0,99.0,99.0,99.0,99.0,-17.755157,-17.890373,-18.13406,-18.399263,-19.256382,0.3133896,450
116000128,116000130,116000127,116000083,28000000003278,28000000003278,116000000,116000129,-1,0,28,2.8311827,2.1516418,2951,15.909192,23.853016,25.889402,31776,1,2,2,72.805954,53.301758,-83.27718,25,2.1516418,0.018419007,70.8797,84.93609,0.10460597,0.008882007,0.0,0.0,0.1525435,0.0,3.6281088E-4,1.3735162E-5,0.0,0.0,9.0928035E-5,0.8088015,0.0,0.0,0.0025094002,0.018419007,-18.398796,-18.421993,-18.597223,-18.794657,-19.520334,99.0,99.0,99.0,99.0,99.0,-18.35596,-18.387543,-18.56987,-18.774961,-19.514738,0.14422338,282
116000129,116000130,116000128,116000084,27000000002618,27000000002618,116000000,116000130,-1,0,27,3.060419,1.9795104,2951,15.857282,23.80747,25.939718,31776,1,2,2,69.328445,50.131737,-90.744385,30,1.9795104,0.016948657,70.87307,75.439064,0.15126187,0.002347883,0.0,0.0,0.093770675,0.0,1.1614938E-4,8.7983176E-7,0.0,0.0,6.5435825E-6,0.2629069,0.0,0.0,0.0030001102,0.016948657,-17.815437,-17.731762,-17.824387,-17.900568,-18.170042,99.0,99.0,99.0,99.0,99.0,-17.802736,-17.72097,-17.815226,-17.893127,-18.166756,0.058639213,158
116000130,116000130,116000129,116000085,26000000003023,26000000003023,116000000,-1,-1,0,26,3.3080978,0.6885254,2951,15.827887,23.780468,26.016645,31776,1,2,2,68.51623,49.54517,-85.90841,24,0.6885254,0.01126044,51.280502,60.732773,0.02823759,3.585497E-4,0.0,0.0,0.028298093,0.0,1.8015737E-5,1.1213418E-7,0.0,0.0,7.431651E-7,0.05071999,0.0,0.0,0.0016441313,0.01126044,-15.760938,-15.718306,-15.84489,-15.949242,-16.25414,99.0,99.0,99.0,99.0,99.0,-15.755189,-15.71325,-15.840474,-15.945547,-16.252367,0.04447106,484
116000131,116000162,-1,116000000,63000000000579,63000000000579,116000000,116000132,-1,2,63,0.0,49.659893,2944,17.183167,24.514124,24.013887,31747,1,2,2,136.33324,-61.75046,-108.78524,31,2.6680367,0.045359313,50.295906,57.66153,0.03101938,0.023419261,0.0,0.0,0.0,0.0,4.1487167E-4,1.1747511E-4,0.0,0.0,0.0,0.0,0.0,0.0,0.004313777,0.042955592,-15.0040245,-15.774818,-16.429956,-16.96229,-18.302359,99.0,99.0,99.0,99.0,99.0,-14.966937,-15.744216,-16.40518,-16.944258,-18.297081,6.9470415,82
116000132,116000162,116000131,116000001,62000000000581,62000000000581,116000000,116000133,-1,2,62,0.019932542,50.606613,2944,17.154362,24.524557,24.034655,31747,1,2,2,153.14603,-43.044147,-100.235435,31,2.6680367,0.045359313,50.295906,57.66153,0.03101938,0.023419261,0.0,0.0,0.0,0.0,4.1487167E-4,1.1747511E-4,0.0,0.0,0.0,0.0,0.0,0.0,0.004313777,0.042955592,-15.045064,-15.812114,-16.463732,-16.992052,-18.32762,99.0,99.0,99.0,99.0,99.0,-15.007977,-15.781511,-16.438955,-16.97402,-18.322344,6.6836104,739
116000133,116000162,116000132,116000002,61000000000594,61000000000594,116000000,116000134,-1,2,61,0.041403063,51.725468,2944,17.12095,24.53203,24.054914,31747,1,2,2,162.1608,-28.61071,-92.661804,31,2.6680367,0.045359313,50.295906,57.66153,0.03101938,0.023419261,0.0,0.0,0.0,0.0,4.1487167E-4,1.1747511E-4,0.0,0.0,0.0,0.0,0.0,0.0,0.004313777,0.042955592,-15.086999,-15.848037,-16.4945,-17.017069,-18.344995,99.0,99.0,99.0,99.0,99.0,-15.0499115,-15.817434,-16.469723,-16.999035,-18.339718,6.4077544,414
116000134,116000162,116000133,116000003,60000000000582,60000000000582,116000000,116000135,-1,2,60,0.064493395,51.12301,2944,17.08331,24.537724,24.074991,31747,1,2,2,171.6738,-22.466452,-84.81565,31,2.6680367,0.045359313,50.295906,57.66153,0.03101938,0.023419261,0.0,0.0,0.0,0.0,4.1487167E-4,1.1747511E-4,0.0,0.0,0.0,0.0,0.0,0.0,0.004313777,0.042955592,-15.133756,-15.888055,-16.529102,-17.046244,-18.36804,99.0,99.0,99.0,99.0,99.0,-15.096668,-15.857452,-16.504326,-17.028212,-18.362764,6.119903,174
116000135,116000162,116000134,116000004,59000000000695,59000000000695,116000000,116000136,-1,2,59,0.08928783,52.67219,2944,17.040041,24.542723,24.091515,31747,1,2,2,187.78885,-23.293272,-43.64457,31,2.6680367,0.045359313,50.295906,57.66153,0.03101938,0.023419261,0.0,0.0,0.0,0.0,4.1487167E-4,1.1747511E-4,0.0,0.0,0.0,0.0,0.0,0.0,0.004313777,0.042955592,-15.186765,-15.933775,-16.569368,-17.081818,-18.3999,99.0,99.0,99.0,99.0,99.0,-15.149677,-15.9031725,-16.544592,-17.063786,-18.394623,5.8205853,94
116000136,116000162,116000135,116000005,58000000000667,58000000000667,116000000,116000137,-1,2,58,0.11588337,51.46727,2944,16.990866,24.553053,24.091742,31747,1,2,2,191.55467,-64.19205,45.651413,31,2.6680367,0.045359313,50.295906,57.66153,0.03101938,0.023419261,0.0,0.0,0.0,0.0,4.1487167E-4,1.1747511E-4,0.0,0.0,0.0,0.0,0.0,0.0,0.004313777,0.042955592,-15.249638,-15.989338,-16.619648,-17.127659,-18.443941,99.0,99.0,99.0,99.0,99.0,-15.21255,-15.958736,-16.594872,-17.109627,-18.438663,5.5103326,382
116000137,116000162,116000136,116000006,57000000000697,57000000000697,116000000,116000138,-1,2,57,0.14438343,51.209076,2944,16.947012,24.573717,24.066374,31747,1,2,2,116.77204,-63.308704,142.12141,31,2.6680367,0.045359313,50.295906,57.66153,0.03101938,0.023419261,0.0,0.0,0.0,0.0,4.1487167E-4,1.1747511E-4,0.0,0.0,0.0,0.0,0.0,0.0,0.004313777,0.042955592,-15.326907,-16.058365,-16.68299,-17.18642,-18.502733,99.0,99.0,99.0,99.0,99.0,-15.28982,-16.027761,-16.658213,-17.168388,-18.497456,5.189745,780
116000138,116000162,116000137,116000007,56000000000682,56000000000682,116000000,116000139,-1,2,56,0.17489761,49.143497,2944,16.931425,24.57656,24.029078,31747,1,2,2,10.452385,36.796978,90.429436,31,2.6680367,0.045359313,50.295906,57.66153,0.03101938,0.023419261,0.0,0.0,0.0,0.0,4.1487167E-4,1.1747511E-4,0.0,0.0,0.0,0.0,0.0,0.0,0.004313777,0.042955592,-15.433935,-16.156647,-16.776327,-17.277838,-18.604622,99.0,99.0,99.0,99.0,99.0,-15.396848,-16.126043,-16.75155,-17.259806,-18.599344,4.859514,921
116000139,116000162,116000138,116000008,55000000000697,55000000000697,116000000,116000140,-1,2,55,0.20754863,48.196777,2944,16.929802,24.555655,24.019142,31747,1,2,2,12.490093,80.22069,4.197161,31,2.6680367,0.045359313,50.295906,57.66153,0.03101938,0.023419261,0.0,0.0,0.0,0.0,4.1487167E-4,1.1747511E-4,0.0,0.0,0.0,0.0,0.0,0.0,0.004313777,0.042955592,-15.566209,-16.269392,-16.877398,-17.371893,-18.695107,99.0,99.0,99.0,99.0,99.0,-15.529121,-16.23879,-16.852621,-17.35386,-18.689829,4.5203605,448
116000140,116000162,116000139,116000086,54000000000654,54000000000653,116000000,116000141,-1,1,54,0.24246909,42.688572,2944,16.918205,24.546127,24.023123,31747,1,2,2,10.846811,31.759655,-26.711285,31,2.6680367,0.045359313,50.295906,57.66153,0.03101938,0.023419261,0.0,0.0,0.0,0.0,4.1487167E-4,1.1747511E-4,0.0,0.0,0.0,0.0,0.0,0.0,0.004313777,0.042955592,-15.746373,-16.404987,-16.98742,-17.464752,-18.765743,99.0,99.0,99.0,99.0,99.0,-15.709286,-16.374386,-16.962643,-17.446718,-18.760468,4.173068,679
116000141,116000162,116000140,116000087,53000000000671,53000000000670,116000000,116000142,-1,1,53,0.2798018,40.622997,2944,16.921732,24.539248,24.03248,31747,1,2,2,14.343398,25.435358,-53.17398,33,2.840168,0.04576846,51.66053,57.531963,0.03101938,0.023419261,0.0,0.0,0.0,0.0,4.1487167E-4,1.1747511E-4,0.0,0.0,0.0,0.04041231,0.0,0.0,0.0026737922,0.042955592,-16.207125,-16.718292,-17.242075,-17.691113,-18.965645,99.0,99.0,99.0,99.0,99.0,-16.100668,-16.633057,-17.17334,-17.64061,-18.950056,3.8184993,915
116000142,116000162,116000141,116000088,52000000000639,52000000000638,116000000,116000143,-1,1,52,0.31970343,39.332012,2944,16.920494,24.527327,24.05659,31747,1,2,2,17.142311,22.03452,-67.39221,35,3.0122995,0.046073418,53.026608,61.481964,0.035353,0.02281234,0.0,0.0,0.0,0.0,4.3883664E-4,1.09671026E-4,0.0,0.0,0.0,0.04214469,0.0,0.0,0.0029631017,0.042955592,-16.213455,-16.731487,-17.256783,-17.701937,-18.963165,99.0,99.0,99.0,99.0,99.0,-16.126762,-16.662521,-17.201351,-17.661278,-18.950624,3.5538514,476
116000143,116000162,116000142,116000089,51000000000653,51000000000652,116000000,116000144,-1,1,51,0.36234027,39.073814,2944,16.911081,24.51674,24.086222,31747,1,2,2,20.489532,19.870436,-77.750916,37,3.1844308,0.046274554,54.40199,58.19088,0.039939333,0.022170026,0.0,0.0,0.0,0.0,4.5993747E-4,1.0200676E-4,0.0,0.0,0.0,0.0,0.0,0.0,0.0042362576,0.042955592,-15.92143,-16.570553,-17.14066,-17.600227,-18.877337,99.0,99.0,99.0,99.0,99.0,-15.8787985,-16.53537,-17.112171,-17.57949,-18.871267,3.284701,280
116000144,116000162,116000143,116000090,50000000002823,50000000002823,116000000,116000145,-1,0,50,0.40789944,2.6680357,2944,16.904202,24.50382,24.124746,31747,1,2,2,20.691452,19.610676,-87.83886,38,2.6680357,0.042955592,51.68398,61.209343,0.039939333,0.022170026,0.0,0.0,0.16626653,0.0,4.5993747E-4,1.0200676E-4,0.0,0.0,4.2644003E-4,0.039623555,0.0,0.0,0.0034140986,0.042955592,-16.37416,-16.897717,-17.41812,-17.85466,-19.117945,99.0,99.0,99.0,99.0,99.0,-16.29956,-16.838665,-17.3708,-17.820024,-19.107319,2.9141023,707
116000145,116000162,116000144,116000091,49000000002922,49000000002922,116000000,116000146,-1,0,49,0.45657724,2.6680357,2944,16.89913,24.495363,24.172834,31747,1,2,2,25.704258,16.47533,-95.9046,36,2.6680357,0.04223937,52.12032,61.833717,0.044332966,0.021553738,0.0,0.0014021433,0.16145109,0.0,4.7649894E-4,9.516282E-5,0.0,3.3086517E-6,3.8097773E-4,0.0,0.0,39.34239,0.00533555,0.012424434,-16.248922,-16.857605,-17.40109,-17.842596,-19.108257,99.0,99.0,99.0,99.0,99.0,-16.22315,-16.836346,-17.383884,-17.830076,-19.104595,2.6178265,201
116000146,116000162,116000145,116000092,48000000002185,48000000002185,116000000,116000147,-1,0,48,0.5085914,2.6680357,2944,16.88888,24.490612,24.219717,31747,1,2,2,33.320568,20.356153,-99.304214,48,2.6680357,0.041474883,52.59848,67.45975,0.044169143,0.021553738,0.0,0.0017176584,0.19210249,0.0,4.7611244E-4,9.516282E-5,0.0,4.0531763E-6,4.5330625E-4,0.0,0.0,39.49727,0.02085348,0.013587358,-16.608868,-17.135021,-17.631132,-18.048763,-19.29311,99.0,99.0,99.0,99.0,99.0,-16.60718,-17.13363,-17.630007,-18.047947,-19.29287,2.2419877,790
116000147,116000162,116000146,116000093,47000000002684,47000000002684,116000000,116000148,-1,0,47,0.5641766,3.098364,2944,16.863678,24.488653,24.246368,31747,1,2,2,25.614855,13.056671,-102.653854,38,3.098364,0.042739965,55.836617,60.42171,0.043951496,0.021553738,0.0,0.0,0.22977622,0.0,4.7559885E-4,9.516282E-5,0.0,0.0,5.4220535E-4,0.15119506,0.0,0.0,0.0026654215,0.042739965,-17.329544,-17.640776,-18.02278,-18.37553,-19.495443,99.0,99.0,99.0,99.0,99.0,-17.210812,-17.54554,-17.945848,-18.318619,-19.477076,1.8653119,538
116000148,116000162,116000147,116000094,46000000002683,46000000002683,116000000,116000149,-1,0,46,0.6235901,3.098364,2944,16.857388,24.469835,24.313938,31747,1,2,2,24.053158,11.335882,-106.55455,41,3.098364,0.041834667,56.437534,62.54519,0.06085507,0.01918641,0.0,0.0,0.21524002,0.0,5.1341054E-4,7.2666306E-5,0.0,0.0,4.0229387E-4,0.19873373,0.0,0.0,0.0032138187,0.041834667,-17.523705,-17.777527,-18.122887,-18.45571,-19.535217,99.0,99.0,99.0,99.0,99.0,-17.415394,-17.694391,-18.056952,-18.40647,-19.517197,1.6931611,531
116000149,116000162,116000148,116000095,45000000002601,45000000002601,116000000,116000150,-1,0,45,0.6871088,2.9262328,2944,16.836786,24.47343,24.361372,31747,1,2,2,27.020353,12.786841,-104.88557,38,2.9262328,0.04010815,56.015484,64.14683,0.082976244,0.016088357,0.0,0.0,0.18718576,0.0,5.114643E-4,5.041035E-5,0.0,0.0,2.6344083E-4,0.36552283,0.0,0.0,0.0032009883,0.04010815,-17.770775,-17.959675,-18.263649,-18.569386,-19.572521,99.0,99.0,99.0,99.0,99.0,-17.686636,-17.892735,-18.209913,-18.529335,-19.55841,1.6048604,322
116000150,116000162,116000149,116000096,44000000002180,44000000002180,116000000,116000151,-1,0,44,0.75503564,2.6680357,2944,16.833736,24.470058,24.42083,31751,1,2,2,42.858112,14.952438,-105.02677,47,2.6680357,0.03793771,54.99589,64.03881,0.12334259,0.010434348,0.0,0.0015163849,0.15158485,0.0,4.0242882E-4,2.4716768E-5,0.0,9.962941E-7,9.959417E-5,0.0,0.0,39.322407,0.01578889,0.0075239805,-16.122194,-16.534212,-16.963453,-17.335306,-18.39781,99.0,99.0,99.0,99.0,99.0,-16.121006,-16.533234,-16.962664,-17.334732,-18.397642,1.9919997,903
116000151,116000162,116000150,116000097,43000000002332,43000000002332,116000000,116000152,-1,0,43,0.8276991,2.7541015,2944,16.811142,24.457972,24.458498,31751,1,2,2,34.002556,1.8514829,-112.620285,42,2.7541015,0.037333045,56.32656,58.01664,0.12321077,0.010434348,0.0,0.0,0.18512133,0.0,4.023422E-4,2.4716768E-5,0.0,0.0,1.21628254E-4,0.18233342,0.0,0.0,0.0062582027,0.037333045,-17.174799,-17.371847,-17.67844,-17.97867,-18.929913,99.0,99.0,99.0,99.0,99.0,-17.161207,-17.361237,-17.670053,-17.972492,-18.92784,1.6244049,464
116000152,116000162,116000151,116000098,42000000002894,42000000002894,116000000,116000153,-1,0,42,0.9054624,3.18443,2944,16.782368,24.46664,24.520914,31751,1,2,2,35.9815,5.168581,-114.1357,39,3.18443,0.038082976,59.968113,62.337692,0.14230885,0.0076859947,0.0,0.025191741,0.15090083,0.0,3.1088057E-4,1.7346581E-5,0.0,1.3668302E-5,6.263042E-5,0.064069115,0.0,41.226883,0.009329275,0.025727144,-16.411512,-16.660646,-17.002712,-17.31737,-18.276089,99.0,99.0,99.0,99.0,99.0,-16.407366,-16.657616,-17.00042,-17.315733,-18.275585,1.7750293,679
116000153,116000162,116000152,116000099,41000000002844,41000000002844,116000000,116000154,-1,0,41,0.98870814,3.2704954,2944,16.785534,24.46408,24.567581,31751,1,2,2,39.68134,7.1954412,-112.88915,40,3.2704954,0.037272707,61.430107,65.05012,0.12894672,0.006737735,0.0,0.08935112,0.1194072,0.0,2.693243E-4,1.5373482E-5,0.0,1.6428281E-5,5.3491352E-5,0.043349575,0.0,41.869953,0.008607398,0.03226743,-16.209772,-16.47226,-16.824139,-17.144417,-18.121798,99.0,99.0,99.0,99.0,99.0,-16.206556,-16.469835,-16.822273,-17.143085,-18.121403,1.6457181,459
116000154,116000162,116000153,116000100,40000000002846,40000000002846,116000000,116000155,-1,0,40,1.0778745,2.5819702,2944,16.750397,24.469206,24.633282,31751,1,2,2,41.395496,7.161433,-112.90435,41,2.5819702,0.033353068,57.70025,69.24305,0.1148604,0.0061098645,0.0,0.02041832,0.105743036,0.0,2.4216744E-4,1.4052493E-5,0.0,7.779951E-6,5.7571833E-5,0.02330496,0.0,41.05362,0.009322717,0.021190738,-16.00352,-16.317488,-16.69765,-17.043941,-18.081783,99.0,99.0,99.0,99.0,99.0,-16.001715,-16.316065,-16.696526,-17.04313,-18.081547,1.4511262,729
116000155,116000162,116000154,116000101,39000000003131,39000000003131,116000000,116000156,-1,0,39,1.173417,2.4098387,2944,16.724964,24.476315,24.700554,31751,1,2,2,45.43998,1.7149297,-107.30469,31,2.4098387,0.03149744,57.36227,59.500305,0.11486424,0.005780738,0.0,0.0,0.106613554,0.0,2.2881312E-4,1.3376796E-5,0.0,0.0,6.205932E-5,0.08481553,0.0,0.0,0.0052047665,0.03149744,-16.873802,-17.004051,-17.271606,-17.524635,-18.39949,99.0,99.0,99.0,99.0,99.0,-16.866503,-16.998396,-17.267216,-17.52147,-18.39855,1.1846904,962
116000156,116000162,116000155,116000102,38000000002717,38000000002717,116000000,116000157,-1,0,38,1.2758462,1.6352477,2944,16.680098,24.469019,24.749126,31751,1,2,2,45.585953,0.33166477,-105.854454,42,1.6352477,0.026694851,51.327248,54.676514,0.04638353,0.004616826,0.0,0.006843912,0.06695068,0.0,1.713323E-4,1.1397754E-5,0.0,3.9313286E-6,5.6329332E-5,0.0,0.0,40.444828,0.007035913,0.016119821,-15.531002,-15.9251585,-16.33597,-16.689892,-17.725212,99.0,99.0,99.0,99.0,99.0,-15.528394,-15.923009,-16.33423,-16.688627,-17.724842,1.1365637,764
116000157,116000162,116000156,116000103,37000000003773,37000000003773,116000000,116000158,-1,0,37,1.3857181,1.032788,2944,16.642294,24.452879,24.799913,31751,1,2,2,50.721554,0.9903274,-102.05059,28,1.032788,0.022047207,44.884747,58.406765,0.02835336,0.004616826,0.0,0.0,0.0843048,0.0,1.6066266E-4,1.1397754E-5,0.0,0.0,7.093033E-5,0.06390945,0.0,0.0,0.0023663002,0.022047207,-16.358358,-16.580599,-16.8926,-17.193552,-18.139051,99.0,99.0,99.0,99.0,99.0,-16.286066,-16.52436,-16.848019,-17.160183,-18.127537,0.8172064,259
116000158,116000162,116000157,116000104,36000000004041,36000000004041,116000000,116000159,-1,0,36,1.5036365,1.1188537,2944,16.620464,24.460526,24.868958,31751,1,2,2,50.943653,-3.3267329,-101.84118,25,1.1188537,0.021755163,47.030052,50.745983,0.034205236,0.0037972757,0.0,0.0,0.079272464,0.0,1.4667578E-4,7.3650276E-6,0.0,0.0,4.581574E-5,0.08489671,0.0,0.0,0.0025517384,0.021755163,-16.482735,-16.6507,-16.922913,-17.199137,-18.081871,99.0,99.0,99.0,99.0,99.0,-16.457283,-16.630238,-16.906591,-17.187225,-18.078289,0.6491667,76
116000159,116000162,116000158,116000105,35000000004434,35000000004434,116000000,116000160,-1,0,35,1.6302707,1.2909851,2944,16.614332,24.459337,24.919106,31751,1,2,2,49.201427,-0.8935967,-102.87535,22,1.2909851,0.021881728,50.372066,54.63951,0.041682098,0.0027501467,0.0,0.0,0.07284275,0.0,1.1821588E-4,3.698629E-6,0.0,0.0,2.2830027E-5,0.117851175,0.0,0.0,0.002703951,0.021881728,-16.486,-16.588581,-16.816118,-17.052101,-17.8261,99.0,99.0,99.0,99.0,99.0,-16.46697,-16.573704,-16.804502,-17.043688,-17.823587,0.53877455,621
116000160,116000162,116000159,116000106,34000000004265,34000000004265,116000000,116000161,-1,0,34,1.766336,1.4631164,2944,16.569675,24.475027,24.978622,31750,1,2,2,52.57812,-1.4586473,-101.80658,23,1.4631164,0.02183747,53.679474,62.099228,0.0514209,0.0013567422,0.0,0.009936836,0.0572616,0.0,6.524575E-5,9.36241E-7,0.0,1.4458396E-6,3.779642E-6,0.009644105,0.0,40.902866,0.00461862,0.015160182,-15.010756,-15.169921,-15.421675,-15.6592655,-16.363586,99.0,99.0,99.0,99.0,99.0,-15.0091,-15.168621,-15.420652,-15.658532,-16.363375,0.6502516,581
116000161,116000162,116000160,116000107,33000000003834,33000000003834,116000000,116000162,-1,0,33,1.9126327,1.4631164,2944,16.533356,24.48419,25.01909,31750,1,2,2,52.763943,-2.182347,-98.21132,26,1.4631164,0.020865006,54.916157,56.200874,0.047456857,0.0012477828,0.0,0.013095037,0.06335055,0.0,5.9943763E-5,8.0083214E-7,0.0,1.3429327E-6,3.585232E-6,0.02397203,0.0,41.095867,0.0038301477,0.015619724,-15.358529,-15.453644,-15.665831,-15.88666,-16.56837,99.0,99.0,99.0,99.0,99.0,-15.356778,-15.4522,-15.664662,-15.885811,-16.568123,0.42660373,225
116000162,116000162,116000161,116000108,31000000003916,31000000003916,116000000,-1,-1,0,31,2.2394855,1.2049193,2944,16.506287,24.459045,25.15742,31750,1,2,2,50.295486,-4.7689314,-92.303665,24,1.2049193,0.017761001,54.015106,56.908485,0.044137284,7.4478297E-4,0.0,0.0026876703,0.05290859,0.0,3.686404E-5,2.7506294E-7,0.0,1.5620397E-7,1.9037903E-6,0.0769589,0.0,39.913567,0.0024158407,0.005780501,-16.126987,-16.031408,-16.10754,-16.172812,-16.477995,99.0,99.0,99.0,99.0,99.0,-16.120346,-16.026253,-16.10352,-16.169912,-16.477108,0.061606638,27